url,image,price,status,categories,name,name2,description,metatags_title,metatags_keywords,metatags_description
7-2702,http://tshop.r10s.jp/auc-automax/cabinet/02420218/02420235/img58126762.jpg?fitin=700:700,2298.4000,,花・ガーデン・DIY > 住宅建材・設備 > 壁材 > その他,カーボン(大) 柿♪リアルカーボンシート　糊付き/オレンジ135cm×1m　カーボン調シート耐熱/伸びる/3D 曲面対応/カッティング可能シート状内装/外装/インテリア/ウォールクロス/ボンネット/リアルドライカーボン/フィルム貼り方 施工/屋外/通販 販売,,"光沢が抑えられたリアルなカーボン調シートです。<BR>
３Ｄ曲面対応です。<BR>
非常に良く伸びますのでドライヤー無しでも十分<BR>
曲面に貼れます。<BR>
※当商品はハイクオリティの韓国製です。<BR>
全く伸びない中国製のものとは違い、良く伸び<BR>
非常に貼りやすいです。<BR>
<BR>
<BR>
ボンネットやバンパーなどの大きい場所、好きな<BR>場所への施工が可能。<BR>
<BR>
シートの裏に糊が付いておりますので、<BR>
お取り付けも簡単に作業出来ます。<BR>
３Ｄ曲面に張り付ける場合はドライヤーなどで<BR>
温めて頂ければ作業しやすくなります。<BR>
耐熱・耐水に優れ、色々な場所にお使い頂けます。
<BR>
シフトノブやエアコン吹き出し口などに。<BR>
<BR>
<BR>
A4サイズ、65cm×50cmも販売しております。<BR>
<BR>
<BR>
カラー　タイトルのものになります。<BR>
サイズ　幅135cm×100cm<BR>
※100cm以下での販売致しておりません。<BR>
※幅135cmの変更は出来ません。<BR>
<BR>
<BR>
100cm以上をご希望の方は希望の長さ(ｍ)分<BR>
ご購入下さい。<BR>
例　3ｍ希望　→　個数3で購入<BR>
<BR>
1ｍ～最長30ｍまで延長可能です。<BR>
10ｍ以上をご希望の方は在庫の有無をお電話にて<BR>
ご確認下さいますようお願い申し上げます。<BR>
一度に10m以上ご購入に関しましては<BR>
送料・代引き手数料当社が負担させて頂きます。<BR>
<BR>
<BR>
他カラー有り、全９色です。<BR>
<BR>
ブラウン・ゴールド・ダークブルー・スカイブルー<BR>
シルバー・ブラック・レッド・パールホワイト<BR>
ダークブラウン<BR>
<BR>
念の為、切り損じを1cm程度踏まえて<BR>
お考え下さい。<BR>
<BR> 
<BR>
ステッカー耐熱３Dリアルな質感で本物の<BR>
カーボン感覚を楽しんで下さい。<BR>
ボンネット、ルーフ、トランク、インパネ<BR>
オーディオコンソール等に最適です。<BR>
ドアの内張りにも張れます。<BR>
<BR>
<BR>
ハイエース、バイク、BMW、ワゴンR、ジムニー<BR>
アルファード等　あらゆる車種に使用できます。<BR>
BBS/SR400/NSR50/GPZ900Rなど<center>
<br>
<img SRC=http://image.rakuten.co.jp/auc-automax/cabinet/imgrc0067382276.gif width=670 height=400><BR>
<br>
<img SRC=http://image.rakuten.co.jp/auc-automax/cabinet/img60333004.gif width=670 height=120><BR>
<br>

<br></center>",カーボン(大) 柿♪リアルカーボンシート　糊付き/オレンジ135cm&times;1m　カーボン調シート耐熱/伸びる/3D 曲面対応/カッティング可能シート状内装/外装/インテリア/ウォールクロス/ボンネット/リアルドライカーボン/フィルム貼り方 施工/屋外/通販 販売：AUTOMAX izumi,カッティングシートモニタースタンドアルカンターラ調スエード生地シート汎用パーツ自動車アクセサリーメッキモール送料無料ステッカーカー用品バイク用品ドレスアップラグジュアリー内装外装カット済みカーフィルム大阪通販激安格安施工カーボン(大) 柿♪リアルカーボンシート　糊付き/オレンジ135cm&times;1m　カーボン調シート耐熱/伸びる/3D 曲面対応/カッティング可能シート状内装/外装/インテリア/ウォールクロス/ボンネット/リアルドライカーボン/フィルム貼り方 施工/屋外/通販 販売,この商品は送料 全国一律600円 です(北海道/沖縄除く)同梱可能。。カーボン(大) 柿♪リアルカーボンシート　糊付き/オレンジ135cm&times;1m　カーボン調シート耐熱/伸びる/3D 曲面対応/カッティング可能シート状内装/外装/インテリア/ウォールクロス/ボンネット/リアルドライカーボン/フィルム貼り方 施工/屋外/通販 販売
7-2703,http://tshop.r10s.jp/auc-automax/cabinet/02420218/02420238/img58125065.jpg?fitin=700:700,312.0000,,花・ガーデン・DIY > 住宅建材・設備 > 壁材 > その他,スエード(A4) 柿■【メール便 送料無料】スエード生地シート　糊付き オレンジ アルカンターラ調 30cm×20cmスエードシート バックスキン曲面対応 カッティング可能シート状 インテリア ウォールクロス 革 レザー検シール【RCP】,,"<TR> <TD HEIGHT=6></TD> <TD HEIGHT=6></TD> <TD HEIGHT=6></TD> </TR><BR><CENTER><FONT COLOR=#CCBBAA SIZE=4><B></B></FONT><BR><BR><TABLE WIDTH=600 CELLSPACING=1 BORDER=0 CELLPADDING=1 BGCOLOR=#CCCCCC><TR><TD BGCOLOR=#FF7F50><TABLE WIDTH=100% CELLSPACING=2 BORDER=0 CELLPADDING=5><TR><TD ALIGN=left BGCOLOR=#FF7F50><FONT COLOR=#333333 SIZE=3><B>★★商品説明★★</B></FONT></TD></TR></TABLE><TABLE WIDTH=100% CELLSPACING=2 BORDER=0 CELLPADDING=0><TR><TD HEIGHT=2 BGCOLOR=#CCBBAA></TD></TR></TABLE><TABLE WIDTH=100% CELLSPACING=2 BORDER=0 CELLPADDING=5><TR><TD ALIGN=left BGCOLOR=#FFF8EE><FONT COLOR=#333333 SIZE=3>高級感のある肌触りの良いスエード調シートです。<BR>
キメ細かなリアルな起毛の質感！<BR>
<BR>
曲面への施工も可能。<BR>
愛車の内張り・ダッシュボード・コンソール<BR>
肘掛け・メーターパネル等に使用すれば<BR>
格段と高級感がアップします。<BR>
<BR>
その他、<BR>
インテリアとして様々な場所にご使用頂けます。<BR>
大きい場所、好きな場所へ施工可能。<BR>
シートの裏に糊が付いておりますので、<BR>
お取り付けも簡単に出来ます。<BR>
<BR>
只今、人気急上昇中のお勧めの逸品です。<BR>
<br>【カラー】<br>
商品名（商品タイトル）記載のカラーです。<br>
※全14種類ございます。<br>
ブラック/レッド/ホワイト/ブルー/グレー<br>パープル/ピンク/オレンジ/ベージュ/ワインレッド<br>マスタードイエロー/ネイビーブルー/ブラウン/グリーン<br><br>
<br>
【サイズ】 <br>
商品名（商品タイトル）記載のサイズです。<br>
※全３種類ございます（幅の変更は出来ません）<br>
・Ａ４サイズ　→　幅30cm×20cm  <br>
・小　　　　　→　幅65cm×50cm<br>
・大　　　　　→　幅135cm×100cm<br>
※大サイズに関しまして<br>
100cm以上をご希望の方は希望の長さ(ｍ)分ご購入下さい。<BR>
一度に10m以上ご購入に関しましては送料・代引き手数料<BR>当社が負担させて頂きます。<BR>30mまでであれば1ｍ毎に延長可能。<br>
延長をご希望の場合は、希望の長さ（m）分ご購入下さい。<br>
長さ5ｍ以上をご希望の方は在庫の有無をお電話にて<br>
ご確認下さいますようお願い申し上げます。<br><br><br>
<br>
※色/伸び/質感に関する質問が多々御座いますがモニター環境に<br>
よって色味が異なったり、感じ方に個人差がございますので<br>
不安な方はサンプルセットをご購入の上、実物をご確認頂いてから<br>商品をご購入下さいますようお願い申し上げます。<BR><br>【サンプルセット購入はコチラ】<BR><BR>
購入後の上記理由での返品はお受けできません。<br>
<br>
【注意事項】<br>
※貼り付け・車検に関するご質問はお答え致しかねます。<br>
※取り付け前に必ず商品確認を行ってください。<br>
切断・加工後の返品交換は一切お受け致しかねます。<br>
※1枚ずつ業務用切り売りでスタッフが丁寧にカットしておりますが<br>
一部に断面が歪んだり欠けしまう場合が御座います。<br>
※念の為、切り損じを1cm程度(A4サイズは5mm程度)踏まえてお考え下さい。
</FONT></TD></TR></TABLE></TD></TR></TABLE><BR><BR><BR><TABLE WIDTH=600 CELLSPACING=1 BORDER=0 CELLPADDING=1 BGCOLOR=#CCCCCC><TR><TD BGCOLOR=#FF7F50><TABLE WIDTH=100% CELLSPACING=2 BORDER=0 CELLPADDING=5><TR><TD ALIGN=left BGCOLOR=#FF7F50><FONT COLOR=#333333 SIZE=3><B>★★発送方法/送料★★</B></FONT></TD></TR></TABLE><TABLE WIDTH=100% CELLSPACING=2 BORDER=0 CELLPADDING=0><TR><TD HEIGHT=2 BGCOLOR=#CCBBAA></TD></TR></TABLE><TABLE WIDTH=100% CELLSPACING=2 BORDER=0 CELLPADDING=5><TR><TD ALIGN=left BGCOLOR=#FFF8EE><FONT COLOR=#333333 SIZE=3>商品名に【送料無料】の記載がある場合は、送料無料です。<BR>※北海道・沖縄・離島除く<BR><BR><FONT SIZE=5>【全国送料表】</FONT>をご確認下さいませ。<BR><BR>複数の商品を同梱可能です。<BR>※同梱をご希望の場合、必ず同じお買い物カゴ（カート）でご注文下さい。<BR>※別々のお買い物カゴで注文された場合は別々に梱包し発送致します。<BR>その為、送料・代引き手数料は発送個数分請求させて頂きます。<BR><BR>★発送に関する注意事項★<BR>---------------------------------------- <BR>当方指定宅急便ですので配送業者は選択できません。 <BR>時間指定は対応いたしておりません。<BR>発送連絡に記載の問い合わせ番号でご自身でご確認頂けます。<BR>離島は発送が一日遅れます。 <BR>----------------------------------------<BR>★商品代引★　　<BR>宅急便送料+別途手数料３７０円 <BR>休業日　商品ページ左バナーカレンダーに記載</FONT></TD></TR></TABLE></TD></TR></TABLE><BR><TABLE WIDTH=600 CELLSPACING=1 BORDER=0 CELLPADDING=1 BGCOLOR=#CCCCCC><TR><TD BGCOLOR=#FF7F50><TABLE WIDTH=100% CELLSPACING=2 BORDER=0 CELLPADDING=5><TR><TD ALIGN=left BGCOLOR=#FF7F50><FONT COLOR=#333333 SIZE=3><B>★★支払方法★</B></FONT></TD></TR></TABLE><TABLE WIDTH=100% CELLSPACING=2 BORDER=0 CELLPADDING=0><TR><TD HEIGHT=2 BGCOLOR=#CCBBAA></TD></TR></TABLE><TABLE WIDTH=100% CELLSPACING=2 BORDER=0 CELLPADDING=5><TR><TD ALIGN=left BGCOLOR=#FFF8EE><FONT COLOR=#333333 SIZE=3>●楽天銀行　振込<BR>●商品代引<BR>●クレジットカード決済<BR>●コンビニ決済（前払い）<BR>●楽天Edy決済<BR>●auかんたん決済<BR></FONT></TD></TR></TABLE></TD></TR></TABLE><BR><IMG SRC=http://image.rakuten.co.jp/auc-automax/cabinet/03561925/img63193783.gif WIDTH=600><BR><BR></CENTER><center><BR><BR><img src=http://image.rakuten.co.jp/auc-automax/cabinet/03619501/cuttingsheet-cate/imgrc0068742328.gif width=195 alt=A4> <img src=http://image.rakuten.co.jp/auc-automax/cabinet/03619501/cuttingsheet-cate/imgrc0068742325.gif width=195 alt=65x50> <img src=http://image.rakuten.co.jp/auc-automax/cabinet/03619501/cuttingsheet-cate/imgrc0068742326.gif width=195 alt=135x100><BR><br>

<img src=http://image.rakuten.co.jp/auc-automax/cabinet/03619501/cuttingsheet-cate/imgrc0068742261.jpg width=195 alt=黒> 
<img src=http://image.rakuten.co.jp/auc-automax/cabinet/03619501/cuttingsheet-cate/imgrc0068742260.jpg width=195 alt=肌> 
<img src=http://image.rakuten.co.jp/auc-automax/cabinet/03619501/cuttingsheet-cate/imgrc0068742262.jpg width=195 alt=青><BR>
<img src=http://image.rakuten.co.jp/auc-automax/cabinet/03619501/cuttingsheet-cate/imgrc0068742263.jpg width=195 alt=茶> 
<img src=http://image.rakuten.co.jp/auc-automax/cabinet/03619501/cuttingsheet-cate/imgrc0068742264.jpg width=195 alt=灰> 
<img src=http://image.rakuten.co.jp/auc-automax/cabinet/03619501/cuttingsheet-cate/imgrc0068742265.jpg width=195 alt=緑><BR>
<img src=http://image.rakuten.co.jp/auc-automax/cabinet/03619501/cuttingsheet-cate/imgrc0068742266.jpg width=195 alt=紺> 
<img src=http://image.rakuten.co.jp/auc-automax/cabinet/03619501/cuttingsheet-cate/imgrc0068742267.jpg width=195 alt=柿> 
<img src=http://image.rakuten.co.jp/auc-automax/cabinet/03619501/cuttingsheet-cate/imgrc0068742268.jpg width=195 alt=桃><BR>
<img src=http://image.rakuten.co.jp/auc-automax/cabinet/03619501/cuttingsheet-cate/imgrc0068742269.jpg width=195> 
<img src=http://image.rakuten.co.jp/auc-automax/cabinet/03619501/cuttingsheet-cate/imgrc0068742270.jpg width=195> 
<img src=http://image.rakuten.co.jp/auc-automax/cabinet/03619501/cuttingsheet-cate/imgrc0068742271.jpg width=195><BR>
<img src=http://image.rakuten.co.jp/auc-automax/cabinet/03619501/cuttingsheet-cate/imgrc0068742276.jpg width=195> 
<img src=http://image.rakuten.co.jp/auc-automax/cabinet/03619501/cuttingsheet-cate/imgrc0068742277.jpg width=195> </center><center>
<br>
<img SRC=http://image.rakuten.co.jp/auc-automax/cabinet/imgrc0067382276.gif width=670 height=400><BR>
<br>
<img SRC=http://image.rakuten.co.jp/auc-automax/cabinet/img60333004.gif width=670 height=120><BR>
<br>

<br></center>",スエード(A4) 柿■【メール便 送料無料】スエード生地シート　糊付き オレンジ アルカンターラ調 30cm&times;20cmスエードシート バックスキン曲面対応 カッティング可能シート状 インテリア ウォールクロス 革 レザー検シール【RCP】：AUTOMAX izumi,カッティングシートモニタースタンドアルカンターラ調スエード生地シート汎用パーツ自動車アクセサリーメッキモール送料無料ステッカーカー用品バイク用品ドレスアップラグジュアリー内装外装カット済みカーフィルム大阪通販激安格安施工スエード(A4) 柿■【メール便 送料無料】スエード生地シート　糊付き オレンジ アルカンターラ調 30cm&times;20cmスエードシート バックスキン曲面対応 カッティング可能シート状 インテリア ウォールクロス 革 レザー検シール【RCP】,メール便送料無料。代引の場合は宅急便送料に変更し発送致します。スエード(A4) 柿■【メール便 送料無料】スエード生地シート　糊付き オレンジ アルカンターラ調 30cm&times;20cmスエードシート バックスキン曲面対応 カッティング可能シート状 インテリア ウォールクロス 革 レザー検シール【RCP】
7-2704,http://tshop.r10s.jp/auc-automax/cabinet/02420218/02420238/img58126745.jpg?fitin=700:700,1159.2000,,花・ガーデン・DIY > 住宅建材・設備 > 壁材 > その他,スエード(小) 灰●スエード生地シート　糊付き アルカンターラ調 グレー65cm×50cmスエードシートバックスキンルック曲面対応 カッティング可能シート状内装 インテリア ウォールクロス 革 レザー ステッカー シール,,"<TR> <TD HEIGHT=6></TD> <TD HEIGHT=6></TD> <TD HEIGHT=6></TD> </TR><BR><CENTER><FONT COLOR=#CCBBAA SIZE=4><B></B></FONT><BR><BR><TABLE WIDTH=600 CELLSPACING=1 BORDER=0 CELLPADDING=1 BGCOLOR=#CCCCCC><TR><TD BGCOLOR=#FF7F50><TABLE WIDTH=100% CELLSPACING=2 BORDER=0 CELLPADDING=5><TR><TD ALIGN=left BGCOLOR=#FF7F50><FONT COLOR=#333333 SIZE=3><B>★★商品説明★★</B></FONT></TD></TR></TABLE><TABLE WIDTH=100% CELLSPACING=2 BORDER=0 CELLPADDING=0><TR><TD HEIGHT=2 BGCOLOR=#CCBBAA></TD></TR></TABLE><TABLE WIDTH=100% CELLSPACING=2 BORDER=0 CELLPADDING=5><TR><TD ALIGN=left BGCOLOR=#FFF8EE><FONT COLOR=#333333 SIZE=3>高級感のある肌触りの良いスエード調シートです。<BR>
キメ細かなリアルな起毛の質感！<BR>
<BR>
曲面への施工も可能。<BR>
愛車の内張り・ダッシュボード・コンソール<BR>
肘掛け・メーターパネル等に使用すれば<BR>
格段と高級感がアップします。<BR>
<BR>
その他、<BR>
インテリアとして様々な場所にご使用頂けます。<BR>
大きい場所、好きな場所へ施工可能。<BR>
シートの裏に糊が付いておりますので、<BR>
お取り付けも簡単に出来ます。<BR>
<BR>
只今、人気急上昇中のお勧めの逸品です。<BR>
<br>【カラー】<br>
商品名（商品タイトル）記載のカラーです。<br>
※全14種類ございます。<br>
ブラック/レッド/ホワイト/ブルー/グレー<br>パープル/ピンク/オレンジ/ベージュ/ワインレッド<br>マスタードイエロー/ネイビーブルー/ブラウン/グリーン<br><br>
<br>
【サイズ】 <br>
商品名（商品タイトル）記載のサイズです。<br>
※全３種類ございます（幅の変更は出来ません）<br>
・Ａ４サイズ　→　幅30cm×20cm  <br>
・小　　　　　→　幅65cm×50cm<br>
・大　　　　　→　幅135cm×100cm<br>
※大サイズに関しまして<br>
100cm以上をご希望の方は希望の長さ(ｍ)分ご購入下さい。<BR>
一度に10m以上ご購入に関しましては送料・代引き手数料<BR>当社が負担させて頂きます。<BR>30mまでであれば1ｍ毎に延長可能。<br>
延長をご希望の場合は、希望の長さ（m）分ご購入下さい。<br>
長さ5ｍ以上をご希望の方は在庫の有無をお電話にて<br>
ご確認下さいますようお願い申し上げます。<br><br><br>
<br>
※色/伸び/質感に関する質問が多々御座いますがモニター環境に<br>
よって色味が異なったり、感じ方に個人差がございますので<br>
不安な方はサンプルセットをご購入の上、実物をご確認頂いてから<br>商品をご購入下さいますようお願い申し上げます。<BR><br>【サンプルセット購入はコチラ】<BR><BR>
購入後の上記理由での返品はお受けできません。<br>
<br>
【注意事項】<br>
※貼り付け・車検に関するご質問はお答え致しかねます。<br>
※取り付け前に必ず商品確認を行ってください。<br>
切断・加工後の返品交換は一切お受け致しかねます。<br>
※1枚ずつ業務用切り売りでスタッフが丁寧にカットしておりますが<br>
一部に断面が歪んだり欠けしまう場合が御座います。<br>
※念の為、切り損じを1cm程度(A4サイズは5mm程度)踏まえてお考え下さい。
</FONT></TD></TR></TABLE></TD></TR></TABLE><BR><BR><BR><TABLE WIDTH=600 CELLSPACING=1 BORDER=0 CELLPADDING=1 BGCOLOR=#CCCCCC><TR><TD BGCOLOR=#FF7F50><TABLE WIDTH=100% CELLSPACING=2 BORDER=0 CELLPADDING=5><TR><TD ALIGN=left BGCOLOR=#FF7F50><FONT COLOR=#333333 SIZE=3><B>★★発送方法/送料★★</B></FONT></TD></TR></TABLE><TABLE WIDTH=100% CELLSPACING=2 BORDER=0 CELLPADDING=0><TR><TD HEIGHT=2 BGCOLOR=#CCBBAA></TD></TR></TABLE><TABLE WIDTH=100% CELLSPACING=2 BORDER=0 CELLPADDING=5><TR><TD ALIGN=left BGCOLOR=#FFF8EE><FONT COLOR=#333333 SIZE=3>商品名に【送料無料】の記載がある場合は、送料無料です。<BR>※北海道・沖縄・離島除く<BR><BR><FONT SIZE=5>【全国送料表】</FONT>をご確認下さいませ。<BR><BR>複数の商品を同梱可能です。<BR>※同梱をご希望の場合、必ず同じお買い物カゴ（カート）でご注文下さい。<BR>※別々のお買い物カゴで注文された場合は別々に梱包し発送致します。<BR>その為、送料・代引き手数料は発送個数分請求させて頂きます。<BR><BR>★発送に関する注意事項★<BR>---------------------------------------- <BR>当方指定宅急便ですので配送業者は選択できません。 <BR>時間指定は対応いたしておりません。<BR>発送連絡に記載の問い合わせ番号でご自身でご確認頂けます。<BR>離島は発送が一日遅れます。 <BR>----------------------------------------<BR>★商品代引★　　<BR>宅急便送料+別途手数料３７０円 <BR>休業日　商品ページ左バナーカレンダーに記載</FONT></TD></TR></TABLE></TD></TR></TABLE><BR><TABLE WIDTH=600 CELLSPACING=1 BORDER=0 CELLPADDING=1 BGCOLOR=#CCCCCC><TR><TD BGCOLOR=#FF7F50><TABLE WIDTH=100% CELLSPACING=2 BORDER=0 CELLPADDING=5><TR><TD ALIGN=left BGCOLOR=#FF7F50><FONT COLOR=#333333 SIZE=3><B>★★支払方法★</B></FONT></TD></TR></TABLE><TABLE WIDTH=100% CELLSPACING=2 BORDER=0 CELLPADDING=0><TR><TD HEIGHT=2 BGCOLOR=#CCBBAA></TD></TR></TABLE><TABLE WIDTH=100% CELLSPACING=2 BORDER=0 CELLPADDING=5><TR><TD ALIGN=left BGCOLOR=#FFF8EE><FONT COLOR=#333333 SIZE=3>●楽天銀行　振込<BR>●商品代引<BR>●クレジットカード決済<BR>●コンビニ決済（前払い）<BR>●楽天Edy決済<BR>●auかんたん決済<BR></FONT></TD></TR></TABLE></TD></TR></TABLE><BR><IMG SRC=http://image.rakuten.co.jp/auc-automax/cabinet/03561925/img63193783.gif WIDTH=600><BR><BR></CENTER><center><BR><BR><img src=http://image.rakuten.co.jp/auc-automax/cabinet/03619501/cuttingsheet-cate/imgrc0068742328.gif width=195 alt=A4> <img src=http://image.rakuten.co.jp/auc-automax/cabinet/03619501/cuttingsheet-cate/imgrc0068742325.gif width=195 alt=65x50> <img src=http://image.rakuten.co.jp/auc-automax/cabinet/03619501/cuttingsheet-cate/imgrc0068742326.gif width=195 alt=135x100><BR><br>

<img src=http://image.rakuten.co.jp/auc-automax/cabinet/03619501/cuttingsheet-cate/imgrc0068742261.jpg width=195 alt=黒> 
<img src=http://image.rakuten.co.jp/auc-automax/cabinet/03619501/cuttingsheet-cate/imgrc0068742260.jpg width=195 alt=肌> 
<img src=http://image.rakuten.co.jp/auc-automax/cabinet/03619501/cuttingsheet-cate/imgrc0068742262.jpg width=195 alt=青><BR>
<img src=http://image.rakuten.co.jp/auc-automax/cabinet/03619501/cuttingsheet-cate/imgrc0068742263.jpg width=195 alt=茶> 
<img src=http://image.rakuten.co.jp/auc-automax/cabinet/03619501/cuttingsheet-cate/imgrc0068742264.jpg width=195 alt=灰> 
<img src=http://image.rakuten.co.jp/auc-automax/cabinet/03619501/cuttingsheet-cate/imgrc0068742265.jpg width=195 alt=緑><BR>
<img src=http://image.rakuten.co.jp/auc-automax/cabinet/03619501/cuttingsheet-cate/imgrc0068742266.jpg width=195 alt=紺> 
<img src=http://image.rakuten.co.jp/auc-automax/cabinet/03619501/cuttingsheet-cate/imgrc0068742267.jpg width=195 alt=柿> 
<img src=http://image.rakuten.co.jp/auc-automax/cabinet/03619501/cuttingsheet-cate/imgrc0068742268.jpg width=195 alt=桃><BR>
<img src=http://image.rakuten.co.jp/auc-automax/cabinet/03619501/cuttingsheet-cate/imgrc0068742269.jpg width=195> 
<img src=http://image.rakuten.co.jp/auc-automax/cabinet/03619501/cuttingsheet-cate/imgrc0068742270.jpg width=195> 
<img src=http://image.rakuten.co.jp/auc-automax/cabinet/03619501/cuttingsheet-cate/imgrc0068742271.jpg width=195><BR>
<img src=http://image.rakuten.co.jp/auc-automax/cabinet/03619501/cuttingsheet-cate/imgrc0068742276.jpg width=195> 
<img src=http://image.rakuten.co.jp/auc-automax/cabinet/03619501/cuttingsheet-cate/imgrc0068742277.jpg width=195> </center><center>
<br>
<img SRC=http://image.rakuten.co.jp/auc-automax/cabinet/imgrc0067382276.gif width=670 height=400><BR>
<br>
<img SRC=http://image.rakuten.co.jp/auc-automax/cabinet/img60333004.gif width=670 height=120><BR>
<br>

<br></center>",スエード(小) 灰●スエード生地シート　糊付き アルカンターラ調 グレー65cm&times;50cmスエードシートバックスキンルック曲面対応 カッティング可能シート状内装 インテリア ウォールクロス 革 レザー ステッカー シール：AUTOMAX izumi,カッティングシートモニタースタンドアルカンターラ調スエード生地シート汎用パーツ自動車アクセサリーメッキモール送料無料ステッカーカー用品バイク用品ドレスアップラグジュアリー内装外装カット済みカーフィルム大阪通販激安格安施工スエード(小) 灰●スエード生地シート　糊付き アルカンターラ調 グレー65cm&times;50cmスエードシートバックスキンルック曲面対応 カッティング可能シート状内装 インテリア ウォールクロス 革 レザー ステッカー シール,この商品は送料 全国一律600円 です(北海道/沖縄除く)同梱可能。。スエード(小) 灰●スエード生地シート　糊付き アルカンターラ調 グレー65cm&times;50cmスエードシートバックスキンルック曲面対応 カッティング可能シート状内装 インテリア ウォールクロス 革 レザー ステッカー シール
7-2705,http://tshop.r10s.jp/auc-automax/cabinet/soryoumuryou1/muryousorange.jpg?fitin=700:700,1258.4000,,花・ガーデン・DIY > 住宅建材・設備 > 壁材 > その他,スエード(小) 柿■【メール便 送料無料】スエード生地シート　糊付き アルカンターラ調 オレンジ65cm×50ｃｍスエードシートバックスキンルック曲面対応 カッティング可能シート状インテリア ウォールクロス 革 レザー【RCP】,メール便送料無料。代引の場合は宅急便送料に変更し発送致します,"<TR> <TD HEIGHT=6></TD> <TD HEIGHT=6></TD> <TD HEIGHT=6></TD> </TR><BR><CENTER><FONT COLOR=#CCBBAA SIZE=4><B></B></FONT><BR><BR><TABLE WIDTH=600 CELLSPACING=1 BORDER=0 CELLPADDING=1 BGCOLOR=#CCCCCC><TR><TD BGCOLOR=#FF7F50><TABLE WIDTH=100% CELLSPACING=2 BORDER=0 CELLPADDING=5><TR><TD ALIGN=left BGCOLOR=#FF7F50><FONT COLOR=#333333 SIZE=3><B>★★商品説明★★</B></FONT></TD></TR></TABLE><TABLE WIDTH=100% CELLSPACING=2 BORDER=0 CELLPADDING=0><TR><TD HEIGHT=2 BGCOLOR=#CCBBAA></TD></TR></TABLE><TABLE WIDTH=100% CELLSPACING=2 BORDER=0 CELLPADDING=5><TR><TD ALIGN=left BGCOLOR=#FFF8EE><FONT COLOR=#333333 SIZE=3>高級感のある肌触りの良いスエード調シートです。<BR>
キメ細かなリアルな起毛の質感！<BR>
<BR>
曲面への施工も可能。<BR>
愛車の内張り・ダッシュボード・コンソール<BR>
肘掛け・メーターパネル等に使用すれば<BR>
格段と高級感がアップします。<BR>
<BR>
その他、<BR>
インテリアとして様々な場所にご使用頂けます。<BR>
大きい場所、好きな場所へ施工可能。<BR>
シートの裏に糊が付いておりますので、<BR>
お取り付けも簡単に出来ます。<BR>
<BR>
只今、人気急上昇中のお勧めの逸品です。<BR>
<br>【カラー】<br>
商品名（商品タイトル）記載のカラーです。<br>
※全14種類ございます。<br>
ブラック/レッド/ホワイト/ブルー/グレー<br>パープル/ピンク/オレンジ/ベージュ/ワインレッド<br>マスタードイエロー/ネイビーブルー/ブラウン/グリーン<br><br>
<br>
【サイズ】 <br>
商品名（商品タイトル）記載のサイズです。<br>
※全３種類ございます（幅の変更は出来ません）<br>
・Ａ４サイズ　→　幅30cm×20cm  <br>
・小　　　　　→　幅65cm×50cm<br>
・大　　　　　→　幅135cm×100cm<br>
※大サイズに関しまして<br>
100cm以上をご希望の方は希望の長さ(ｍ)分ご購入下さい。<BR>
一度に10m以上ご購入に関しましては送料・代引き手数料<BR>当社が負担させて頂きます。<BR>30mまでであれば1ｍ毎に延長可能。<br>
延長をご希望の場合は、希望の長さ（m）分ご購入下さい。<br>
長さ5ｍ以上をご希望の方は在庫の有無をお電話にて<br>
ご確認下さいますようお願い申し上げます。<br><br><br>
<br>
※色/伸び/質感に関する質問が多々御座いますがモニター環境に<br>
よって色味が異なったり、感じ方に個人差がございますので<br>
不安な方はサンプルセットをご購入の上、実物をご確認頂いてから<br>商品をご購入下さいますようお願い申し上げます。<BR><br>【サンプルセット購入はコチラ】<BR><BR>
購入後の上記理由での返品はお受けできません。<br>
<br>
【注意事項】<br>
※貼り付け・車検に関するご質問はお答え致しかねます。<br>
※取り付け前に必ず商品確認を行ってください。<br>
切断・加工後の返品交換は一切お受け致しかねます。<br>
※1枚ずつ業務用切り売りでスタッフが丁寧にカットしておりますが<br>
一部に断面が歪んだり欠けしまう場合が御座います。<br>
※念の為、切り損じを1cm程度(A4サイズは5mm程度)踏まえてお考え下さい。
</FONT></TD></TR></TABLE></TD></TR></TABLE><BR><BR><BR><TABLE WIDTH=600 CELLSPACING=1 BORDER=0 CELLPADDING=1 BGCOLOR=#CCCCCC><TR><TD BGCOLOR=#FF7F50><TABLE WIDTH=100% CELLSPACING=2 BORDER=0 CELLPADDING=5><TR><TD ALIGN=left BGCOLOR=#FF7F50><FONT COLOR=#333333 SIZE=3><B>★★発送方法/送料★★</B></FONT></TD></TR></TABLE><TABLE WIDTH=100% CELLSPACING=2 BORDER=0 CELLPADDING=0><TR><TD HEIGHT=2 BGCOLOR=#CCBBAA></TD></TR></TABLE><TABLE WIDTH=100% CELLSPACING=2 BORDER=0 CELLPADDING=5><TR><TD ALIGN=left BGCOLOR=#FFF8EE><FONT COLOR=#333333 SIZE=3>商品名に【送料無料】の記載がある場合は、送料無料です。<BR>※北海道・沖縄・離島除く<BR><BR><FONT SIZE=5>【全国送料表】</FONT>をご確認下さいませ。<BR><BR>複数の商品を同梱可能です。<BR>※同梱をご希望の場合、必ず同じお買い物カゴ（カート）でご注文下さい。<BR>※別々のお買い物カゴで注文された場合は別々に梱包し発送致します。<BR>その為、送料・代引き手数料は発送個数分請求させて頂きます。<BR><BR>★発送に関する注意事項★<BR>---------------------------------------- <BR>当方指定宅急便ですので配送業者は選択できません。 <BR>時間指定は対応いたしておりません。<BR>発送連絡に記載の問い合わせ番号でご自身でご確認頂けます。<BR>離島は発送が一日遅れます。 <BR>----------------------------------------<BR>★商品代引★　　<BR>宅急便送料+別途手数料３７０円 <BR>休業日　商品ページ左バナーカレンダーに記載</FONT></TD></TR></TABLE></TD></TR></TABLE><BR><TABLE WIDTH=600 CELLSPACING=1 BORDER=0 CELLPADDING=1 BGCOLOR=#CCCCCC><TR><TD BGCOLOR=#FF7F50><TABLE WIDTH=100% CELLSPACING=2 BORDER=0 CELLPADDING=5><TR><TD ALIGN=left BGCOLOR=#FF7F50><FONT COLOR=#333333 SIZE=3><B>★★支払方法★</B></FONT></TD></TR></TABLE><TABLE WIDTH=100% CELLSPACING=2 BORDER=0 CELLPADDING=0><TR><TD HEIGHT=2 BGCOLOR=#CCBBAA></TD></TR></TABLE><TABLE WIDTH=100% CELLSPACING=2 BORDER=0 CELLPADDING=5><TR><TD ALIGN=left BGCOLOR=#FFF8EE><FONT COLOR=#333333 SIZE=3>●楽天銀行　振込<BR>●商品代引<BR>●クレジットカード決済<BR>●コンビニ決済（前払い）<BR>●楽天Edy決済<BR>●auかんたん決済<BR></FONT></TD></TR></TABLE></TD></TR></TABLE><BR><IMG SRC=http://image.rakuten.co.jp/auc-automax/cabinet/03561925/img63193783.gif WIDTH=600><BR><BR></CENTER><center><BR><BR><img src=http://image.rakuten.co.jp/auc-automax/cabinet/03619501/cuttingsheet-cate/imgrc0068742328.gif width=195 alt=A4> <img src=http://image.rakuten.co.jp/auc-automax/cabinet/03619501/cuttingsheet-cate/imgrc0068742325.gif width=195 alt=65x50> <img src=http://image.rakuten.co.jp/auc-automax/cabinet/03619501/cuttingsheet-cate/imgrc0068742326.gif width=195 alt=135x100><BR><br>

<img src=http://image.rakuten.co.jp/auc-automax/cabinet/03619501/cuttingsheet-cate/imgrc0068742261.jpg width=195 alt=黒> 
<img src=http://image.rakuten.co.jp/auc-automax/cabinet/03619501/cuttingsheet-cate/imgrc0068742260.jpg width=195 alt=肌> 
<img src=http://image.rakuten.co.jp/auc-automax/cabinet/03619501/cuttingsheet-cate/imgrc0068742262.jpg width=195 alt=青><BR>
<img src=http://image.rakuten.co.jp/auc-automax/cabinet/03619501/cuttingsheet-cate/imgrc0068742263.jpg width=195 alt=茶> 
<img src=http://image.rakuten.co.jp/auc-automax/cabinet/03619501/cuttingsheet-cate/imgrc0068742264.jpg width=195 alt=灰> 
<img src=http://image.rakuten.co.jp/auc-automax/cabinet/03619501/cuttingsheet-cate/imgrc0068742265.jpg width=195 alt=緑><BR>
<img src=http://image.rakuten.co.jp/auc-automax/cabinet/03619501/cuttingsheet-cate/imgrc0068742266.jpg width=195 alt=紺> 
<img src=http://image.rakuten.co.jp/auc-automax/cabinet/03619501/cuttingsheet-cate/imgrc0068742267.jpg width=195 alt=柿> 
<img src=http://image.rakuten.co.jp/auc-automax/cabinet/03619501/cuttingsheet-cate/imgrc0068742268.jpg width=195 alt=桃><BR>
<img src=http://image.rakuten.co.jp/auc-automax/cabinet/03619501/cuttingsheet-cate/imgrc0068742269.jpg width=195> 
<img src=http://image.rakuten.co.jp/auc-automax/cabinet/03619501/cuttingsheet-cate/imgrc0068742270.jpg width=195> 
<img src=http://image.rakuten.co.jp/auc-automax/cabinet/03619501/cuttingsheet-cate/imgrc0068742271.jpg width=195><BR>
<img src=http://image.rakuten.co.jp/auc-automax/cabinet/03619501/cuttingsheet-cate/imgrc0068742276.jpg width=195> 
<img src=http://image.rakuten.co.jp/auc-automax/cabinet/03619501/cuttingsheet-cate/imgrc0068742277.jpg width=195> </center><center>
<br>
<img SRC=http://image.rakuten.co.jp/auc-automax/cabinet/imgrc0067382276.gif width=670 height=400><BR>
<br>
<img SRC=http://image.rakuten.co.jp/auc-automax/cabinet/img60333004.gif width=670 height=120><BR>
<br>

<br></center>",スエード(小) 柿■【メール便 送料無料】スエード生地シート　糊付き アルカンターラ調 オレンジ65cm&times;50ｃｍスエードシートバックスキンルック曲面対応 カッティング可能シート状インテリア ウォールクロス 革 レザー【RCP】：AUTOMAX izumi,カッティングシートモニタースタンドアルカンターラ調スエード生地シート汎用パーツ自動車アクセサリーメッキモール送料無料ステッカーカー用品バイク用品ドレスアップラグジュアリー内装外装カット済みカーフィルム大阪通販激安格安施工スエード(小) 柿■【メール便 送料無料】スエード生地シート　糊付き アルカンターラ調 オレンジ65cm&times;50ｃｍスエードシートバックスキンルック曲面対応 カッティング可能シート状インテリア ウォールクロス 革 レザー【RCP】,メール便送料無料。代引の場合は宅急便送料に変更し発送致します。スエード(小) 柿■【メール便 送料無料】スエード生地シート　糊付き アルカンターラ調 オレンジ65cm&times;50ｃｍスエードシートバックスキンルック曲面対応 カッティング可能シート状インテリア ウォールクロス 革 レザー【RCP】
7-2706,http://tshop.r10s.jp/auc-automax/cabinet/02420218/cushion-suede/img65664386.jpg?fitin=700:700,2760.0000,,花・ガーデン・DIY > 住宅建材・設備 > 壁材 > その他,クッション付きスエードシート(大) 灰♪ウレタン スポンジ スエード生地 糊付き アルカンターラ調 135cm×1mグレー カッティング可 起毛 粘着 曲面インテリア ウォールクロス 天張り 天井 内装 ステッカー バックスキンルック シール ヌバック,この商品は送料 全国一律600円 です(北海道/沖縄除く)同梱可能。,"光沢が抑えられた肌触りの良いアルカンターラ調シートに<br>
<font color=""#cc0000"" size=""5"">ウレタンスポンジを付けた新しいスエード生地シートです。</font><br>
<br>
非常に面倒な車の内張りの天井の張替え…<br>
当商品で一発解決です！<br>
当商品の裏面には糊が付いておりますので、スプレー糊を使用し、<br>
張替え用の生地に糊(ボンド)が染み込み、見える部分がまだらになって<br>
しまうといったお悩みも同時に解消してくれます。<br>
<br>
３Ｄ曲面対応！<br>
段差のある接地面やザラザラ面、木材の切断面、お部屋の壁のパネルと<br>
パネルの間など、凹凸のある箇所に使用しても施工後表面がガタガタせず<br>
非常に綺麗な見栄えで仕上がります。<br>
<br>
当商品は当店のスエード生地シートと同じ生地にウレタンスポンジの<br>
クッションが付属したものですので、併用が可能です。<br>
<br>
<br>
ステッカー感覚で施工を楽しんで下さい。<br>
ルーフ、トランクルーム、インパネ、オーディオコンソール、<br>
ドアの内張りなどに最適です。<br>
自動車内装だけでなく、お部屋のインテリアファブリックとして<br>
ウォールステッカーや、壁紙などとしてもお使い頂けます。<br>
<br>
※当商品はハイクオリティの韓国製です。 <br>
安価な中国製のものとは全く違います。 <br>
<br>
<br>
【カラー】<br>
商品名（商品タイトル）記載のカラーです。<br>
※全６種類ございます。<br>
ブラック(黒)/オレンジ(柿)/レッド(赤)/ベージュ(肌色)/ブルー(青)/グレー(灰) <br>
<br>
【サイズ】 <br>
商品名（商品タイトル）記載のサイズです。<br>
※全３種類ございます（幅の変更は出来ません）<br>
・Ａ４サイズ　→　幅30cm×20cm  <br>
・小　　　　　→　幅65cm×50cm<br>
・大　　　　　→　幅135cm×100cm<br>
※大サイズに関しまして<br>
100cm以上をご希望の方は希望の長さ(ｍ)分ご購入下さい。<BR>
一度に10m以上ご購入に関しましては送料・代引き手数料<BR>当社が負担させて頂きます。<BR>10mまでであれば1ｍ毎に延長可能。10mを超える場合10ｍ毎にカット致します。<br>
延長をご希望の場合は、希望の長さ（m）分ご購入下さい。<br>
長さ5ｍ以上をご希望の方は在庫の有無をお電話にて<br>
ご確認下さいますようお願い申し上げます。<br><br><br>
 <br>
<font color=""#cc0000"" size=""3"">※色/伸び/質感に関する質問が多々御座いますがモニター環境に<br>
よって色味が異なったり、感じ方に個人差がございますので<br>
不安な方は1円出品しておりますサンプルセットをご購入の<br>
上、商品をご購入下さいますようお願い申し上げます。<br>
購入後の上記理由での返品はお受けできません。</font><br>
<br>
【注意事項】<br>
※貼り付け・車検に関するご質問はお答え致しかねます。<br>
※取り付け前に必ず商品確認を行ってください。<br>
切断・加工後の返品交換は一切お受け致しかねます。<br>
※1枚ずつ業務用切り売りでスタッフが丁寧にカットしておりますが<br>
一部に断面が歪んだり欠けしまう場合が御座います。<br>
※念の為、切り損じを1cm程度(A4サイズは5mm程度)踏まえてお考え下さい。<br><center>
<br>
<img SRC=http://image.rakuten.co.jp/auc-automax/cabinet/imgrc0067382276.gif width=670 height=400><BR>
<br>
<img SRC=http://image.rakuten.co.jp/auc-automax/cabinet/img60333004.gif width=670 height=120><BR>
<br>

<br></center>",クッション付きスエードシート(大) 灰♪ウレタン スポンジ スエード生地 糊付き アルカンターラ調 135cm&times;1mグレー カッティング可 起毛 粘着 曲面インテリア ウォールクロス 天張り 天井 内装 ステッカー バックスキンルック シール ヌバック：AUTOMAX izumi,カッティングシートモニタースタンドアルカンターラ調スエード生地シート汎用パーツ自動車アクセサリーメッキモール送料無料ステッカーカー用品バイク用品ドレスアップラグジュアリー内装外装カット済みカーフィルム大阪通販激安格安施工クッション付きスエードシート(大) 灰♪ウレタン スポンジ スエード生地 糊付き アルカンターラ調 135cm&times;1mグレー カッティング可 起毛 粘着 曲面インテリア ウォールクロス 天張り 天井 内装 ステッカー バックスキンルック シール ヌバック,この商品は送料 全国一律600円 です(北海道/沖縄除く)同梱可能。。クッション付きスエードシート(大) 灰♪ウレタン スポンジ スエード生地 糊付き アルカンターラ調 135cm&times;1mグレー カッティング可 起毛 粘着 曲面インテリア ウォールクロス 天張り 天井 内装 ステッカー バックスキンルック シール ヌバック
7-2707,http://tshop.r10s.jp/auc-automax/cabinet/02420218/cushion-suede/img65664368.jpg?fitin=700:700,1538.4000,,花・ガーデン・DIY > 住宅建材・設備 > 壁材 > その他,クッション付きスエードシート(小) ベージュ●ウレタン スポンジ スエード生地 糊付き アルカンターラ調 65cm×50cm肌色 カッティング可 起毛 粘着 曲面 革 レザー ヌバックインテリア ウォールクロス 天張り 天井 内装 ステッカー シール バックスキン,この商品は送料 全国一律600円 です(北海道/沖縄除く)同梱可能。,"光沢が抑えられた肌触りの良いアルカンターラ調シートに<br>
<font color=""#cc0000"" size=""5"">ウレタンスポンジを付けた新しいスエード生地シートです。</font><br>
<br>
非常に面倒な車の内張りの天井の張替え…<br>
当商品で一発解決です！<br>
当商品の裏面には糊が付いておりますので、スプレー糊を使用し、<br>
張替え用の生地に糊(ボンド)が染み込み、見える部分がまだらになって<br>
しまうといったお悩みも同時に解消してくれます。<br>
<br>
３Ｄ曲面対応！<br>
段差のある接地面やザラザラ面、木材の切断面、お部屋の壁のパネルと<br>
パネルの間など、凹凸のある箇所に使用しても施工後表面がガタガタせず<br>
非常に綺麗な見栄えで仕上がります。<br>
<br>
当商品は当店のスエード生地シートと同じ生地にウレタンスポンジの<br>
クッションが付属したものですので、併用が可能です。<br>
<br>
<br>
ステッカー感覚で施工を楽しんで下さい。<br>
ルーフ、トランクルーム、インパネ、オーディオコンソール、<br>
ドアの内張りなどに最適です。<br>
自動車内装だけでなく、お部屋のインテリアファブリックとして<br>
ウォールステッカーや、壁紙などとしてもお使い頂けます。<br>
<br>
※当商品はハイクオリティの韓国製です。 <br>
安価な中国製のものとは全く違います。 <br>
<br>
<br>
【カラー】<br>
商品名（商品タイトル）記載のカラーです。<br>
※全６種類ございます。<br>
ブラック(黒)/オレンジ(柿)/レッド(赤)/ベージュ(肌色)/ブルー(青)/グレー(灰) <br>
<br>
【サイズ】 <br>
商品名（商品タイトル）記載のサイズです。<br>
※全３種類ございます（幅の変更は出来ません）<br>
・Ａ４サイズ　→　幅30cm×20cm  <br>
・小　　　　　→　幅65cm×50cm<br>
・大　　　　　→　幅135cm×100cm<br>
※大サイズに関しまして<br>
100cm以上をご希望の方は希望の長さ(ｍ)分ご購入下さい。<BR>
一度に10m以上ご購入に関しましては送料・代引き手数料<BR>当社が負担させて頂きます。<BR>10mまでであれば1ｍ毎に延長可能。10mを超える場合10ｍ毎にカット致します。<br>
延長をご希望の場合は、希望の長さ（m）分ご購入下さい。<br>
長さ5ｍ以上をご希望の方は在庫の有無をお電話にて<br>
ご確認下さいますようお願い申し上げます。<br><br><br>
 <br>
<font color=""#cc0000"" size=""3"">※色/伸び/質感に関する質問が多々御座いますがモニター環境に<br>
よって色味が異なったり、感じ方に個人差がございますので<br>
不安な方は1円出品しておりますサンプルセットをご購入の<br>
上、商品をご購入下さいますようお願い申し上げます。<br>
購入後の上記理由での返品はお受けできません。</font><br>
<br>
【注意事項】<br>
※貼り付け・車検に関するご質問はお答え致しかねます。<br>
※取り付け前に必ず商品確認を行ってください。<br>
切断・加工後の返品交換は一切お受け致しかねます。<br>
※1枚ずつ業務用切り売りでスタッフが丁寧にカットしておりますが<br>
一部に断面が歪んだり欠けしまう場合が御座います。<br>
※念の為、切り損じを1cm程度(A4サイズは5mm程度)踏まえてお考え下さい。<br><center>
<br>
<img SRC=http://image.rakuten.co.jp/auc-automax/cabinet/imgrc0067382276.gif width=670 height=400><BR>
<br>
<img SRC=http://image.rakuten.co.jp/auc-automax/cabinet/img60333004.gif width=670 height=120><BR>
<br>

<br></center>",クッション付きスエードシート(小) ベージュ●ウレタン スポンジ スエード生地 糊付き アルカンターラ調 65cm&times;50cm肌色 カッティング可 起毛 粘着 曲面 革 レザー ヌバックインテリア ウォールクロス 天張り 天井 内装 ステッカー シール バックスキン：AUTOMAX izumi,カッティングシートモニタースタンドアルカンターラ調スエード生地シート汎用パーツ自動車アクセサリーメッキモール送料無料ステッカーカー用品バイク用品ドレスアップラグジュアリー内装外装カット済みカーフィルム大阪通販激安格安施工クッション付きスエードシート(小) ベージュ●ウレタン スポンジ スエード生地 糊付き アルカンターラ調 65cm&times;50cm肌色 カッティング可 起毛 粘着 曲面 革 レザー ヌバックインテリア ウォールクロス 天張り 天井 内装 ステッカー シール バックスキン,この商品は送料 全国一律600円 です(北海道/沖縄除く)同梱可能。。クッション付きスエードシート(小) ベージュ●ウレタン スポンジ スエード生地 糊付き アルカンターラ調 65cm&times;50cm肌色 カッティング可 起毛 粘着 曲面 革 レザー ヌバックインテリア ウォールクロス 天張り 天井 内装 ステッカー シール バックスキン
7-2708,http://tshop.r10s.jp/auc-automax/cabinet/02420218/trim-recovery-sheet/img65939885.gif?fitin=700:700,1538.4000,,花・ガーデン・DIY > 住宅建材・設備 > 壁材 > その他,純正トリム張替えシート(小) 灰●内装 張替用メッシュ生地 糊付き65cm×50cm グレーウレタン スポンジ付きスポーツニット曲面対応/カッティング可内装/肘掛け/ドア内張り/天井/張替え修理/補修/レストア/リペア検:レカロ/バケッド,この商品は送料 全国一律600円 です(北海道/沖縄除く)同梱可能。,"内装を蘇らせる純正トリム張替えシート登場!!<br>
<br>
欧州車によく見られる天井の垂れ下がりや、肘掛け、シート等の<br>
経年劣化による破れや汚れ、穴あき、引っかき傷などをお手軽!簡単に<BR>
純正同等に蘇らせる<BR><b><font color=""#cc0000"" size=""4"">ウレタンクッション付きのメッシュシート<BR>その名も　トリムリカバリーシート　です!!</font></b><br>
<br>
レカロシート、ブリッド等バケットシートの張替えや天井張替、ドア内張り、<BR>
内装の様々な加工・修復に使用出来、裏面には糊が付いておりますので<BR>
スプレー糊を使用したせいで張替え用の生地に糊(ボンド)が染み込み、<BR>
見える部分がまだらになってしまったといったお悩みも簡単に解決!<BR>
<br>
<br>
伸縮性・弾力性に非常に富み、3D曲面にも当然対応しております。<br>
また段差のある接地面やザラザラ面、木材の切断面、お部屋の壁のパネルと<BR>
パネルの間など、凹凸のある箇所に使用しても施工後 表面がガタガタせず<BR>
綺麗な見栄えで仕上がる張り易さ抜群のカッティング可能なシートです。<br>
※当商品はハイクオリティの韓国製です。 <br>
安価な中国製のものとは全く違います。 <br>
<br>
<BR>

<br>
<br>
【カラー】<br>
商品名（商品タイトル）記載のカラーです。<br>
※全3種類ございます。<br>
ブラック(黒色) / ベージュ(肌色) / グレー(灰) <br>
<br>
【サイズ】 <br>
商品名（商品タイトル）記載のサイズです。<br>
※全３種類ございます（幅の変更は出来ません）<br>
・Ａ４サイズ　→　幅30cm×20cm <br>
・小　　　　　→　幅65cm×50cm<br>
・大　　　　　→　幅135cm×100cm<br>
<br>
※大サイズに関しまして<br>
100cm以上をご希望の方は希望の長さ(ｍ)分ご購入下さい。<br>
一度に10m以上ご購入に関しましては送料・代引き手数料<br>
当社が負担させて頂きます。<br>
10mまでであれば1ｍ毎に延長可能。10mを超える場合10ｍ毎にカット致します。<br>
延長をご希望の場合は、希望の長さ（m）分ご購入下さい。<br>
長さ5ｍ以上をご希望の方は在庫の有無をお電話にて<br>
ご確認下さいますようお願い申し上げます。<br>
<br>
当商品と同様のウレタンスポンジクッションの付いたアルカンターラ調のスエード<br>
生地シート（クッション付きスエードシート）も販売しております。<br>
<br>クッション付きスエードシートの購入はコチラ<br><br>
<br>
ステッカー感覚でルーフ、トランクルーム、インパネ、オーディオ<BR>
コンソール等はもちろん、自動車の内装のみならず、お部屋の<BR>
インテリアファブリックやウォールステッカー、壁紙としても！<br>
<br>
<br>
<br><font color=""#cc0000"" size=""3"">※色/伸び/質感に関する質問が多々御座いますがモニター環境に<br>
よって色味が異なったり、感じ方に個人差がございますので<br>
不安な方は1円出品しておりますサンプルセットをご購入の上、<br>
商品をご購入下さいますようお願い申し上げます。<br>
購入後の上記理由での返品はお受けできません。</font><br><br>
サンプルセット購入はコチラ<br><br>
<br>
【注意事項】<br>
※貼り付け・車検に関するご質問はお答え致しかねます。<br>
※取り付け前に必ず商品確認を行ってください。<br>
切断・加工後の返品交換は一切お受け致しかねます。<br>
※1枚ずつ業務用切り売りでスタッフが丁寧にカットしておりますが<br>
一部に断面が歪んだり欠けしまう場合が御座います。<br>
※切り損じを1cm程度(A4サイズは5mm程度)踏まえてお考え下さい。<br>
<br>
アウディ,アウディー,レンジローバー,外車,ニュー ビートル,ジェッタ<br>
フォルクスワーゲン,オペル ベクトラ,オリジナル, BMW,ゴルフ,クワトロ<br>シトロエン,プジョー,ユーロ車,プリウス等あらゆる車種に使用可能!!<br><center>
<br>
<img SRC=http://image.rakuten.co.jp/auc-automax/cabinet/imgrc0067382276.gif width=670 height=400><BR>
<br>
<img SRC=http://image.rakuten.co.jp/auc-automax/cabinet/img60333004.gif width=670 height=120><BR>
<br>

<br></center>",純正トリム張替えシート(小) 灰●内装 張替用メッシュ生地 糊付き65cm&times;50cm グレーウレタン スポンジ付きスポーツニット曲面対応/カッティング可内装/肘掛け/ドア内張り/天井/張替え修理/補修/レストア/リペア検:レカロ/バケッド：AUTOMAX izumi,カッティングシートモニタースタンドアルカンターラ調スエード生地シート汎用パーツ自動車アクセサリーメッキモール送料無料ステッカーカー用品バイク用品ドレスアップラグジュアリー内装外装カット済みカーフィルム大阪通販激安格安施工純正トリム張替えシート(小) 灰●内装 張替用メッシュ生地 糊付き65cm&times;50cm グレーウレタン スポンジ付きスポーツニット曲面対応/カッティング可内装/肘掛け/ドア内張り/天井/張替え修理/補修/レストア/リペア検:レカロ/バケッド,この商品は送料 全国一律600円 です(北海道/沖縄除く)同梱可能。。純正トリム張替えシート(小) 灰●内装 張替用メッシュ生地 糊付き65cm&times;50cm グレーウレタン スポンジ付きスポーツニット曲面対応/カッティング可内装/肘掛け/ドア内張り/天井/張替え修理/補修/レストア/リペア検:レカロ/バケッド
7-2709,http://tshop.r10s.jp/auc-automax/cabinet/02420218/trim-recovery-sheet/img65939885.gif?fitin=700:700,1538.4000,,花・ガーデン・DIY > 住宅建材・設備 > 壁材 > その他,純正トリム張替えシート(小) 灰●内装 張替用メッシュ生地 糊付き65cm×50cm グレーウレタン スポンジ付きスポーツニット曲面対応/カッティング可内装/肘掛け/ドア内張り/天井/張替え修理/補修/レストア/リペア検:レカロ/バケッド,この商品は送料 全国一律600円 です(北海道/沖縄除く)同梱可能。,"内装を蘇らせる純正トリム張替えシート登場!!<br>
<br>
欧州車によく見られる天井の垂れ下がりや、肘掛け、シート等の<br>
経年劣化による破れや汚れ、穴あき、引っかき傷などをお手軽!簡単に<BR>
純正同等に蘇らせる<BR><b><font color=""#cc0000"" size=""4"">ウレタンクッション付きのメッシュシート<BR>その名も　トリムリカバリーシート　です!!</font></b><br>
<br>
レカロシート、ブリッド等バケットシートの張替えや天井張替、ドア内張り、<BR>
内装の様々な加工・修復に使用出来、裏面には糊が付いておりますので<BR>
スプレー糊を使用したせいで張替え用の生地に糊(ボンド)が染み込み、<BR>
見える部分がまだらになってしまったといったお悩みも簡単に解決!<BR>
<br>
<br>
伸縮性・弾力性に非常に富み、3D曲面にも当然対応しております。<br>
また段差のある接地面やザラザラ面、木材の切断面、お部屋の壁のパネルと<BR>
パネルの間など、凹凸のある箇所に使用しても施工後 表面がガタガタせず<BR>
綺麗な見栄えで仕上がる張り易さ抜群のカッティング可能なシートです。<br>
※当商品はハイクオリティの韓国製です。 <br>
安価な中国製のものとは全く違います。 <br>
<br>
<BR>

<br>
<br>
【カラー】<br>
商品名（商品タイトル）記載のカラーです。<br>
※全3種類ございます。<br>
ブラック(黒色) / ベージュ(肌色) / グレー(灰) <br>
<br>
【サイズ】 <br>
商品名（商品タイトル）記載のサイズです。<br>
※全３種類ございます（幅の変更は出来ません）<br>
・Ａ４サイズ　→　幅30cm×20cm <br>
・小　　　　　→　幅65cm×50cm<br>
・大　　　　　→　幅135cm×100cm<br>
<br>
※大サイズに関しまして<br>
100cm以上をご希望の方は希望の長さ(ｍ)分ご購入下さい。<br>
一度に10m以上ご購入に関しましては送料・代引き手数料<br>
当社が負担させて頂きます。<br>
10mまでであれば1ｍ毎に延長可能。10mを超える場合10ｍ毎にカット致します。<br>
延長をご希望の場合は、希望の長さ（m）分ご購入下さい。<br>
長さ5ｍ以上をご希望の方は在庫の有無をお電話にて<br>
ご確認下さいますようお願い申し上げます。<br>
<br>
当商品と同様のウレタンスポンジクッションの付いたアルカンターラ調のスエード<br>
生地シート（クッション付きスエードシート）も販売しております。<br>
<br>クッション付きスエードシートの購入はコチラ<br><br>
<br>
ステッカー感覚でルーフ、トランクルーム、インパネ、オーディオ<BR>
コンソール等はもちろん、自動車の内装のみならず、お部屋の<BR>
インテリアファブリックやウォールステッカー、壁紙としても！<br>
<br>
<br>
<br><font color=""#cc0000"" size=""3"">※色/伸び/質感に関する質問が多々御座いますがモニター環境に<br>
よって色味が異なったり、感じ方に個人差がございますので<br>
不安な方は1円出品しておりますサンプルセットをご購入の上、<br>
商品をご購入下さいますようお願い申し上げます。<br>
購入後の上記理由での返品はお受けできません。</font><br><br>
サンプルセット購入はコチラ<br><br>
<br>
【注意事項】<br>
※貼り付け・車検に関するご質問はお答え致しかねます。<br>
※取り付け前に必ず商品確認を行ってください。<br>
切断・加工後の返品交換は一切お受け致しかねます。<br>
※1枚ずつ業務用切り売りでスタッフが丁寧にカットしておりますが<br>
一部に断面が歪んだり欠けしまう場合が御座います。<br>
※切り損じを1cm程度(A4サイズは5mm程度)踏まえてお考え下さい。<br>
<br>
アウディ,アウディー,レンジローバー,外車,ニュー ビートル,ジェッタ<br>
フォルクスワーゲン,オペル ベクトラ,オリジナル, BMW,ゴルフ,クワトロ<br>シトロエン,プジョー,ユーロ車,プリウス等あらゆる車種に使用可能!!<br><center>
<br>
<img SRC=http://image.rakuten.co.jp/auc-automax/cabinet/imgrc0067382276.gif width=670 height=400><BR>
<br>
<img SRC=http://image.rakuten.co.jp/auc-automax/cabinet/img60333004.gif width=670 height=120><BR>
<br>

<br></center>",純正トリム張替えシート(小) 灰●内装 張替用メッシュ生地 糊付き65cm&times;50cm グレーウレタン スポンジ付きスポーツニット曲面対応/カッティング可内装/肘掛け/ドア内張り/天井/張替え修理/補修/レストア/リペア検:レカロ/バケッド：AUTOMAX izumi,カッティングシートモニタースタンドアルカンターラ調スエード生地シート汎用パーツ自動車アクセサリーメッキモール送料無料ステッカーカー用品バイク用品ドレスアップラグジュアリー内装外装カット済みカーフィルム大阪通販激安格安施工純正トリム張替えシート(小) 灰●内装 張替用メッシュ生地 糊付き65cm&times;50cm グレーウレタン スポンジ付きスポーツニット曲面対応/カッティング可内装/肘掛け/ドア内張り/天井/張替え修理/補修/レストア/リペア検:レカロ/バケッド,この商品は送料 全国一律600円 です(北海道/沖縄除く)同梱可能。。純正トリム張替えシート(小) 灰●内装 張替用メッシュ生地 糊付き65cm&times;50cm グレーウレタン スポンジ付きスポーツニット曲面対応/カッティング可内装/肘掛け/ドア内張り/天井/張替え修理/補修/レストア/リペア検:レカロ/バケッド
7-2710,http://tshop.r10s.jp/auc-automax/cabinet/02420218/cushion-suede/img65664382.jpg?fitin=700:700,2760.0000,,花・ガーデン・DIY > 住宅建材・設備 > 壁材 > その他,クッション付きスエードシート(大) ベージュ♪ウレタン スポンジ スエード生地 糊付き アルカンターラ調 135cm×1m肌色 カッティング可 起毛 粘着 曲面インテリア ウォールクロス 天張り 天井 内装 ステッカー バックスキンルック シール ヌバック,この商品は送料 全国一律600円 です(北海道/沖縄除く)同梱可能。,"光沢が抑えられた肌触りの良いアルカンターラ調シートに<br>
<font color=""#cc0000"" size=""5"">ウレタンスポンジを付けた新しいスエード生地シートです。</font><br>
<br>
非常に面倒な車の内張りの天井の張替え…<br>
当商品で一発解決です！<br>
当商品の裏面には糊が付いておりますので、スプレー糊を使用し、<br>
張替え用の生地に糊(ボンド)が染み込み、見える部分がまだらになって<br>
しまうといったお悩みも同時に解消してくれます。<br>
<br>
３Ｄ曲面対応！<br>
段差のある接地面やザラザラ面、木材の切断面、お部屋の壁のパネルと<br>
パネルの間など、凹凸のある箇所に使用しても施工後表面がガタガタせず<br>
非常に綺麗な見栄えで仕上がります。<br>
<br>
当商品は当店のスエード生地シートと同じ生地にウレタンスポンジの<br>
クッションが付属したものですので、併用が可能です。<br>
<br>
<br>
ステッカー感覚で施工を楽しんで下さい。<br>
ルーフ、トランクルーム、インパネ、オーディオコンソール、<br>
ドアの内張りなどに最適です。<br>
自動車内装だけでなく、お部屋のインテリアファブリックとして<br>
ウォールステッカーや、壁紙などとしてもお使い頂けます。<br>
<br>
※当商品はハイクオリティの韓国製です。 <br>
安価な中国製のものとは全く違います。 <br>
<br>
<br>
【カラー】<br>
商品名（商品タイトル）記載のカラーです。<br>
※全６種類ございます。<br>
ブラック(黒)/オレンジ(柿)/レッド(赤)/ベージュ(肌色)/ブルー(青)/グレー(灰) <br>
<br>
【サイズ】 <br>
商品名（商品タイトル）記載のサイズです。<br>
※全３種類ございます（幅の変更は出来ません）<br>
・Ａ４サイズ　→　幅30cm×20cm  <br>
・小　　　　　→　幅65cm×50cm<br>
・大　　　　　→　幅135cm×100cm<br>
※大サイズに関しまして<br>
100cm以上をご希望の方は希望の長さ(ｍ)分ご購入下さい。<BR>
一度に10m以上ご購入に関しましては送料・代引き手数料<BR>当社が負担させて頂きます。<BR>10mまでであれば1ｍ毎に延長可能。10mを超える場合10ｍ毎にカット致します。<br>
延長をご希望の場合は、希望の長さ（m）分ご購入下さい。<br>
長さ5ｍ以上をご希望の方は在庫の有無をお電話にて<br>
ご確認下さいますようお願い申し上げます。<br><br><br>
 <br>
<font color=""#cc0000"" size=""3"">※色/伸び/質感に関する質問が多々御座いますがモニター環境に<br>
よって色味が異なったり、感じ方に個人差がございますので<br>
不安な方は1円出品しておりますサンプルセットをご購入の<br>
上、商品をご購入下さいますようお願い申し上げます。<br>
購入後の上記理由での返品はお受けできません。</font><br>
<br>
【注意事項】<br>
※貼り付け・車検に関するご質問はお答え致しかねます。<br>
※取り付け前に必ず商品確認を行ってください。<br>
切断・加工後の返品交換は一切お受け致しかねます。<br>
※1枚ずつ業務用切り売りでスタッフが丁寧にカットしておりますが<br>
一部に断面が歪んだり欠けしまう場合が御座います。<br>
※念の為、切り損じを1cm程度(A4サイズは5mm程度)踏まえてお考え下さい。<br><center>
<br>
<img SRC=http://image.rakuten.co.jp/auc-automax/cabinet/imgrc0067382276.gif width=670 height=400><BR>
<br>
<img SRC=http://image.rakuten.co.jp/auc-automax/cabinet/img60333004.gif width=670 height=120><BR>
<br>

<br></center>",クッション付きスエードシート(大) ベージュ♪ウレタン スポンジ スエード生地 糊付き アルカンターラ調 135cm&times;1m肌色 カッティング可 起毛 粘着 曲面インテリア ウォールクロス 天張り 天井 内装 ステッカー バックスキンルック シール ヌバック：AUTOMAX izumi,カッティングシートモニタースタンドアルカンターラ調スエード生地シート汎用パーツ自動車アクセサリーメッキモール送料無料ステッカーカー用品バイク用品ドレスアップラグジュアリー内装外装カット済みカーフィルム大阪通販激安格安施工クッション付きスエードシート(大) ベージュ♪ウレタン スポンジ スエード生地 糊付き アルカンターラ調 135cm&times;1m肌色 カッティング可 起毛 粘着 曲面インテリア ウォールクロス 天張り 天井 内装 ステッカー バックスキンルック シール ヌバック,この商品は送料 全国一律600円 です(北海道/沖縄除く)同梱可能。。クッション付きスエードシート(大) ベージュ♪ウレタン スポンジ スエード生地 糊付き アルカンターラ調 135cm&times;1m肌色 カッティング可 起毛 粘着 曲面インテリア ウォールクロス 天張り 天井 内装 ステッカー バックスキンルック シール ヌバック
7-2711,http://tshop.r10s.jp/auc-automax/cabinet/02420218/cushion-suede/img65664392.jpg?fitin=700:700,402.4000,,花・ガーデン・DIY > 住宅建材・設備 > 壁材 > その他,クッション付きスエードシート(A4) 黒■【メール便 送料無料】ウレタン スポンジ スエード生地 糊付き アルカンターラ調 30cm×20cmブラック カッティング可 起毛 粘着インテリア ウォールクロス 天張り 天井 内装  シール バックスキン【RCP】,メール便送料無料。代引の場合は宅急便送料に変更し発送致します,"光沢が抑えられた肌触りの良いアルカンターラ調シートに<br>
<font color=""#cc0000"" size=""5"">ウレタンスポンジを付けた新しいスエード生地シートです。</font><br>
<br>
非常に面倒な車の内張りの天井の張替え…<br>
当商品で一発解決です！<br>
当商品の裏面には糊が付いておりますので、スプレー糊を使用し、<br>
張替え用の生地に糊(ボンド)が染み込み、見える部分がまだらになって<br>
しまうといったお悩みも同時に解消してくれます。<br>
<br>
３Ｄ曲面対応！<br>
段差のある接地面やザラザラ面、木材の切断面、お部屋の壁のパネルと<br>
パネルの間など、凹凸のある箇所に使用しても施工後表面がガタガタせず<br>
非常に綺麗な見栄えで仕上がります。<br>
<br>
当商品は当店のスエード生地シートと同じ生地にウレタンスポンジの<br>
クッションが付属したものですので、併用が可能です。<br>
<br>
<br>
ステッカー感覚で施工を楽しんで下さい。<br>
ルーフ、トランクルーム、インパネ、オーディオコンソール、<br>
ドアの内張りなどに最適です。<br>
自動車内装だけでなく、お部屋のインテリアファブリックとして<br>
ウォールステッカーや、壁紙などとしてもお使い頂けます。<br>
<br>
※当商品はハイクオリティの韓国製です。 <br>
安価な中国製のものとは全く違います。 <br>
<br>
<br>
【カラー】<br>
商品名（商品タイトル）記載のカラーです。<br>
※全６種類ございます。<br>
ブラック(黒)/オレンジ(柿)/レッド(赤)/ベージュ(肌色)/ブルー(青)/グレー(灰) <br>
<br>
【サイズ】 <br>
商品名（商品タイトル）記載のサイズです。<br>
※全３種類ございます（幅の変更は出来ません）<br>
・Ａ４サイズ　→　幅30cm×20cm  <br>
・小　　　　　→　幅65cm×50cm<br>
・大　　　　　→　幅135cm×100cm<br>
※大サイズに関しまして<br>
100cm以上をご希望の方は希望の長さ(ｍ)分ご購入下さい。<BR>
一度に10m以上ご購入に関しましては送料・代引き手数料<BR>当社が負担させて頂きます。<BR>10mまでであれば1ｍ毎に延長可能。10mを超える場合10ｍ毎にカット致します。<br>
延長をご希望の場合は、希望の長さ（m）分ご購入下さい。<br>
長さ5ｍ以上をご希望の方は在庫の有無をお電話にて<br>
ご確認下さいますようお願い申し上げます。<br><br><br>
 <br>
<font color=""#cc0000"" size=""3"">※色/伸び/質感に関する質問が多々御座いますがモニター環境に<br>
よって色味が異なったり、感じ方に個人差がございますので<br>
不安な方は1円出品しておりますサンプルセットをご購入の<br>
上、商品をご購入下さいますようお願い申し上げます。<br>
購入後の上記理由での返品はお受けできません。</font><br>
<br>
【注意事項】<br>
※貼り付け・車検に関するご質問はお答え致しかねます。<br>
※取り付け前に必ず商品確認を行ってください。<br>
切断・加工後の返品交換は一切お受け致しかねます。<br>
※1枚ずつ業務用切り売りでスタッフが丁寧にカットしておりますが<br>
一部に断面が歪んだり欠けしまう場合が御座います。<br>
※念の為、切り損じを1cm程度(A4サイズは5mm程度)踏まえてお考え下さい。<br><center>
<br>
<img SRC=http://image.rakuten.co.jp/auc-automax/cabinet/imgrc0067382276.gif width=670 height=400><BR>
<br>
<img SRC=http://image.rakuten.co.jp/auc-automax/cabinet/img60333004.gif width=670 height=120><BR>
<br>

<br></center>",クッション付きスエードシート(A4) 黒■【メール便 送料無料】ウレタン スポンジ スエード生地 糊付き アルカンターラ調 30cm&times;20cmブラック カッティング可 起毛 粘着インテリア ウォールクロス 天張り 天井 内装  シール バックスキン【RCP】：AUTOMAX izumi,カッティングシートモニタースタンドアルカンターラ調スエード生地シート汎用パーツ自動車アクセサリーメッキモール送料無料ステッカーカー用品バイク用品ドレスアップラグジュアリー内装外装カット済みカーフィルム大阪通販激安格安施工クッション付きスエードシート(A4) 黒■【メール便 送料無料】ウレタン スポンジ スエード生地 糊付き アルカンターラ調 30cm&times;20cmブラック カッティング可 起毛 粘着インテリア ウォールクロス 天張り 天井 内装  シール バックスキン【RCP】,メール便送料無料。代引の場合は宅急便送料に変更し発送致します。クッション付きスエードシート(A4) 黒■【メール便 送料無料】ウレタン スポンジ スエード生地 糊付き アルカンターラ調 30cm&times;20cmブラック カッティング可 起毛 粘着インテリア ウォールクロス 天張り 天井 内装  シール バックスキン【RCP】
7-2712,http://tshop.r10s.jp/auc-automax/cabinet/02420218/cushion-suede/img65664406.jpg?fitin=700:700,402.4000,,花・ガーデン・DIY > 住宅建材・設備 > 壁材 > その他,クッション付きスエードシート(A4) 赤■【メール便 送料無料】ウレタン スポンジ スエード生地 糊付 アルカンターラ調 30cm×20cmレッド カッティング可 起毛 粘着インテリア ウォールクロス 天張り 天井 内装 ステッカー シール バックスキン【RCP】,メール便送料無料。代引の場合は宅急便送料に変更し発送致します,"光沢が抑えられた肌触りの良いアルカンターラ調シートに<br>
<font color=""#cc0000"" size=""5"">ウレタンスポンジを付けた新しいスエード生地シートです。</font><br>
<br>
非常に面倒な車の内張りの天井の張替え…<br>
当商品で一発解決です！<br>
当商品の裏面には糊が付いておりますので、スプレー糊を使用し、<br>
張替え用の生地に糊(ボンド)が染み込み、見える部分がまだらになって<br>
しまうといったお悩みも同時に解消してくれます。<br>
<br>
３Ｄ曲面対応！<br>
段差のある接地面やザラザラ面、木材の切断面、お部屋の壁のパネルと<br>
パネルの間など、凹凸のある箇所に使用しても施工後表面がガタガタせず<br>
非常に綺麗な見栄えで仕上がります。<br>
<br>
当商品は当店のスエード生地シートと同じ生地にウレタンスポンジの<br>
クッションが付属したものですので、併用が可能です。<br>
<br>
<br>
ステッカー感覚で施工を楽しんで下さい。<br>
ルーフ、トランクルーム、インパネ、オーディオコンソール、<br>
ドアの内張りなどに最適です。<br>
自動車内装だけでなく、お部屋のインテリアファブリックとして<br>
ウォールステッカーや、壁紙などとしてもお使い頂けます。<br>
<br>
※当商品はハイクオリティの韓国製です。 <br>
安価な中国製のものとは全く違います。 <br>
<br>
<br>
【カラー】<br>
商品名（商品タイトル）記載のカラーです。<br>
※全６種類ございます。<br>
ブラック(黒)/オレンジ(柿)/レッド(赤)/ベージュ(肌色)/ブルー(青)/グレー(灰) <br>
<br>
【サイズ】 <br>
商品名（商品タイトル）記載のサイズです。<br>
※全３種類ございます（幅の変更は出来ません）<br>
・Ａ４サイズ　→　幅30cm×20cm  <br>
・小　　　　　→　幅65cm×50cm<br>
・大　　　　　→　幅135cm×100cm<br>
※大サイズに関しまして<br>
100cm以上をご希望の方は希望の長さ(ｍ)分ご購入下さい。<BR>
一度に10m以上ご購入に関しましては送料・代引き手数料<BR>当社が負担させて頂きます。<BR>10mまでであれば1ｍ毎に延長可能。10mを超える場合10ｍ毎にカット致します。<br>
延長をご希望の場合は、希望の長さ（m）分ご購入下さい。<br>
長さ5ｍ以上をご希望の方は在庫の有無をお電話にて<br>
ご確認下さいますようお願い申し上げます。<br><br><br>
 <br>
<font color=""#cc0000"" size=""3"">※色/伸び/質感に関する質問が多々御座いますがモニター環境に<br>
よって色味が異なったり、感じ方に個人差がございますので<br>
不安な方は1円出品しておりますサンプルセットをご購入の<br>
上、商品をご購入下さいますようお願い申し上げます。<br>
購入後の上記理由での返品はお受けできません。</font><br>
<br>
【注意事項】<br>
※貼り付け・車検に関するご質問はお答え致しかねます。<br>
※取り付け前に必ず商品確認を行ってください。<br>
切断・加工後の返品交換は一切お受け致しかねます。<br>
※1枚ずつ業務用切り売りでスタッフが丁寧にカットしておりますが<br>
一部に断面が歪んだり欠けしまう場合が御座います。<br>
※念の為、切り損じを1cm程度(A4サイズは5mm程度)踏まえてお考え下さい。<br><center>
<br>
<img SRC=http://image.rakuten.co.jp/auc-automax/cabinet/imgrc0067382276.gif width=670 height=400><BR>
<br>
<img SRC=http://image.rakuten.co.jp/auc-automax/cabinet/img60333004.gif width=670 height=120><BR>
<br>

<br></center>",クッション付きスエードシート(A4) 赤■【メール便 送料無料】ウレタン スポンジ スエード生地 糊付 アルカンターラ調 30cm&times;20cmレッド カッティング可 起毛 粘着インテリア ウォールクロス 天張り 天井 内装 ステッカー シール バックスキン【RCP】：AUTOMAX izumi,カッティングシートモニタースタンドアルカンターラ調スエード生地シート汎用パーツ自動車アクセサリーメッキモール送料無料ステッカーカー用品バイク用品ドレスアップラグジュアリー内装外装カット済みカーフィルム大阪通販激安格安施工クッション付きスエードシート(A4) 赤■【メール便 送料無料】ウレタン スポンジ スエード生地 糊付 アルカンターラ調 30cm&times;20cmレッド カッティング可 起毛 粘着インテリア ウォールクロス 天張り 天井 内装 ステッカー シール バックスキン【RCP】,メール便送料無料。代引の場合は宅急便送料に変更し発送致します。クッション付きスエードシート(A4) 赤■【メール便 送料無料】ウレタン スポンジ スエード生地 糊付 アルカンターラ調 30cm&times;20cmレッド カッティング可 起毛 粘着インテリア ウォールクロス 天張り 天井 内装 ステッカー シール バックスキン【RCP】
7-2713,http://tshop.r10s.jp/auc-automax/cabinet/02420218/trim-recovery-sheet/img65939885.gif?fitin=700:700,1538.4000,,花・ガーデン・DIY > 住宅建材・設備 > 壁材 > その他,純正トリム張替えシート(小) 灰●内装 張替用メッシュ生地 糊付き65cm×50cm グレーウレタン スポンジ付きスポーツニット曲面対応/カッティング可内装/肘掛け/ドア内張り/天井/張替え修理/補修/レストア/リペア検:レカロ/バケッド,この商品は送料 全国一律600円 です(北海道/沖縄除く)同梱可能。,"内装を蘇らせる純正トリム張替えシート登場!!<br>
<br>
欧州車によく見られる天井の垂れ下がりや、肘掛け、シート等の<br>
経年劣化による破れや汚れ、穴あき、引っかき傷などをお手軽!簡単に<BR>
純正同等に蘇らせる<BR><b><font color=""#cc0000"" size=""4"">ウレタンクッション付きのメッシュシート<BR>その名も　トリムリカバリーシート　です!!</font></b><br>
<br>
レカロシート、ブリッド等バケットシートの張替えや天井張替、ドア内張り、<BR>
内装の様々な加工・修復に使用出来、裏面には糊が付いておりますので<BR>
スプレー糊を使用したせいで張替え用の生地に糊(ボンド)が染み込み、<BR>
見える部分がまだらになってしまったといったお悩みも簡単に解決!<BR>
<br>
<br>
伸縮性・弾力性に非常に富み、3D曲面にも当然対応しております。<br>
また段差のある接地面やザラザラ面、木材の切断面、お部屋の壁のパネルと<BR>
パネルの間など、凹凸のある箇所に使用しても施工後 表面がガタガタせず<BR>
綺麗な見栄えで仕上がる張り易さ抜群のカッティング可能なシートです。<br>
※当商品はハイクオリティの韓国製です。 <br>
安価な中国製のものとは全く違います。 <br>
<br>
<BR>

<br>
<br>
【カラー】<br>
商品名（商品タイトル）記載のカラーです。<br>
※全3種類ございます。<br>
ブラック(黒色) / ベージュ(肌色) / グレー(灰) <br>
<br>
【サイズ】 <br>
商品名（商品タイトル）記載のサイズです。<br>
※全３種類ございます（幅の変更は出来ません）<br>
・Ａ４サイズ　→　幅30cm×20cm <br>
・小　　　　　→　幅65cm×50cm<br>
・大　　　　　→　幅135cm×100cm<br>
<br>
※大サイズに関しまして<br>
100cm以上をご希望の方は希望の長さ(ｍ)分ご購入下さい。<br>
一度に10m以上ご購入に関しましては送料・代引き手数料<br>
当社が負担させて頂きます。<br>
10mまでであれば1ｍ毎に延長可能。10mを超える場合10ｍ毎にカット致します。<br>
延長をご希望の場合は、希望の長さ（m）分ご購入下さい。<br>
長さ5ｍ以上をご希望の方は在庫の有無をお電話にて<br>
ご確認下さいますようお願い申し上げます。<br>
<br>
当商品と同様のウレタンスポンジクッションの付いたアルカンターラ調のスエード<br>
生地シート（クッション付きスエードシート）も販売しております。<br>
<br>クッション付きスエードシートの購入はコチラ<br><br>
<br>
ステッカー感覚でルーフ、トランクルーム、インパネ、オーディオ<BR>
コンソール等はもちろん、自動車の内装のみならず、お部屋の<BR>
インテリアファブリックやウォールステッカー、壁紙としても！<br>
<br>
<br>
<br><font color=""#cc0000"" size=""3"">※色/伸び/質感に関する質問が多々御座いますがモニター環境に<br>
よって色味が異なったり、感じ方に個人差がございますので<br>
不安な方は1円出品しておりますサンプルセットをご購入の上、<br>
商品をご購入下さいますようお願い申し上げます。<br>
購入後の上記理由での返品はお受けできません。</font><br><br>
サンプルセット購入はコチラ<br><br>
<br>
【注意事項】<br>
※貼り付け・車検に関するご質問はお答え致しかねます。<br>
※取り付け前に必ず商品確認を行ってください。<br>
切断・加工後の返品交換は一切お受け致しかねます。<br>
※1枚ずつ業務用切り売りでスタッフが丁寧にカットしておりますが<br>
一部に断面が歪んだり欠けしまう場合が御座います。<br>
※切り損じを1cm程度(A4サイズは5mm程度)踏まえてお考え下さい。<br>
<br>
アウディ,アウディー,レンジローバー,外車,ニュー ビートル,ジェッタ<br>
フォルクスワーゲン,オペル ベクトラ,オリジナル, BMW,ゴルフ,クワトロ<br>シトロエン,プジョー,ユーロ車,プリウス等あらゆる車種に使用可能!!<br><center>
<br>
<img SRC=http://image.rakuten.co.jp/auc-automax/cabinet/imgrc0067382276.gif width=670 height=400><BR>
<br>
<img SRC=http://image.rakuten.co.jp/auc-automax/cabinet/img60333004.gif width=670 height=120><BR>
<br>

<br></center>",純正トリム張替えシート(小) 灰●内装 張替用メッシュ生地 糊付き65cm&times;50cm グレーウレタン スポンジ付きスポーツニット曲面対応/カッティング可内装/肘掛け/ドア内張り/天井/張替え修理/補修/レストア/リペア検:レカロ/バケッド：AUTOMAX izumi,カッティングシートモニタースタンドアルカンターラ調スエード生地シート汎用パーツ自動車アクセサリーメッキモール送料無料ステッカーカー用品バイク用品ドレスアップラグジュアリー内装外装カット済みカーフィルム大阪通販激安格安施工純正トリム張替えシート(小) 灰●内装 張替用メッシュ生地 糊付き65cm&times;50cm グレーウレタン スポンジ付きスポーツニット曲面対応/カッティング可内装/肘掛け/ドア内張り/天井/張替え修理/補修/レストア/リペア検:レカロ/バケッド,この商品は送料 全国一律600円 です(北海道/沖縄除く)同梱可能。。純正トリム張替えシート(小) 灰●内装 張替用メッシュ生地 糊付き65cm&times;50cm グレーウレタン スポンジ付きスポーツニット曲面対応/カッティング可内装/肘掛け/ドア内張り/天井/張替え修理/補修/レストア/リペア検:レカロ/バケッド
7-2714,http://tshop.r10s.jp/auc-automax/cabinet/02420218/trim-recovery-sheet/img65939881.gif?fitin=700:700,1538.4000,,花・ガーデン・DIY > 住宅建材・設備 > 壁材 > その他,純正トリム張替えシート(小) ベージュ●内装 張替用メッシュ生地 糊付き65cm×50cm 肌色ウレタン スポンジ付きスポーツニット曲面対応/カッティング可内装/肘掛け/ドア内張り/天井/張替え修理/補修/レストア/リペア検:レカロ/バケッド,この商品は送料 全国一律600円 です(北海道/沖縄除く)同梱可能。,"内装を蘇らせる純正トリム張替えシート登場!!<br>
<br>
欧州車によく見られる天井の垂れ下がりや、肘掛け、シート等の<br>
経年劣化による破れや汚れ、穴あき、引っかき傷などをお手軽!簡単に<BR>
純正同等に蘇らせる<BR><b><font color=""#cc0000"" size=""4"">ウレタンクッション付きのメッシュシート<BR>その名も　トリムリカバリーシート　です!!</font></b><br>
<br>
レカロシート、ブリッド等バケットシートの張替えや天井張替、ドア内張り、<BR>
内装の様々な加工・修復に使用出来、裏面には糊が付いておりますので<BR>
スプレー糊を使用したせいで張替え用の生地に糊(ボンド)が染み込み、<BR>
見える部分がまだらになってしまったといったお悩みも簡単に解決!<BR>
<br>
<br>
伸縮性・弾力性に非常に富み、3D曲面にも当然対応しております。<br>
また段差のある接地面やザラザラ面、木材の切断面、お部屋の壁のパネルと<BR>
パネルの間など、凹凸のある箇所に使用しても施工後 表面がガタガタせず<BR>
綺麗な見栄えで仕上がる張り易さ抜群のカッティング可能なシートです。<br>
※当商品はハイクオリティの韓国製です。 <br>
安価な中国製のものとは全く違います。 <br>
<br>
<BR>

<br>
<br>
【カラー】<br>
商品名（商品タイトル）記載のカラーです。<br>
※全3種類ございます。<br>
ブラック(黒色) / ベージュ(肌色) / グレー(灰) <br>
<br>
【サイズ】 <br>
商品名（商品タイトル）記載のサイズです。<br>
※全３種類ございます（幅の変更は出来ません）<br>
・Ａ４サイズ　→　幅30cm×20cm <br>
・小　　　　　→　幅65cm×50cm<br>
・大　　　　　→　幅135cm×100cm<br>
<br>
※大サイズに関しまして<br>
100cm以上をご希望の方は希望の長さ(ｍ)分ご購入下さい。<br>
一度に10m以上ご購入に関しましては送料・代引き手数料<br>
当社が負担させて頂きます。<br>
10mまでであれば1ｍ毎に延長可能。10mを超える場合10ｍ毎にカット致します。<br>
延長をご希望の場合は、希望の長さ（m）分ご購入下さい。<br>
長さ5ｍ以上をご希望の方は在庫の有無をお電話にて<br>
ご確認下さいますようお願い申し上げます。<br>
<br>
当商品と同様のウレタンスポンジクッションの付いたアルカンターラ調のスエード<br>
生地シート（クッション付きスエードシート）も販売しております。<br>
<br>クッション付きスエードシートの購入はコチラ<br><br>
<br>
ステッカー感覚でルーフ、トランクルーム、インパネ、オーディオ<BR>
コンソール等はもちろん、自動車の内装のみならず、お部屋の<BR>
インテリアファブリックやウォールステッカー、壁紙としても！<br>
<br>
<br>
<br><font color=""#cc0000"" size=""3"">※色/伸び/質感に関する質問が多々御座いますがモニター環境に<br>
よって色味が異なったり、感じ方に個人差がございますので<br>
不安な方は1円出品しておりますサンプルセットをご購入の上、<br>
商品をご購入下さいますようお願い申し上げます。<br>
購入後の上記理由での返品はお受けできません。</font><br><br>
サンプルセット購入はコチラ<br><br>
<br>
【注意事項】<br>
※貼り付け・車検に関するご質問はお答え致しかねます。<br>
※取り付け前に必ず商品確認を行ってください。<br>
切断・加工後の返品交換は一切お受け致しかねます。<br>
※1枚ずつ業務用切り売りでスタッフが丁寧にカットしておりますが<br>
一部に断面が歪んだり欠けしまう場合が御座います。<br>
※切り損じを1cm程度(A4サイズは5mm程度)踏まえてお考え下さい。<br>
<br>
アウディ,アウディー,レンジローバー,外車,ニュー ビートル,ジェッタ<br>
フォルクスワーゲン,オペル ベクトラ,オリジナル, BMW,ゴルフ,クワトロ<br>シトロエン,プジョー,ユーロ車,プリウス等あらゆる車種に使用可能!!<br><center>
<br>
<img SRC=http://image.rakuten.co.jp/auc-automax/cabinet/imgrc0067382276.gif width=670 height=400><BR>
<br>
<img SRC=http://image.rakuten.co.jp/auc-automax/cabinet/img60333004.gif width=670 height=120><BR>
<br>

<br></center>",純正トリム張替えシート(小) ベージュ●内装 張替用メッシュ生地 糊付き65cm&times;50cm 肌色ウレタン スポンジ付きスポーツニット曲面対応/カッティング可内装/肘掛け/ドア内張り/天井/張替え修理/補修/レストア/リペア検:レカロ/バケッド：AUTOMAX izumi,カッティングシートモニタースタンドアルカンターラ調スエード生地シート汎用パーツ自動車アクセサリーメッキモール送料無料ステッカーカー用品バイク用品ドレスアップラグジュアリー内装外装カット済みカーフィルム大阪通販激安格安施工純正トリム張替えシート(小) ベージュ●内装 張替用メッシュ生地 糊付き65cm&times;50cm 肌色ウレタン スポンジ付きスポーツニット曲面対応/カッティング可内装/肘掛け/ドア内張り/天井/張替え修理/補修/レストア/リペア検:レカロ/バケッド,この商品は送料 全国一律600円 です(北海道/沖縄除く)同梱可能。。純正トリム張替えシート(小) ベージュ●内装 張替用メッシュ生地 糊付き65cm&times;50cm 肌色ウレタン スポンジ付きスポーツニット曲面対応/カッティング可内装/肘掛け/ドア内張り/天井/張替え修理/補修/レストア/リペア検:レカロ/バケッド
7-2715,http://tshop.r10s.jp/auc-automax/cabinet/02420218/trim-recovery-sheet/img65939883.gif?fitin=700:700,1538.4000,,花・ガーデン・DIY > 住宅建材・設備 > 壁材 > その他,純正トリム張替えシート(小) 黒●内装 張替用メッシュ生地 糊付き65cm×50cm ブラックウレタン スポンジ付きスポーツニット曲面対応/カッティング可内装/肘掛け/ドア内張り/天井/張替え修理/補修/レストア/リペア検:レカロ,この商品は送料 全国一律600円 です(北海道/沖縄除く)同梱可能。,"内装を蘇らせる純正トリム張替えシート登場!!<br>
<br>
欧州車によく見られる天井の垂れ下がりや、肘掛け、シート等の<br>
経年劣化による破れや汚れ、穴あき、引っかき傷などをお手軽!簡単に<BR>
純正同等に蘇らせる<BR><b><font color=""#cc0000"" size=""4"">ウレタンクッション付きのメッシュシート<BR>その名も　トリムリカバリーシート　です!!</font></b><br>
<br>
レカロシート、ブリッド等バケットシートの張替えや天井張替、ドア内張り、<BR>
内装の様々な加工・修復に使用出来、裏面には糊が付いておりますので<BR>
スプレー糊を使用したせいで張替え用の生地に糊(ボンド)が染み込み、<BR>
見える部分がまだらになってしまったといったお悩みも簡単に解決!<BR>
<br>
<br>
伸縮性・弾力性に非常に富み、3D曲面にも当然対応しております。<br>
また段差のある接地面やザラザラ面、木材の切断面、お部屋の壁のパネルと<BR>
パネルの間など、凹凸のある箇所に使用しても施工後 表面がガタガタせず<BR>
綺麗な見栄えで仕上がる張り易さ抜群のカッティング可能なシートです。<br>
※当商品はハイクオリティの韓国製です。 <br>
安価な中国製のものとは全く違います。 <br>
<br>
<BR>

<br>
<br>
【カラー】<br>
商品名（商品タイトル）記載のカラーです。<br>
※全3種類ございます。<br>
ブラック(黒色) / ベージュ(肌色) / グレー(灰) <br>
<br>
【サイズ】 <br>
商品名（商品タイトル）記載のサイズです。<br>
※全３種類ございます（幅の変更は出来ません）<br>
・Ａ４サイズ　→　幅30cm×20cm <br>
・小　　　　　→　幅65cm×50cm<br>
・大　　　　　→　幅135cm×100cm<br>
<br>
※大サイズに関しまして<br>
100cm以上をご希望の方は希望の長さ(ｍ)分ご購入下さい。<br>
一度に10m以上ご購入に関しましては送料・代引き手数料<br>
当社が負担させて頂きます。<br>
10mまでであれば1ｍ毎に延長可能。10mを超える場合10ｍ毎にカット致します。<br>
延長をご希望の場合は、希望の長さ（m）分ご購入下さい。<br>
長さ5ｍ以上をご希望の方は在庫の有無をお電話にて<br>
ご確認下さいますようお願い申し上げます。<br>
<br>
当商品と同様のウレタンスポンジクッションの付いたアルカンターラ調のスエード<br>
生地シート（クッション付きスエードシート）も販売しております。<br>
<br>クッション付きスエードシートの購入はコチラ<br><br>
<br>
ステッカー感覚でルーフ、トランクルーム、インパネ、オーディオ<BR>
コンソール等はもちろん、自動車の内装のみならず、お部屋の<BR>
インテリアファブリックやウォールステッカー、壁紙としても！<br>
<br>
<br>
<br><font color=""#cc0000"" size=""3"">※色/伸び/質感に関する質問が多々御座いますがモニター環境に<br>
よって色味が異なったり、感じ方に個人差がございますので<br>
不安な方は1円出品しておりますサンプルセットをご購入の上、<br>
商品をご購入下さいますようお願い申し上げます。<br>
購入後の上記理由での返品はお受けできません。</font><br><br>
サンプルセット購入はコチラ<br><br>
<br>
【注意事項】<br>
※貼り付け・車検に関するご質問はお答え致しかねます。<br>
※取り付け前に必ず商品確認を行ってください。<br>
切断・加工後の返品交換は一切お受け致しかねます。<br>
※1枚ずつ業務用切り売りでスタッフが丁寧にカットしておりますが<br>
一部に断面が歪んだり欠けしまう場合が御座います。<br>
※切り損じを1cm程度(A4サイズは5mm程度)踏まえてお考え下さい。<br>
<br>
アウディ,アウディー,レンジローバー,外車,ニュー ビートル,ジェッタ<br>
フォルクスワーゲン,オペル ベクトラ,オリジナル, BMW,ゴルフ,クワトロ<br>シトロエン,プジョー,ユーロ車,プリウス等あらゆる車種に使用可能!!<br><center>
<br>
<img SRC=http://image.rakuten.co.jp/auc-automax/cabinet/imgrc0067382276.gif width=670 height=400><BR>
<br>
<img SRC=http://image.rakuten.co.jp/auc-automax/cabinet/img60333004.gif width=670 height=120><BR>
<br>

<br></center>",純正トリム張替えシート(小) 黒●内装 張替用メッシュ生地 糊付き65cm&times;50cm ブラックウレタン スポンジ付きスポーツニット曲面対応/カッティング可内装/肘掛け/ドア内張り/天井/張替え修理/補修/レストア/リペア検:レカロ：AUTOMAX izumi,カッティングシートモニタースタンドアルカンターラ調スエード生地シート汎用パーツ自動車アクセサリーメッキモール送料無料ステッカーカー用品バイク用品ドレスアップラグジュアリー内装外装カット済みカーフィルム大阪通販激安格安施工純正トリム張替えシート(小) 黒●内装 張替用メッシュ生地 糊付き65cm&times;50cm ブラックウレタン スポンジ付きスポーツニット曲面対応/カッティング可内装/肘掛け/ドア内張り/天井/張替え修理/補修/レストア/リペア検:レカロ,この商品は送料 全国一律600円 です(北海道/沖縄除く)同梱可能。。純正トリム張替えシート(小) 黒●内装 張替用メッシュ生地 糊付き65cm&times;50cm ブラックウレタン スポンジ付きスポーツニット曲面対応/カッティング可内装/肘掛け/ドア内張り/天井/張替え修理/補修/レストア/リペア検:レカロ
7-2716,http://tshop.r10s.jp/auc-automax/cabinet/02420218/trim-recovery-sheet/img65939885.gif?fitin=700:700,1538.4000,,花・ガーデン・DIY > 住宅建材・設備 > 壁材 > その他,純正トリム張替えシート(小) 灰●内装 張替用メッシュ生地 糊付き65cm×50cm グレーウレタン スポンジ付きスポーツニット曲面対応/カッティング可内装/肘掛け/ドア内張り/天井/張替え修理/補修/レストア/リペア検:レカロ/バケッド,この商品は送料 全国一律600円 です(北海道/沖縄除く)同梱可能。,"内装を蘇らせる純正トリム張替えシート登場!!<br>
<br>
欧州車によく見られる天井の垂れ下がりや、肘掛け、シート等の<br>
経年劣化による破れや汚れ、穴あき、引っかき傷などをお手軽!簡単に<BR>
純正同等に蘇らせる<BR><b><font color=""#cc0000"" size=""4"">ウレタンクッション付きのメッシュシート<BR>その名も　トリムリカバリーシート　です!!</font></b><br>
<br>
レカロシート、ブリッド等バケットシートの張替えや天井張替、ドア内張り、<BR>
内装の様々な加工・修復に使用出来、裏面には糊が付いておりますので<BR>
スプレー糊を使用したせいで張替え用の生地に糊(ボンド)が染み込み、<BR>
見える部分がまだらになってしまったといったお悩みも簡単に解決!<BR>
<br>
<br>
伸縮性・弾力性に非常に富み、3D曲面にも当然対応しております。<br>
また段差のある接地面やザラザラ面、木材の切断面、お部屋の壁のパネルと<BR>
パネルの間など、凹凸のある箇所に使用しても施工後 表面がガタガタせず<BR>
綺麗な見栄えで仕上がる張り易さ抜群のカッティング可能なシートです。<br>
※当商品はハイクオリティの韓国製です。 <br>
安価な中国製のものとは全く違います。 <br>
<br>
<BR>

<br>
<br>
【カラー】<br>
商品名（商品タイトル）記載のカラーです。<br>
※全3種類ございます。<br>
ブラック(黒色) / ベージュ(肌色) / グレー(灰) <br>
<br>
【サイズ】 <br>
商品名（商品タイトル）記載のサイズです。<br>
※全３種類ございます（幅の変更は出来ません）<br>
・Ａ４サイズ　→　幅30cm×20cm <br>
・小　　　　　→　幅65cm×50cm<br>
・大　　　　　→　幅135cm×100cm<br>
<br>
※大サイズに関しまして<br>
100cm以上をご希望の方は希望の長さ(ｍ)分ご購入下さい。<br>
一度に10m以上ご購入に関しましては送料・代引き手数料<br>
当社が負担させて頂きます。<br>
10mまでであれば1ｍ毎に延長可能。10mを超える場合10ｍ毎にカット致します。<br>
延長をご希望の場合は、希望の長さ（m）分ご購入下さい。<br>
長さ5ｍ以上をご希望の方は在庫の有無をお電話にて<br>
ご確認下さいますようお願い申し上げます。<br>
<br>
当商品と同様のウレタンスポンジクッションの付いたアルカンターラ調のスエード<br>
生地シート（クッション付きスエードシート）も販売しております。<br>
<br>クッション付きスエードシートの購入はコチラ<br><br>
<br>
ステッカー感覚でルーフ、トランクルーム、インパネ、オーディオ<BR>
コンソール等はもちろん、自動車の内装のみならず、お部屋の<BR>
インテリアファブリックやウォールステッカー、壁紙としても！<br>
<br>
<br>
<br><font color=""#cc0000"" size=""3"">※色/伸び/質感に関する質問が多々御座いますがモニター環境に<br>
よって色味が異なったり、感じ方に個人差がございますので<br>
不安な方は1円出品しておりますサンプルセットをご購入の上、<br>
商品をご購入下さいますようお願い申し上げます。<br>
購入後の上記理由での返品はお受けできません。</font><br><br>
サンプルセット購入はコチラ<br><br>
<br>
【注意事項】<br>
※貼り付け・車検に関するご質問はお答え致しかねます。<br>
※取り付け前に必ず商品確認を行ってください。<br>
切断・加工後の返品交換は一切お受け致しかねます。<br>
※1枚ずつ業務用切り売りでスタッフが丁寧にカットしておりますが<br>
一部に断面が歪んだり欠けしまう場合が御座います。<br>
※切り損じを1cm程度(A4サイズは5mm程度)踏まえてお考え下さい。<br>
<br>
アウディ,アウディー,レンジローバー,外車,ニュー ビートル,ジェッタ<br>
フォルクスワーゲン,オペル ベクトラ,オリジナル, BMW,ゴルフ,クワトロ<br>シトロエン,プジョー,ユーロ車,プリウス等あらゆる車種に使用可能!!<br><center>
<br>
<img SRC=http://image.rakuten.co.jp/auc-automax/cabinet/imgrc0067382276.gif width=670 height=400><BR>
<br>
<img SRC=http://image.rakuten.co.jp/auc-automax/cabinet/img60333004.gif width=670 height=120><BR>
<br>

<br></center>",純正トリム張替えシート(小) 灰●内装 張替用メッシュ生地 糊付き65cm&times;50cm グレーウレタン スポンジ付きスポーツニット曲面対応/カッティング可内装/肘掛け/ドア内張り/天井/張替え修理/補修/レストア/リペア検:レカロ/バケッド：AUTOMAX izumi,カッティングシートモニタースタンドアルカンターラ調スエード生地シート汎用パーツ自動車アクセサリーメッキモール送料無料ステッカーカー用品バイク用品ドレスアップラグジュアリー内装外装カット済みカーフィルム大阪通販激安格安施工純正トリム張替えシート(小) 灰●内装 張替用メッシュ生地 糊付き65cm&times;50cm グレーウレタン スポンジ付きスポーツニット曲面対応/カッティング可内装/肘掛け/ドア内張り/天井/張替え修理/補修/レストア/リペア検:レカロ/バケッド,この商品は送料 全国一律600円 です(北海道/沖縄除く)同梱可能。。純正トリム張替えシート(小) 灰●内装 張替用メッシュ生地 糊付き65cm&times;50cm グレーウレタン スポンジ付きスポーツニット曲面対応/カッティング可内装/肘掛け/ドア内張り/天井/張替え修理/補修/レストア/リペア検:レカロ/バケッド
7-2717,http://tshop.r10s.jp/auc-automax/cabinet/02420218/trim-recovery-sheet/img65939883.gif?fitin=700:700,1538.4000,,花・ガーデン・DIY > 住宅建材・設備 > 壁材 > その他,純正トリム張替えシート(小) 黒●内装 張替用メッシュ生地 糊付き65cm×50cm ブラックウレタン スポンジ付きスポーツニット曲面対応/カッティング可内装/肘掛け/ドア内張り/天井/張替え修理/補修/レストア/リペア検:レカロ,この商品は送料 全国一律600円 です(北海道/沖縄除く)同梱可能。,"内装を蘇らせる純正トリム張替えシート登場!!<br>
<br>
欧州車によく見られる天井の垂れ下がりや、肘掛け、シート等の<br>
経年劣化による破れや汚れ、穴あき、引っかき傷などをお手軽!簡単に<BR>
純正同等に蘇らせる<BR><b><font color=""#cc0000"" size=""4"">ウレタンクッション付きのメッシュシート<BR>その名も　トリムリカバリーシート　です!!</font></b><br>
<br>
レカロシート、ブリッド等バケットシートの張替えや天井張替、ドア内張り、<BR>
内装の様々な加工・修復に使用出来、裏面には糊が付いておりますので<BR>
スプレー糊を使用したせいで張替え用の生地に糊(ボンド)が染み込み、<BR>
見える部分がまだらになってしまったといったお悩みも簡単に解決!<BR>
<br>
<br>
伸縮性・弾力性に非常に富み、3D曲面にも当然対応しております。<br>
また段差のある接地面やザラザラ面、木材の切断面、お部屋の壁のパネルと<BR>
パネルの間など、凹凸のある箇所に使用しても施工後 表面がガタガタせず<BR>
綺麗な見栄えで仕上がる張り易さ抜群のカッティング可能なシートです。<br>
※当商品はハイクオリティの韓国製です。 <br>
安価な中国製のものとは全く違います。 <br>
<br>
<BR>

<br>
<br>
【カラー】<br>
商品名（商品タイトル）記載のカラーです。<br>
※全3種類ございます。<br>
ブラック(黒色) / ベージュ(肌色) / グレー(灰) <br>
<br>
【サイズ】 <br>
商品名（商品タイトル）記載のサイズです。<br>
※全３種類ございます（幅の変更は出来ません）<br>
・Ａ４サイズ　→　幅30cm×20cm <br>
・小　　　　　→　幅65cm×50cm<br>
・大　　　　　→　幅135cm×100cm<br>
<br>
※大サイズに関しまして<br>
100cm以上をご希望の方は希望の長さ(ｍ)分ご購入下さい。<br>
一度に10m以上ご購入に関しましては送料・代引き手数料<br>
当社が負担させて頂きます。<br>
10mまでであれば1ｍ毎に延長可能。10mを超える場合10ｍ毎にカット致します。<br>
延長をご希望の場合は、希望の長さ（m）分ご購入下さい。<br>
長さ5ｍ以上をご希望の方は在庫の有無をお電話にて<br>
ご確認下さいますようお願い申し上げます。<br>
<br>
当商品と同様のウレタンスポンジクッションの付いたアルカンターラ調のスエード<br>
生地シート（クッション付きスエードシート）も販売しております。<br>
<br>クッション付きスエードシートの購入はコチラ<br><br>
<br>
ステッカー感覚でルーフ、トランクルーム、インパネ、オーディオ<BR>
コンソール等はもちろん、自動車の内装のみならず、お部屋の<BR>
インテリアファブリックやウォールステッカー、壁紙としても！<br>
<br>
<br>
<br><font color=""#cc0000"" size=""3"">※色/伸び/質感に関する質問が多々御座いますがモニター環境に<br>
よって色味が異なったり、感じ方に個人差がございますので<br>
不安な方は1円出品しておりますサンプルセットをご購入の上、<br>
商品をご購入下さいますようお願い申し上げます。<br>
購入後の上記理由での返品はお受けできません。</font><br><br>
サンプルセット購入はコチラ<br><br>
<br>
【注意事項】<br>
※貼り付け・車検に関するご質問はお答え致しかねます。<br>
※取り付け前に必ず商品確認を行ってください。<br>
切断・加工後の返品交換は一切お受け致しかねます。<br>
※1枚ずつ業務用切り売りでスタッフが丁寧にカットしておりますが<br>
一部に断面が歪んだり欠けしまう場合が御座います。<br>
※切り損じを1cm程度(A4サイズは5mm程度)踏まえてお考え下さい。<br>
<br>
アウディ,アウディー,レンジローバー,外車,ニュー ビートル,ジェッタ<br>
フォルクスワーゲン,オペル ベクトラ,オリジナル, BMW,ゴルフ,クワトロ<br>シトロエン,プジョー,ユーロ車,プリウス等あらゆる車種に使用可能!!<br><center>
<br>
<img SRC=http://image.rakuten.co.jp/auc-automax/cabinet/imgrc0067382276.gif width=670 height=400><BR>
<br>
<img SRC=http://image.rakuten.co.jp/auc-automax/cabinet/img60333004.gif width=670 height=120><BR>
<br>

<br></center>",純正トリム張替えシート(小) 黒●内装 張替用メッシュ生地 糊付き65cm&times;50cm ブラックウレタン スポンジ付きスポーツニット曲面対応/カッティング可内装/肘掛け/ドア内張り/天井/張替え修理/補修/レストア/リペア検:レカロ：AUTOMAX izumi,カッティングシートモニタースタンドアルカンターラ調スエード生地シート汎用パーツ自動車アクセサリーメッキモール送料無料ステッカーカー用品バイク用品ドレスアップラグジュアリー内装外装カット済みカーフィルム大阪通販激安格安施工純正トリム張替えシート(小) 黒●内装 張替用メッシュ生地 糊付き65cm&times;50cm ブラックウレタン スポンジ付きスポーツニット曲面対応/カッティング可内装/肘掛け/ドア内張り/天井/張替え修理/補修/レストア/リペア検:レカロ,この商品は送料 全国一律600円 です(北海道/沖縄除く)同梱可能。。純正トリム張替えシート(小) 黒●内装 張替用メッシュ生地 糊付き65cm&times;50cm ブラックウレタン スポンジ付きスポーツニット曲面対応/カッティング可内装/肘掛け/ドア内張り/天井/張替え修理/補修/レストア/リペア検:レカロ
7-2718,http://tshop.r10s.jp/auc-automax/cabinet/02420218/trim-recovery-sheet/img65939881.gif?fitin=700:700,1538.4000,,花・ガーデン・DIY > 住宅建材・設備 > 壁材 > その他,純正トリム張替えシート(小) ベージュ●内装 張替用メッシュ生地 糊付き65cm×50cm 肌色ウレタン スポンジ付きスポーツニット曲面対応/カッティング可内装/肘掛け/ドア内張り/天井/張替え修理/補修/レストア/リペア検:レカロ/バケッド,この商品は送料 全国一律600円 です(北海道/沖縄除く)同梱可能。,"内装を蘇らせる純正トリム張替えシート登場!!<br>
<br>
欧州車によく見られる天井の垂れ下がりや、肘掛け、シート等の<br>
経年劣化による破れや汚れ、穴あき、引っかき傷などをお手軽!簡単に<BR>
純正同等に蘇らせる<BR><b><font color=""#cc0000"" size=""4"">ウレタンクッション付きのメッシュシート<BR>その名も　トリムリカバリーシート　です!!</font></b><br>
<br>
レカロシート、ブリッド等バケットシートの張替えや天井張替、ドア内張り、<BR>
内装の様々な加工・修復に使用出来、裏面には糊が付いておりますので<BR>
スプレー糊を使用したせいで張替え用の生地に糊(ボンド)が染み込み、<BR>
見える部分がまだらになってしまったといったお悩みも簡単に解決!<BR>
<br>
<br>
伸縮性・弾力性に非常に富み、3D曲面にも当然対応しております。<br>
また段差のある接地面やザラザラ面、木材の切断面、お部屋の壁のパネルと<BR>
パネルの間など、凹凸のある箇所に使用しても施工後 表面がガタガタせず<BR>
綺麗な見栄えで仕上がる張り易さ抜群のカッティング可能なシートです。<br>
※当商品はハイクオリティの韓国製です。 <br>
安価な中国製のものとは全く違います。 <br>
<br>
<BR>

<br>
<br>
【カラー】<br>
商品名（商品タイトル）記載のカラーです。<br>
※全3種類ございます。<br>
ブラック(黒色) / ベージュ(肌色) / グレー(灰) <br>
<br>
【サイズ】 <br>
商品名（商品タイトル）記載のサイズです。<br>
※全３種類ございます（幅の変更は出来ません）<br>
・Ａ４サイズ　→　幅30cm×20cm <br>
・小　　　　　→　幅65cm×50cm<br>
・大　　　　　→　幅135cm×100cm<br>
<br>
※大サイズに関しまして<br>
100cm以上をご希望の方は希望の長さ(ｍ)分ご購入下さい。<br>
一度に10m以上ご購入に関しましては送料・代引き手数料<br>
当社が負担させて頂きます。<br>
10mまでであれば1ｍ毎に延長可能。10mを超える場合10ｍ毎にカット致します。<br>
延長をご希望の場合は、希望の長さ（m）分ご購入下さい。<br>
長さ5ｍ以上をご希望の方は在庫の有無をお電話にて<br>
ご確認下さいますようお願い申し上げます。<br>
<br>
当商品と同様のウレタンスポンジクッションの付いたアルカンターラ調のスエード<br>
生地シート（クッション付きスエードシート）も販売しております。<br>
<br>クッション付きスエードシートの購入はコチラ<br><br>
<br>
ステッカー感覚でルーフ、トランクルーム、インパネ、オーディオ<BR>
コンソール等はもちろん、自動車の内装のみならず、お部屋の<BR>
インテリアファブリックやウォールステッカー、壁紙としても！<br>
<br>
<br>
<br><font color=""#cc0000"" size=""3"">※色/伸び/質感に関する質問が多々御座いますがモニター環境に<br>
よって色味が異なったり、感じ方に個人差がございますので<br>
不安な方は1円出品しておりますサンプルセットをご購入の上、<br>
商品をご購入下さいますようお願い申し上げます。<br>
購入後の上記理由での返品はお受けできません。</font><br><br>
サンプルセット購入はコチラ<br><br>
<br>
【注意事項】<br>
※貼り付け・車検に関するご質問はお答え致しかねます。<br>
※取り付け前に必ず商品確認を行ってください。<br>
切断・加工後の返品交換は一切お受け致しかねます。<br>
※1枚ずつ業務用切り売りでスタッフが丁寧にカットしておりますが<br>
一部に断面が歪んだり欠けしまう場合が御座います。<br>
※切り損じを1cm程度(A4サイズは5mm程度)踏まえてお考え下さい。<br>
<br>
アウディ,アウディー,レンジローバー,外車,ニュー ビートル,ジェッタ<br>
フォルクスワーゲン,オペル ベクトラ,オリジナル, BMW,ゴルフ,クワトロ<br>シトロエン,プジョー,ユーロ車,プリウス等あらゆる車種に使用可能!!<br><center>
<br>
<img SRC=http://image.rakuten.co.jp/auc-automax/cabinet/imgrc0067382276.gif width=670 height=400><BR>
<br>
<img SRC=http://image.rakuten.co.jp/auc-automax/cabinet/img60333004.gif width=670 height=120><BR>
<br>

<br></center>",純正トリム張替えシート(小) ベージュ●内装 張替用メッシュ生地 糊付き65cm&times;50cm 肌色ウレタン スポンジ付きスポーツニット曲面対応/カッティング可内装/肘掛け/ドア内張り/天井/張替え修理/補修/レストア/リペア検:レカロ/バケッド：AUTOMAX izumi,カッティングシートモニタースタンドアルカンターラ調スエード生地シート汎用パーツ自動車アクセサリーメッキモール送料無料ステッカーカー用品バイク用品ドレスアップラグジュアリー内装外装カット済みカーフィルム大阪通販激安格安施工純正トリム張替えシート(小) ベージュ●内装 張替用メッシュ生地 糊付き65cm&times;50cm 肌色ウレタン スポンジ付きスポーツニット曲面対応/カッティング可内装/肘掛け/ドア内張り/天井/張替え修理/補修/レストア/リペア検:レカロ/バケッド,この商品は送料 全国一律600円 です(北海道/沖縄除く)同梱可能。。純正トリム張替えシート(小) ベージュ●内装 張替用メッシュ生地 糊付き65cm&times;50cm 肌色ウレタン スポンジ付きスポーツニット曲面対応/カッティング可内装/肘掛け/ドア内張り/天井/張替え修理/補修/レストア/リペア検:レカロ/バケッド
7-2719,http://tshop.r10s.jp/auc-automax/cabinet/02420218/trim-recovery-sheet/img65939883.gif?fitin=700:700,1538.4000,,花・ガーデン・DIY > 住宅建材・設備 > 壁材 > その他,純正トリム張替えシート(小) 黒●内装 張替用メッシュ生地 糊付き65cm×50cm ブラックウレタン スポンジ付きスポーツニット曲面対応/カッティング可内装/肘掛け/ドア内張り/天井/張替え修理/補修/レストア/リペア検:レカロ,この商品は送料 全国一律600円 です(北海道/沖縄除く)同梱可能。,"内装を蘇らせる純正トリム張替えシート登場!!<br>
<br>
欧州車によく見られる天井の垂れ下がりや、肘掛け、シート等の<br>
経年劣化による破れや汚れ、穴あき、引っかき傷などをお手軽!簡単に<BR>
純正同等に蘇らせる<BR><b><font color=""#cc0000"" size=""4"">ウレタンクッション付きのメッシュシート<BR>その名も　トリムリカバリーシート　です!!</font></b><br>
<br>
レカロシート、ブリッド等バケットシートの張替えや天井張替、ドア内張り、<BR>
内装の様々な加工・修復に使用出来、裏面には糊が付いておりますので<BR>
スプレー糊を使用したせいで張替え用の生地に糊(ボンド)が染み込み、<BR>
見える部分がまだらになってしまったといったお悩みも簡単に解決!<BR>
<br>
<br>
伸縮性・弾力性に非常に富み、3D曲面にも当然対応しております。<br>
また段差のある接地面やザラザラ面、木材の切断面、お部屋の壁のパネルと<BR>
パネルの間など、凹凸のある箇所に使用しても施工後 表面がガタガタせず<BR>
綺麗な見栄えで仕上がる張り易さ抜群のカッティング可能なシートです。<br>
※当商品はハイクオリティの韓国製です。 <br>
安価な中国製のものとは全く違います。 <br>
<br>
<BR>

<br>
<br>
【カラー】<br>
商品名（商品タイトル）記載のカラーです。<br>
※全3種類ございます。<br>
ブラック(黒色) / ベージュ(肌色) / グレー(灰) <br>
<br>
【サイズ】 <br>
商品名（商品タイトル）記載のサイズです。<br>
※全３種類ございます（幅の変更は出来ません）<br>
・Ａ４サイズ　→　幅30cm×20cm <br>
・小　　　　　→　幅65cm×50cm<br>
・大　　　　　→　幅135cm×100cm<br>
<br>
※大サイズに関しまして<br>
100cm以上をご希望の方は希望の長さ(ｍ)分ご購入下さい。<br>
一度に10m以上ご購入に関しましては送料・代引き手数料<br>
当社が負担させて頂きます。<br>
10mまでであれば1ｍ毎に延長可能。10mを超える場合10ｍ毎にカット致します。<br>
延長をご希望の場合は、希望の長さ（m）分ご購入下さい。<br>
長さ5ｍ以上をご希望の方は在庫の有無をお電話にて<br>
ご確認下さいますようお願い申し上げます。<br>
<br>
当商品と同様のウレタンスポンジクッションの付いたアルカンターラ調のスエード<br>
生地シート（クッション付きスエードシート）も販売しております。<br>
<br>クッション付きスエードシートの購入はコチラ<br><br>
<br>
ステッカー感覚でルーフ、トランクルーム、インパネ、オーディオ<BR>
コンソール等はもちろん、自動車の内装のみならず、お部屋の<BR>
インテリアファブリックやウォールステッカー、壁紙としても！<br>
<br>
<br>
<br><font color=""#cc0000"" size=""3"">※色/伸び/質感に関する質問が多々御座いますがモニター環境に<br>
よって色味が異なったり、感じ方に個人差がございますので<br>
不安な方は1円出品しておりますサンプルセットをご購入の上、<br>
商品をご購入下さいますようお願い申し上げます。<br>
購入後の上記理由での返品はお受けできません。</font><br><br>
サンプルセット購入はコチラ<br><br>
<br>
【注意事項】<br>
※貼り付け・車検に関するご質問はお答え致しかねます。<br>
※取り付け前に必ず商品確認を行ってください。<br>
切断・加工後の返品交換は一切お受け致しかねます。<br>
※1枚ずつ業務用切り売りでスタッフが丁寧にカットしておりますが<br>
一部に断面が歪んだり欠けしまう場合が御座います。<br>
※切り損じを1cm程度(A4サイズは5mm程度)踏まえてお考え下さい。<br>
<br>
アウディ,アウディー,レンジローバー,外車,ニュー ビートル,ジェッタ<br>
フォルクスワーゲン,オペル ベクトラ,オリジナル, BMW,ゴルフ,クワトロ<br>シトロエン,プジョー,ユーロ車,プリウス等あらゆる車種に使用可能!!<br><center>
<br>
<img SRC=http://image.rakuten.co.jp/auc-automax/cabinet/imgrc0067382276.gif width=670 height=400><BR>
<br>
<img SRC=http://image.rakuten.co.jp/auc-automax/cabinet/img60333004.gif width=670 height=120><BR>
<br>

<br></center>",純正トリム張替えシート(小) 黒●内装 張替用メッシュ生地 糊付き65cm&times;50cm ブラックウレタン スポンジ付きスポーツニット曲面対応/カッティング可内装/肘掛け/ドア内張り/天井/張替え修理/補修/レストア/リペア検:レカロ：AUTOMAX izumi,カッティングシートモニタースタンドアルカンターラ調スエード生地シート汎用パーツ自動車アクセサリーメッキモール送料無料ステッカーカー用品バイク用品ドレスアップラグジュアリー内装外装カット済みカーフィルム大阪通販激安格安施工純正トリム張替えシート(小) 黒●内装 張替用メッシュ生地 糊付き65cm&times;50cm ブラックウレタン スポンジ付きスポーツニット曲面対応/カッティング可内装/肘掛け/ドア内張り/天井/張替え修理/補修/レストア/リペア検:レカロ,この商品は送料 全国一律600円 です(北海道/沖縄除く)同梱可能。。純正トリム張替えシート(小) 黒●内装 張替用メッシュ生地 糊付き65cm&times;50cm ブラックウレタン スポンジ付きスポーツニット曲面対応/カッティング可内装/肘掛け/ドア内張り/天井/張替え修理/補修/レストア/リペア検:レカロ
7-2720,http://tshop.r10s.jp/auc-automax/cabinet/02420218/trim-recovery-sheet/img65939881.gif?fitin=700:700,1538.4000,,花・ガーデン・DIY > 住宅建材・設備 > 壁材 > その他,純正トリム張替えシート(小) ベージュ●内装 張替用メッシュ生地 糊付き65cm×50cm 肌色ウレタン スポンジ付きスポーツニット曲面対応/カッティング可内装/肘掛け/ドア内張り/天井/張替え修理/補修/レストア/リペア検:レカロ/バケッド,この商品は送料 全国一律600円 です(北海道/沖縄除く)同梱可能。,"内装を蘇らせる純正トリム張替えシート登場!!<br>
<br>
欧州車によく見られる天井の垂れ下がりや、肘掛け、シート等の<br>
経年劣化による破れや汚れ、穴あき、引っかき傷などをお手軽!簡単に<BR>
純正同等に蘇らせる<BR><b><font color=""#cc0000"" size=""4"">ウレタンクッション付きのメッシュシート<BR>その名も　トリムリカバリーシート　です!!</font></b><br>
<br>
レカロシート、ブリッド等バケットシートの張替えや天井張替、ドア内張り、<BR>
内装の様々な加工・修復に使用出来、裏面には糊が付いておりますので<BR>
スプレー糊を使用したせいで張替え用の生地に糊(ボンド)が染み込み、<BR>
見える部分がまだらになってしまったといったお悩みも簡単に解決!<BR>
<br>
<br>
伸縮性・弾力性に非常に富み、3D曲面にも当然対応しております。<br>
また段差のある接地面やザラザラ面、木材の切断面、お部屋の壁のパネルと<BR>
パネルの間など、凹凸のある箇所に使用しても施工後 表面がガタガタせず<BR>
綺麗な見栄えで仕上がる張り易さ抜群のカッティング可能なシートです。<br>
※当商品はハイクオリティの韓国製です。 <br>
安価な中国製のものとは全く違います。 <br>
<br>
<BR>

<br>
<br>
【カラー】<br>
商品名（商品タイトル）記載のカラーです。<br>
※全3種類ございます。<br>
ブラック(黒色) / ベージュ(肌色) / グレー(灰) <br>
<br>
【サイズ】 <br>
商品名（商品タイトル）記載のサイズです。<br>
※全３種類ございます（幅の変更は出来ません）<br>
・Ａ４サイズ　→　幅30cm×20cm <br>
・小　　　　　→　幅65cm×50cm<br>
・大　　　　　→　幅135cm×100cm<br>
<br>
※大サイズに関しまして<br>
100cm以上をご希望の方は希望の長さ(ｍ)分ご購入下さい。<br>
一度に10m以上ご購入に関しましては送料・代引き手数料<br>
当社が負担させて頂きます。<br>
10mまでであれば1ｍ毎に延長可能。10mを超える場合10ｍ毎にカット致します。<br>
延長をご希望の場合は、希望の長さ（m）分ご購入下さい。<br>
長さ5ｍ以上をご希望の方は在庫の有無をお電話にて<br>
ご確認下さいますようお願い申し上げます。<br>
<br>
当商品と同様のウレタンスポンジクッションの付いたアルカンターラ調のスエード<br>
生地シート（クッション付きスエードシート）も販売しております。<br>
<br>クッション付きスエードシートの購入はコチラ<br><br>
<br>
ステッカー感覚でルーフ、トランクルーム、インパネ、オーディオ<BR>
コンソール等はもちろん、自動車の内装のみならず、お部屋の<BR>
インテリアファブリックやウォールステッカー、壁紙としても！<br>
<br>
<br>
<br><font color=""#cc0000"" size=""3"">※色/伸び/質感に関する質問が多々御座いますがモニター環境に<br>
よって色味が異なったり、感じ方に個人差がございますので<br>
不安な方は1円出品しておりますサンプルセットをご購入の上、<br>
商品をご購入下さいますようお願い申し上げます。<br>
購入後の上記理由での返品はお受けできません。</font><br><br>
サンプルセット購入はコチラ<br><br>
<br>
【注意事項】<br>
※貼り付け・車検に関するご質問はお答え致しかねます。<br>
※取り付け前に必ず商品確認を行ってください。<br>
切断・加工後の返品交換は一切お受け致しかねます。<br>
※1枚ずつ業務用切り売りでスタッフが丁寧にカットしておりますが<br>
一部に断面が歪んだり欠けしまう場合が御座います。<br>
※切り損じを1cm程度(A4サイズは5mm程度)踏まえてお考え下さい。<br>
<br>
アウディ,アウディー,レンジローバー,外車,ニュー ビートル,ジェッタ<br>
フォルクスワーゲン,オペル ベクトラ,オリジナル, BMW,ゴルフ,クワトロ<br>シトロエン,プジョー,ユーロ車,プリウス等あらゆる車種に使用可能!!<br><center>
<br>
<img SRC=http://image.rakuten.co.jp/auc-automax/cabinet/imgrc0067382276.gif width=670 height=400><BR>
<br>
<img SRC=http://image.rakuten.co.jp/auc-automax/cabinet/img60333004.gif width=670 height=120><BR>
<br>

<br></center>",純正トリム張替えシート(小) ベージュ●内装 張替用メッシュ生地 糊付き65cm&times;50cm 肌色ウレタン スポンジ付きスポーツニット曲面対応/カッティング可内装/肘掛け/ドア内張り/天井/張替え修理/補修/レストア/リペア検:レカロ/バケッド：AUTOMAX izumi,カッティングシートモニタースタンドアルカンターラ調スエード生地シート汎用パーツ自動車アクセサリーメッキモール送料無料ステッカーカー用品バイク用品ドレスアップラグジュアリー内装外装カット済みカーフィルム大阪通販激安格安施工純正トリム張替えシート(小) ベージュ●内装 張替用メッシュ生地 糊付き65cm&times;50cm 肌色ウレタン スポンジ付きスポーツニット曲面対応/カッティング可内装/肘掛け/ドア内張り/天井/張替え修理/補修/レストア/リペア検:レカロ/バケッド,この商品は送料 全国一律600円 です(北海道/沖縄除く)同梱可能。。純正トリム張替えシート(小) ベージュ●内装 張替用メッシュ生地 糊付き65cm&times;50cm 肌色ウレタン スポンジ付きスポーツニット曲面対応/カッティング可内装/肘掛け/ドア内張り/天井/張替え修理/補修/レストア/リペア検:レカロ/バケッド
7-2721,http://tshop.r10s.jp/auc-automax/cabinet/02420218/cushion-suede/img65598340.jpg?fitin=700:700,1538.4000,,花・ガーデン・DIY > 住宅建材・設備 > 壁材 > その他,クッション付きスエードシート(小) 黒●ウレタン スポンジ スエード生地 糊付 アルカンターラ調 65cm×50cmブラック カッティング可 起毛 粘着 曲面 革 レザー ヌバックインテリア ウォールクロス 天張り 天井 内装 ステッカー シール バックスキンルック,この商品は送料 全国一律600円 です(北海道/沖縄除く)同梱可能。,"光沢が抑えられた肌触りの良いアルカンターラ調シートに<br>
<font color=""#cc0000"" size=""5"">ウレタンスポンジを付けた新しいスエード生地シートです。</font><br>
<br>
非常に面倒な車の内張りの天井の張替え…<br>
当商品で一発解決です！<br>
当商品の裏面には糊が付いておりますので、スプレー糊を使用し、<br>
張替え用の生地に糊(ボンド)が染み込み、見える部分がまだらになって<br>
しまうといったお悩みも同時に解消してくれます。<br>
<br>
３Ｄ曲面対応！<br>
段差のある接地面やザラザラ面、木材の切断面、お部屋の壁のパネルと<br>
パネルの間など、凹凸のある箇所に使用しても施工後表面がガタガタせず<br>
非常に綺麗な見栄えで仕上がります。<br>
<br>
当商品は当店のスエード生地シートと同じ生地にウレタンスポンジの<br>
クッションが付属したものですので、併用が可能です。<br>
<br>
<br>
ステッカー感覚で施工を楽しんで下さい。<br>
ルーフ、トランクルーム、インパネ、オーディオコンソール、<br>
ドアの内張りなどに最適です。<br>
自動車内装だけでなく、お部屋のインテリアファブリックとして<br>
ウォールステッカーや、壁紙などとしてもお使い頂けます。<br>
<br>
※当商品はハイクオリティの韓国製です。 <br>
安価な中国製のものとは全く違います。 <br>
<br>
<br>
【カラー】<br>
商品名（商品タイトル）記載のカラーです。<br>
※全６種類ございます。<br>
ブラック(黒)/オレンジ(柿)/レッド(赤)/ベージュ(肌色)/ブルー(青)/グレー(灰) <br>
<br>
【サイズ】 <br>
商品名（商品タイトル）記載のサイズです。<br>
※全３種類ございます（幅の変更は出来ません）<br>
・Ａ４サイズ　→　幅30cm×20cm  <br>
・小　　　　　→　幅65cm×50cm<br>
・大　　　　　→　幅135cm×100cm<br>
※大サイズに関しまして<br>
100cm以上をご希望の方は希望の長さ(ｍ)分ご購入下さい。<BR>
一度に10m以上ご購入に関しましては送料・代引き手数料<BR>当社が負担させて頂きます。<BR>10mまでであれば1ｍ毎に延長可能。10mを超える場合10ｍ毎にカット致します。<br>
延長をご希望の場合は、希望の長さ（m）分ご購入下さい。<br>
長さ5ｍ以上をご希望の方は在庫の有無をお電話にて<br>
ご確認下さいますようお願い申し上げます。<br><br><br>
 <br>
<font color=""#cc0000"" size=""3"">※色/伸び/質感に関する質問が多々御座いますがモニター環境に<br>
よって色味が異なったり、感じ方に個人差がございますので<br>
不安な方は1円出品しておりますサンプルセットをご購入の<br>
上、商品をご購入下さいますようお願い申し上げます。<br>
購入後の上記理由での返品はお受けできません。</font><br>
<br>
【注意事項】<br>
※貼り付け・車検に関するご質問はお答え致しかねます。<br>
※取り付け前に必ず商品確認を行ってください。<br>
切断・加工後の返品交換は一切お受け致しかねます。<br>
※1枚ずつ業務用切り売りでスタッフが丁寧にカットしておりますが<br>
一部に断面が歪んだり欠けしまう場合が御座います。<br>
※念の為、切り損じを1cm程度(A4サイズは5mm程度)踏まえてお考え下さい。<br><center>
<br>
<img SRC=http://image.rakuten.co.jp/auc-automax/cabinet/imgrc0067382276.gif width=670 height=400><BR>
<br>
<img SRC=http://image.rakuten.co.jp/auc-automax/cabinet/img60333004.gif width=670 height=120><BR>
<br>

<br></center>",クッション付きスエードシート(小) 黒●ウレタン スポンジ スエード生地 糊付 アルカンターラ調 65cm&times;50cmブラック カッティング可 起毛 粘着 曲面 革 レザー ヌバックインテリア ウォールクロス 天張り 天井 内装 ステッカー シール バックスキンルック：AUTOMAX izumi,カッティングシートモニタースタンドアルカンターラ調スエード生地シート汎用パーツ自動車アクセサリーメッキモール送料無料ステッカーカー用品バイク用品ドレスアップラグジュアリー内装外装カット済みカーフィルム大阪通販激安格安施工クッション付きスエードシート(小) 黒●ウレタン スポンジ スエード生地 糊付 アルカンターラ調 65cm&times;50cmブラック カッティング可 起毛 粘着 曲面 革 レザー ヌバックインテリア ウォールクロス 天張り 天井 内装 ステッカー シール バックスキンルック,この商品は送料 全国一律600円 です(北海道/沖縄除く)同梱可能。。クッション付きスエードシート(小) 黒●ウレタン スポンジ スエード生地 糊付 アルカンターラ調 65cm&times;50cmブラック カッティング可 起毛 粘着 曲面 革 レザー ヌバックインテリア ウォールクロス 天張り 天井 内装 ステッカー シール バックスキンルック
7-2722,http://tshop.r10s.jp/auc-automax/cabinet/02420218/cushion-suede/img65664372.jpg?fitin=700:700,1538.4000,,花・ガーデン・DIY > 住宅建材・設備 > 壁材 > その他,クッション付きスエードシート(小) 灰●ウレタン スポンジ スエード生地 糊付き アルカンターラ調 65cm×50cmグレー カッティング可 起毛 粘着 曲面 革 レザー ヌバックインテリア ウォールクロス 天張り 天井 内装 ステッカー シール バックスキンルック,この商品は送料 全国一律600円 です(北海道/沖縄除く)同梱可能。,"光沢が抑えられた肌触りの良いアルカンターラ調シートに<br>
<font color=""#cc0000"" size=""5"">ウレタンスポンジを付けた新しいスエード生地シートです。</font><br>
<br>
非常に面倒な車の内張りの天井の張替え…<br>
当商品で一発解決です！<br>
当商品の裏面には糊が付いておりますので、スプレー糊を使用し、<br>
張替え用の生地に糊(ボンド)が染み込み、見える部分がまだらになって<br>
しまうといったお悩みも同時に解消してくれます。<br>
<br>
３Ｄ曲面対応！<br>
段差のある接地面やザラザラ面、木材の切断面、お部屋の壁のパネルと<br>
パネルの間など、凹凸のある箇所に使用しても施工後表面がガタガタせず<br>
非常に綺麗な見栄えで仕上がります。<br>
<br>
当商品は当店のスエード生地シートと同じ生地にウレタンスポンジの<br>
クッションが付属したものですので、併用が可能です。<br>
<br>
<br>
ステッカー感覚で施工を楽しんで下さい。<br>
ルーフ、トランクルーム、インパネ、オーディオコンソール、<br>
ドアの内張りなどに最適です。<br>
自動車内装だけでなく、お部屋のインテリアファブリックとして<br>
ウォールステッカーや、壁紙などとしてもお使い頂けます。<br>
<br>
※当商品はハイクオリティの韓国製です。 <br>
安価な中国製のものとは全く違います。 <br>
<br>
<br>
【カラー】<br>
商品名（商品タイトル）記載のカラーです。<br>
※全６種類ございます。<br>
ブラック(黒)/オレンジ(柿)/レッド(赤)/ベージュ(肌色)/ブルー(青)/グレー(灰) <br>
<br>
【サイズ】 <br>
商品名（商品タイトル）記載のサイズです。<br>
※全３種類ございます（幅の変更は出来ません）<br>
・Ａ４サイズ　→　幅30cm×20cm  <br>
・小　　　　　→　幅65cm×50cm<br>
・大　　　　　→　幅135cm×100cm<br>
※大サイズに関しまして<br>
100cm以上をご希望の方は希望の長さ(ｍ)分ご購入下さい。<BR>
一度に10m以上ご購入に関しましては送料・代引き手数料<BR>当社が負担させて頂きます。<BR>10mまでであれば1ｍ毎に延長可能。10mを超える場合10ｍ毎にカット致します。<br>
延長をご希望の場合は、希望の長さ（m）分ご購入下さい。<br>
長さ5ｍ以上をご希望の方は在庫の有無をお電話にて<br>
ご確認下さいますようお願い申し上げます。<br><br><br>
 <br>
<font color=""#cc0000"" size=""3"">※色/伸び/質感に関する質問が多々御座いますがモニター環境に<br>
よって色味が異なったり、感じ方に個人差がございますので<br>
不安な方は1円出品しておりますサンプルセットをご購入の<br>
上、商品をご購入下さいますようお願い申し上げます。<br>
購入後の上記理由での返品はお受けできません。</font><br>
<br>
【注意事項】<br>
※貼り付け・車検に関するご質問はお答え致しかねます。<br>
※取り付け前に必ず商品確認を行ってください。<br>
切断・加工後の返品交換は一切お受け致しかねます。<br>
※1枚ずつ業務用切り売りでスタッフが丁寧にカットしておりますが<br>
一部に断面が歪んだり欠けしまう場合が御座います。<br>
※念の為、切り損じを1cm程度(A4サイズは5mm程度)踏まえてお考え下さい。<br><center>
<br>
<img SRC=http://image.rakuten.co.jp/auc-automax/cabinet/imgrc0067382276.gif width=670 height=400><BR>
<br>
<img SRC=http://image.rakuten.co.jp/auc-automax/cabinet/img60333004.gif width=670 height=120><BR>
<br>

<br></center>",クッション付きスエードシート(小) 灰●ウレタン スポンジ スエード生地 糊付き アルカンターラ調 65cm&times;50cmグレー カッティング可 起毛 粘着 曲面 革 レザー ヌバックインテリア ウォールクロス 天張り 天井 内装 ステッカー シール バックスキンルック：AUTOMAX izumi,カッティングシートモニタースタンドアルカンターラ調スエード生地シート汎用パーツ自動車アクセサリーメッキモール送料無料ステッカーカー用品バイク用品ドレスアップラグジュアリー内装外装カット済みカーフィルム大阪通販激安格安施工クッション付きスエードシート(小) 灰●ウレタン スポンジ スエード生地 糊付き アルカンターラ調 65cm&times;50cmグレー カッティング可 起毛 粘着 曲面 革 レザー ヌバックインテリア ウォールクロス 天張り 天井 内装 ステッカー シール バックスキンルック,この商品は送料 全国一律600円 です(北海道/沖縄除く)同梱可能。。クッション付きスエードシート(小) 灰●ウレタン スポンジ スエード生地 糊付き アルカンターラ調 65cm&times;50cmグレー カッティング可 起毛 粘着 曲面 革 レザー ヌバックインテリア ウォールクロス 天張り 天井 内装 ステッカー シール バックスキンルック
7-2723,http://tshop.r10s.jp/auc-automax/cabinet/02420218/cushion-suede/img65664372.jpg?fitin=700:700,1538.4000,,花・ガーデン・DIY > 住宅建材・設備 > 壁材 > その他,クッション付きスエードシート(小) 灰●ウレタン スポンジ スエード生地 糊付き アルカンターラ調 65cm×50cmグレー カッティング可 起毛 粘着 曲面 革 レザー ヌバックインテリア ウォールクロス 天張り 天井 内装 ステッカー シール バックスキンルック,この商品は送料 全国一律600円 です(北海道/沖縄除く)同梱可能。,"光沢が抑えられた肌触りの良いアルカンターラ調シートに<br>
<font color=""#cc0000"" size=""5"">ウレタンスポンジを付けた新しいスエード生地シートです。</font><br>
<br>
非常に面倒な車の内張りの天井の張替え…<br>
当商品で一発解決です！<br>
当商品の裏面には糊が付いておりますので、スプレー糊を使用し、<br>
張替え用の生地に糊(ボンド)が染み込み、見える部分がまだらになって<br>
しまうといったお悩みも同時に解消してくれます。<br>
<br>
３Ｄ曲面対応！<br>
段差のある接地面やザラザラ面、木材の切断面、お部屋の壁のパネルと<br>
パネルの間など、凹凸のある箇所に使用しても施工後表面がガタガタせず<br>
非常に綺麗な見栄えで仕上がります。<br>
<br>
当商品は当店のスエード生地シートと同じ生地にウレタンスポンジの<br>
クッションが付属したものですので、併用が可能です。<br>
<br>
<br>
ステッカー感覚で施工を楽しんで下さい。<br>
ルーフ、トランクルーム、インパネ、オーディオコンソール、<br>
ドアの内張りなどに最適です。<br>
自動車内装だけでなく、お部屋のインテリアファブリックとして<br>
ウォールステッカーや、壁紙などとしてもお使い頂けます。<br>
<br>
※当商品はハイクオリティの韓国製です。 <br>
安価な中国製のものとは全く違います。 <br>
<br>
<br>
【カラー】<br>
商品名（商品タイトル）記載のカラーです。<br>
※全６種類ございます。<br>
ブラック(黒)/オレンジ(柿)/レッド(赤)/ベージュ(肌色)/ブルー(青)/グレー(灰) <br>
<br>
【サイズ】 <br>
商品名（商品タイトル）記載のサイズです。<br>
※全３種類ございます（幅の変更は出来ません）<br>
・Ａ４サイズ　→　幅30cm×20cm  <br>
・小　　　　　→　幅65cm×50cm<br>
・大　　　　　→　幅135cm×100cm<br>
※大サイズに関しまして<br>
100cm以上をご希望の方は希望の長さ(ｍ)分ご購入下さい。<BR>
一度に10m以上ご購入に関しましては送料・代引き手数料<BR>当社が負担させて頂きます。<BR>10mまでであれば1ｍ毎に延長可能。10mを超える場合10ｍ毎にカット致します。<br>
延長をご希望の場合は、希望の長さ（m）分ご購入下さい。<br>
長さ5ｍ以上をご希望の方は在庫の有無をお電話にて<br>
ご確認下さいますようお願い申し上げます。<br><br><br>
 <br>
<font color=""#cc0000"" size=""3"">※色/伸び/質感に関する質問が多々御座いますがモニター環境に<br>
よって色味が異なったり、感じ方に個人差がございますので<br>
不安な方は1円出品しておりますサンプルセットをご購入の<br>
上、商品をご購入下さいますようお願い申し上げます。<br>
購入後の上記理由での返品はお受けできません。</font><br>
<br>
【注意事項】<br>
※貼り付け・車検に関するご質問はお答え致しかねます。<br>
※取り付け前に必ず商品確認を行ってください。<br>
切断・加工後の返品交換は一切お受け致しかねます。<br>
※1枚ずつ業務用切り売りでスタッフが丁寧にカットしておりますが<br>
一部に断面が歪んだり欠けしまう場合が御座います。<br>
※念の為、切り損じを1cm程度(A4サイズは5mm程度)踏まえてお考え下さい。<br><center>
<br>
<img SRC=http://image.rakuten.co.jp/auc-automax/cabinet/imgrc0067382276.gif width=670 height=400><BR>
<br>
<img SRC=http://image.rakuten.co.jp/auc-automax/cabinet/img60333004.gif width=670 height=120><BR>
<br>

<br></center>",クッション付きスエードシート(小) 灰●ウレタン スポンジ スエード生地 糊付き アルカンターラ調 65cm&times;50cmグレー カッティング可 起毛 粘着 曲面 革 レザー ヌバックインテリア ウォールクロス 天張り 天井 内装 ステッカー シール バックスキンルック：AUTOMAX izumi,カッティングシートモニタースタンドアルカンターラ調スエード生地シート汎用パーツ自動車アクセサリーメッキモール送料無料ステッカーカー用品バイク用品ドレスアップラグジュアリー内装外装カット済みカーフィルム大阪通販激安格安施工クッション付きスエードシート(小) 灰●ウレタン スポンジ スエード生地 糊付き アルカンターラ調 65cm&times;50cmグレー カッティング可 起毛 粘着 曲面 革 レザー ヌバックインテリア ウォールクロス 天張り 天井 内装 ステッカー シール バックスキンルック,この商品は送料 全国一律600円 です(北海道/沖縄除く)同梱可能。。クッション付きスエードシート(小) 灰●ウレタン スポンジ スエード生地 糊付き アルカンターラ調 65cm&times;50cmグレー カッティング可 起毛 粘着 曲面 革 レザー ヌバックインテリア ウォールクロス 天張り 天井 内装 ステッカー シール バックスキンルック
7-2724,http://tshop.r10s.jp/auc-automax/cabinet/02420218/cushion-suede/img65664374.jpg?fitin=700:700,1538.4000,,花・ガーデン・DIY > 住宅建材・設備 > 壁材 > その他,クッション付きスエードシート(小) 柿●ウレタン スポンジ スエード生地 糊付 アルカンターラ調 65cm×50cmオレンジ カッティング可 起毛 粘着 曲面 革 レザー ヌバックインテリア ウォールクロス 天張り 天井 内装 ステッカー シール バックスキンルック,この商品は送料 全国一律600円 です(北海道/沖縄除く)同梱可能。,"光沢が抑えられた肌触りの良いアルカンターラ調シートに<br>
<font color=""#cc0000"" size=""5"">ウレタンスポンジを付けた新しいスエード生地シートです。</font><br>
<br>
非常に面倒な車の内張りの天井の張替え…<br>
当商品で一発解決です！<br>
当商品の裏面には糊が付いておりますので、スプレー糊を使用し、<br>
張替え用の生地に糊(ボンド)が染み込み、見える部分がまだらになって<br>
しまうといったお悩みも同時に解消してくれます。<br>
<br>
３Ｄ曲面対応！<br>
段差のある接地面やザラザラ面、木材の切断面、お部屋の壁のパネルと<br>
パネルの間など、凹凸のある箇所に使用しても施工後表面がガタガタせず<br>
非常に綺麗な見栄えで仕上がります。<br>
<br>
当商品は当店のスエード生地シートと同じ生地にウレタンスポンジの<br>
クッションが付属したものですので、併用が可能です。<br>
<br>
<br>
ステッカー感覚で施工を楽しんで下さい。<br>
ルーフ、トランクルーム、インパネ、オーディオコンソール、<br>
ドアの内張りなどに最適です。<br>
自動車内装だけでなく、お部屋のインテリアファブリックとして<br>
ウォールステッカーや、壁紙などとしてもお使い頂けます。<br>
<br>
※当商品はハイクオリティの韓国製です。 <br>
安価な中国製のものとは全く違います。 <br>
<br>
<br>
【カラー】<br>
商品名（商品タイトル）記載のカラーです。<br>
※全６種類ございます。<br>
ブラック(黒)/オレンジ(柿)/レッド(赤)/ベージュ(肌色)/ブルー(青)/グレー(灰) <br>
<br>
【サイズ】 <br>
商品名（商品タイトル）記載のサイズです。<br>
※全３種類ございます（幅の変更は出来ません）<br>
・Ａ４サイズ　→　幅30cm×20cm  <br>
・小　　　　　→　幅65cm×50cm<br>
・大　　　　　→　幅135cm×100cm<br>
※大サイズに関しまして<br>
100cm以上をご希望の方は希望の長さ(ｍ)分ご購入下さい。<BR>
一度に10m以上ご購入に関しましては送料・代引き手数料<BR>当社が負担させて頂きます。<BR>10mまでであれば1ｍ毎に延長可能。10mを超える場合10ｍ毎にカット致します。<br>
延長をご希望の場合は、希望の長さ（m）分ご購入下さい。<br>
長さ5ｍ以上をご希望の方は在庫の有無をお電話にて<br>
ご確認下さいますようお願い申し上げます。<br><br><br>
 <br>
<font color=""#cc0000"" size=""3"">※色/伸び/質感に関する質問が多々御座いますがモニター環境に<br>
よって色味が異なったり、感じ方に個人差がございますので<br>
不安な方は1円出品しておりますサンプルセットをご購入の<br>
上、商品をご購入下さいますようお願い申し上げます。<br>
購入後の上記理由での返品はお受けできません。</font><br>
<br>
【注意事項】<br>
※貼り付け・車検に関するご質問はお答え致しかねます。<br>
※取り付け前に必ず商品確認を行ってください。<br>
切断・加工後の返品交換は一切お受け致しかねます。<br>
※1枚ずつ業務用切り売りでスタッフが丁寧にカットしておりますが<br>
一部に断面が歪んだり欠けしまう場合が御座います。<br>
※念の為、切り損じを1cm程度(A4サイズは5mm程度)踏まえてお考え下さい。<br><center>
<br>
<img SRC=http://image.rakuten.co.jp/auc-automax/cabinet/imgrc0067382276.gif width=670 height=400><BR>
<br>
<img SRC=http://image.rakuten.co.jp/auc-automax/cabinet/img60333004.gif width=670 height=120><BR>
<br>

<br></center>",クッション付きスエードシート(小) 柿●ウレタン スポンジ スエード生地 糊付 アルカンターラ調 65cm&times;50cmオレンジ カッティング可 起毛 粘着 曲面 革 レザー ヌバックインテリア ウォールクロス 天張り 天井 内装 ステッカー シール バックスキンルック：AUTOMAX izumi,カッティングシートモニタースタンドアルカンターラ調スエード生地シート汎用パーツ自動車アクセサリーメッキモール送料無料ステッカーカー用品バイク用品ドレスアップラグジュアリー内装外装カット済みカーフィルム大阪通販激安格安施工クッション付きスエードシート(小) 柿●ウレタン スポンジ スエード生地 糊付 アルカンターラ調 65cm&times;50cmオレンジ カッティング可 起毛 粘着 曲面 革 レザー ヌバックインテリア ウォールクロス 天張り 天井 内装 ステッカー シール バックスキンルック,この商品は送料 全国一律600円 です(北海道/沖縄除く)同梱可能。。クッション付きスエードシート(小) 柿●ウレタン スポンジ スエード生地 糊付 アルカンターラ調 65cm&times;50cmオレンジ カッティング可 起毛 粘着 曲面 革 レザー ヌバックインテリア ウォールクロス 天張り 天井 内装 ステッカー シール バックスキンルック
7-2725,http://tshop.r10s.jp/auc-automax/cabinet/02420218/cushion-suede/img65664376.jpg?fitin=700:700,1538.4000,,花・ガーデン・DIY > 住宅建材・設備 > 壁材 > その他,クッション付きスエードシート(小) 赤●ウレタン スポンジ スエード生地 糊付き アルカンターラ調 65cm×50cmレッド カッティング可 起毛 粘着 曲面 革 レザー ヌバックインテリア ウォールクロス 天張り 天井 内装 ステッカー シール バックスキンルック,この商品は送料 全国一律600円 です(北海道/沖縄除く)同梱可能。,"光沢が抑えられた肌触りの良いアルカンターラ調シートに<br>
<font color=""#cc0000"" size=""5"">ウレタンスポンジを付けた新しいスエード生地シートです。</font><br>
<br>
非常に面倒な車の内張りの天井の張替え…<br>
当商品で一発解決です！<br>
当商品の裏面には糊が付いておりますので、スプレー糊を使用し、<br>
張替え用の生地に糊(ボンド)が染み込み、見える部分がまだらになって<br>
しまうといったお悩みも同時に解消してくれます。<br>
<br>
３Ｄ曲面対応！<br>
段差のある接地面やザラザラ面、木材の切断面、お部屋の壁のパネルと<br>
パネルの間など、凹凸のある箇所に使用しても施工後表面がガタガタせず<br>
非常に綺麗な見栄えで仕上がります。<br>
<br>
当商品は当店のスエード生地シートと同じ生地にウレタンスポンジの<br>
クッションが付属したものですので、併用が可能です。<br>
<br>
<br>
ステッカー感覚で施工を楽しんで下さい。<br>
ルーフ、トランクルーム、インパネ、オーディオコンソール、<br>
ドアの内張りなどに最適です。<br>
自動車内装だけでなく、お部屋のインテリアファブリックとして<br>
ウォールステッカーや、壁紙などとしてもお使い頂けます。<br>
<br>
※当商品はハイクオリティの韓国製です。 <br>
安価な中国製のものとは全く違います。 <br>
<br>
<br>
【カラー】<br>
商品名（商品タイトル）記載のカラーです。<br>
※全６種類ございます。<br>
ブラック(黒)/オレンジ(柿)/レッド(赤)/ベージュ(肌色)/ブルー(青)/グレー(灰) <br>
<br>
【サイズ】 <br>
商品名（商品タイトル）記載のサイズです。<br>
※全３種類ございます（幅の変更は出来ません）<br>
・Ａ４サイズ　→　幅30cm×20cm  <br>
・小　　　　　→　幅65cm×50cm<br>
・大　　　　　→　幅135cm×100cm<br>
※大サイズに関しまして<br>
100cm以上をご希望の方は希望の長さ(ｍ)分ご購入下さい。<BR>
一度に10m以上ご購入に関しましては送料・代引き手数料<BR>当社が負担させて頂きます。<BR>10mまでであれば1ｍ毎に延長可能。10mを超える場合10ｍ毎にカット致します。<br>
延長をご希望の場合は、希望の長さ（m）分ご購入下さい。<br>
長さ5ｍ以上をご希望の方は在庫の有無をお電話にて<br>
ご確認下さいますようお願い申し上げます。<br><br><br>
 <br>
<font color=""#cc0000"" size=""3"">※色/伸び/質感に関する質問が多々御座いますがモニター環境に<br>
よって色味が異なったり、感じ方に個人差がございますので<br>
不安な方は1円出品しておりますサンプルセットをご購入の<br>
上、商品をご購入下さいますようお願い申し上げます。<br>
購入後の上記理由での返品はお受けできません。</font><br>
<br>
【注意事項】<br>
※貼り付け・車検に関するご質問はお答え致しかねます。<br>
※取り付け前に必ず商品確認を行ってください。<br>
切断・加工後の返品交換は一切お受け致しかねます。<br>
※1枚ずつ業務用切り売りでスタッフが丁寧にカットしておりますが<br>
一部に断面が歪んだり欠けしまう場合が御座います。<br>
※念の為、切り損じを1cm程度(A4サイズは5mm程度)踏まえてお考え下さい。<br><center>
<br>
<img SRC=http://image.rakuten.co.jp/auc-automax/cabinet/imgrc0067382276.gif width=670 height=400><BR>
<br>
<img SRC=http://image.rakuten.co.jp/auc-automax/cabinet/img60333004.gif width=670 height=120><BR>
<br>

<br></center>",クッション付きスエードシート(小) 赤●ウレタン スポンジ スエード生地 糊付き アルカンターラ調 65cm&times;50cmレッド カッティング可 起毛 粘着 曲面 革 レザー ヌバックインテリア ウォールクロス 天張り 天井 内装 ステッカー シール バックスキンルック：AUTOMAX izumi,カッティングシートモニタースタンドアルカンターラ調スエード生地シート汎用パーツ自動車アクセサリーメッキモール送料無料ステッカーカー用品バイク用品ドレスアップラグジュアリー内装外装カット済みカーフィルム大阪通販激安格安施工クッション付きスエードシート(小) 赤●ウレタン スポンジ スエード生地 糊付き アルカンターラ調 65cm&times;50cmレッド カッティング可 起毛 粘着 曲面 革 レザー ヌバックインテリア ウォールクロス 天張り 天井 内装 ステッカー シール バックスキンルック,この商品は送料 全国一律600円 です(北海道/沖縄除く)同梱可能。。クッション付きスエードシート(小) 赤●ウレタン スポンジ スエード生地 糊付き アルカンターラ調 65cm&times;50cmレッド カッティング可 起毛 粘着 曲面 革 レザー ヌバックインテリア ウォールクロス 天張り 天井 内装 ステッカー シール バックスキンルック
7-2726,http://tshop.r10s.jp/auc-automax/cabinet/02420218/cushion-suede/img65598340.jpg?fitin=700:700,1538.4000,,花・ガーデン・DIY > 住宅建材・設備 > 壁材 > その他,クッション付きスエードシート(小) 黒●ウレタン スポンジ スエード生地 糊付 アルカンターラ調 65cm×50cmブラック カッティング可 起毛 粘着 曲面 革 レザー ヌバックインテリア ウォールクロス 天張り 天井 内装 ステッカー シール バックスキンルック,この商品は送料 全国一律600円 です(北海道/沖縄除く)同梱可能。,"光沢が抑えられた肌触りの良いアルカンターラ調シートに<br>
<font color=""#cc0000"" size=""5"">ウレタンスポンジを付けた新しいスエード生地シートです。</font><br>
<br>
非常に面倒な車の内張りの天井の張替え…<br>
当商品で一発解決です！<br>
当商品の裏面には糊が付いておりますので、スプレー糊を使用し、<br>
張替え用の生地に糊(ボンド)が染み込み、見える部分がまだらになって<br>
しまうといったお悩みも同時に解消してくれます。<br>
<br>
３Ｄ曲面対応！<br>
段差のある接地面やザラザラ面、木材の切断面、お部屋の壁のパネルと<br>
パネルの間など、凹凸のある箇所に使用しても施工後表面がガタガタせず<br>
非常に綺麗な見栄えで仕上がります。<br>
<br>
当商品は当店のスエード生地シートと同じ生地にウレタンスポンジの<br>
クッションが付属したものですので、併用が可能です。<br>
<br>
<br>
ステッカー感覚で施工を楽しんで下さい。<br>
ルーフ、トランクルーム、インパネ、オーディオコンソール、<br>
ドアの内張りなどに最適です。<br>
自動車内装だけでなく、お部屋のインテリアファブリックとして<br>
ウォールステッカーや、壁紙などとしてもお使い頂けます。<br>
<br>
※当商品はハイクオリティの韓国製です。 <br>
安価な中国製のものとは全く違います。 <br>
<br>
<br>
【カラー】<br>
商品名（商品タイトル）記載のカラーです。<br>
※全６種類ございます。<br>
ブラック(黒)/オレンジ(柿)/レッド(赤)/ベージュ(肌色)/ブルー(青)/グレー(灰) <br>
<br>
【サイズ】 <br>
商品名（商品タイトル）記載のサイズです。<br>
※全３種類ございます（幅の変更は出来ません）<br>
・Ａ４サイズ　→　幅30cm×20cm  <br>
・小　　　　　→　幅65cm×50cm<br>
・大　　　　　→　幅135cm×100cm<br>
※大サイズに関しまして<br>
100cm以上をご希望の方は希望の長さ(ｍ)分ご購入下さい。<BR>
一度に10m以上ご購入に関しましては送料・代引き手数料<BR>当社が負担させて頂きます。<BR>10mまでであれば1ｍ毎に延長可能。10mを超える場合10ｍ毎にカット致します。<br>
延長をご希望の場合は、希望の長さ（m）分ご購入下さい。<br>
長さ5ｍ以上をご希望の方は在庫の有無をお電話にて<br>
ご確認下さいますようお願い申し上げます。<br><br><br>
 <br>
<font color=""#cc0000"" size=""3"">※色/伸び/質感に関する質問が多々御座いますがモニター環境に<br>
よって色味が異なったり、感じ方に個人差がございますので<br>
不安な方は1円出品しておりますサンプルセットをご購入の<br>
上、商品をご購入下さいますようお願い申し上げます。<br>
購入後の上記理由での返品はお受けできません。</font><br>
<br>
【注意事項】<br>
※貼り付け・車検に関するご質問はお答え致しかねます。<br>
※取り付け前に必ず商品確認を行ってください。<br>
切断・加工後の返品交換は一切お受け致しかねます。<br>
※1枚ずつ業務用切り売りでスタッフが丁寧にカットしておりますが<br>
一部に断面が歪んだり欠けしまう場合が御座います。<br>
※念の為、切り損じを1cm程度(A4サイズは5mm程度)踏まえてお考え下さい。<br><center>
<br>
<img SRC=http://image.rakuten.co.jp/auc-automax/cabinet/imgrc0067382276.gif width=670 height=400><BR>
<br>
<img SRC=http://image.rakuten.co.jp/auc-automax/cabinet/img60333004.gif width=670 height=120><BR>
<br>

<br></center>",クッション付きスエードシート(小) 黒●ウレタン スポンジ スエード生地 糊付 アルカンターラ調 65cm&times;50cmブラック カッティング可 起毛 粘着 曲面 革 レザー ヌバックインテリア ウォールクロス 天張り 天井 内装 ステッカー シール バックスキンルック：AUTOMAX izumi,カッティングシートモニタースタンドアルカンターラ調スエード生地シート汎用パーツ自動車アクセサリーメッキモール送料無料ステッカーカー用品バイク用品ドレスアップラグジュアリー内装外装カット済みカーフィルム大阪通販激安格安施工クッション付きスエードシート(小) 黒●ウレタン スポンジ スエード生地 糊付 アルカンターラ調 65cm&times;50cmブラック カッティング可 起毛 粘着 曲面 革 レザー ヌバックインテリア ウォールクロス 天張り 天井 内装 ステッカー シール バックスキンルック,この商品は送料 全国一律600円 です(北海道/沖縄除く)同梱可能。。クッション付きスエードシート(小) 黒●ウレタン スポンジ スエード生地 糊付 アルカンターラ調 65cm&times;50cmブラック カッティング可 起毛 粘着 曲面 革 レザー ヌバックインテリア ウォールクロス 天張り 天井 内装 ステッカー シール バックスキンルック
7-2727,http://tshop.r10s.jp/auc-automax/cabinet/02420218/cushion-suede/img65664376.jpg?fitin=700:700,1538.4000,,花・ガーデン・DIY > 住宅建材・設備 > 壁材 > その他,クッション付きスエードシート(小) 赤●ウレタン スポンジ スエード生地 糊付き アルカンターラ調 65cm×50cmレッド カッティング可 起毛 粘着 曲面 革 レザー ヌバックインテリア ウォールクロス 天張り 天井 内装 ステッカー シール バックスキンルック,この商品は送料 全国一律600円 です(北海道/沖縄除く)同梱可能。,"光沢が抑えられた肌触りの良いアルカンターラ調シートに<br>
<font color=""#cc0000"" size=""5"">ウレタンスポンジを付けた新しいスエード生地シートです。</font><br>
<br>
非常に面倒な車の内張りの天井の張替え…<br>
当商品で一発解決です！<br>
当商品の裏面には糊が付いておりますので、スプレー糊を使用し、<br>
張替え用の生地に糊(ボンド)が染み込み、見える部分がまだらになって<br>
しまうといったお悩みも同時に解消してくれます。<br>
<br>
３Ｄ曲面対応！<br>
段差のある接地面やザラザラ面、木材の切断面、お部屋の壁のパネルと<br>
パネルの間など、凹凸のある箇所に使用しても施工後表面がガタガタせず<br>
非常に綺麗な見栄えで仕上がります。<br>
<br>
当商品は当店のスエード生地シートと同じ生地にウレタンスポンジの<br>
クッションが付属したものですので、併用が可能です。<br>
<br>
<br>
ステッカー感覚で施工を楽しんで下さい。<br>
ルーフ、トランクルーム、インパネ、オーディオコンソール、<br>
ドアの内張りなどに最適です。<br>
自動車内装だけでなく、お部屋のインテリアファブリックとして<br>
ウォールステッカーや、壁紙などとしてもお使い頂けます。<br>
<br>
※当商品はハイクオリティの韓国製です。 <br>
安価な中国製のものとは全く違います。 <br>
<br>
<br>
【カラー】<br>
商品名（商品タイトル）記載のカラーです。<br>
※全６種類ございます。<br>
ブラック(黒)/オレンジ(柿)/レッド(赤)/ベージュ(肌色)/ブルー(青)/グレー(灰) <br>
<br>
【サイズ】 <br>
商品名（商品タイトル）記載のサイズです。<br>
※全３種類ございます（幅の変更は出来ません）<br>
・Ａ４サイズ　→　幅30cm×20cm  <br>
・小　　　　　→　幅65cm×50cm<br>
・大　　　　　→　幅135cm×100cm<br>
※大サイズに関しまして<br>
100cm以上をご希望の方は希望の長さ(ｍ)分ご購入下さい。<BR>
一度に10m以上ご購入に関しましては送料・代引き手数料<BR>当社が負担させて頂きます。<BR>10mまでであれば1ｍ毎に延長可能。10mを超える場合10ｍ毎にカット致します。<br>
延長をご希望の場合は、希望の長さ（m）分ご購入下さい。<br>
長さ5ｍ以上をご希望の方は在庫の有無をお電話にて<br>
ご確認下さいますようお願い申し上げます。<br><br><br>
 <br>
<font color=""#cc0000"" size=""3"">※色/伸び/質感に関する質問が多々御座いますがモニター環境に<br>
よって色味が異なったり、感じ方に個人差がございますので<br>
不安な方は1円出品しておりますサンプルセットをご購入の<br>
上、商品をご購入下さいますようお願い申し上げます。<br>
購入後の上記理由での返品はお受けできません。</font><br>
<br>
【注意事項】<br>
※貼り付け・車検に関するご質問はお答え致しかねます。<br>
※取り付け前に必ず商品確認を行ってください。<br>
切断・加工後の返品交換は一切お受け致しかねます。<br>
※1枚ずつ業務用切り売りでスタッフが丁寧にカットしておりますが<br>
一部に断面が歪んだり欠けしまう場合が御座います。<br>
※念の為、切り損じを1cm程度(A4サイズは5mm程度)踏まえてお考え下さい。<br><center>
<br>
<img SRC=http://image.rakuten.co.jp/auc-automax/cabinet/imgrc0067382276.gif width=670 height=400><BR>
<br>
<img SRC=http://image.rakuten.co.jp/auc-automax/cabinet/img60333004.gif width=670 height=120><BR>
<br>

<br></center>",クッション付きスエードシート(小) 赤●ウレタン スポンジ スエード生地 糊付き アルカンターラ調 65cm&times;50cmレッド カッティング可 起毛 粘着 曲面 革 レザー ヌバックインテリア ウォールクロス 天張り 天井 内装 ステッカー シール バックスキンルック：AUTOMAX izumi,カッティングシートモニタースタンドアルカンターラ調スエード生地シート汎用パーツ自動車アクセサリーメッキモール送料無料ステッカーカー用品バイク用品ドレスアップラグジュアリー内装外装カット済みカーフィルム大阪通販激安格安施工クッション付きスエードシート(小) 赤●ウレタン スポンジ スエード生地 糊付き アルカンターラ調 65cm&times;50cmレッド カッティング可 起毛 粘着 曲面 革 レザー ヌバックインテリア ウォールクロス 天張り 天井 内装 ステッカー シール バックスキンルック,この商品は送料 全国一律600円 です(北海道/沖縄除く)同梱可能。。クッション付きスエードシート(小) 赤●ウレタン スポンジ スエード生地 糊付き アルカンターラ調 65cm&times;50cmレッド カッティング可 起毛 粘着 曲面 革 レザー ヌバックインテリア ウォールクロス 天張り 天井 内装 ステッカー シール バックスキンルック
7-2728,http://tshop.r10s.jp/auc-automax/cabinet/02420218/cushion-suede/img65664368.jpg?fitin=700:700,1538.4000,,花・ガーデン・DIY > 住宅建材・設備 > 壁材 > その他,クッション付きスエードシート(小) ベージュ●ウレタン スポンジ スエード生地 糊付き アルカンターラ調 65cm×50cm肌色 カッティング可 起毛 粘着 曲面 革 レザー ヌバックインテリア ウォールクロス 天張り 天井 内装 ステッカー シール バックスキン,この商品は送料 全国一律600円 です(北海道/沖縄除く)同梱可能。,"光沢が抑えられた肌触りの良いアルカンターラ調シートに<br>
<font color=""#cc0000"" size=""5"">ウレタンスポンジを付けた新しいスエード生地シートです。</font><br>
<br>
非常に面倒な車の内張りの天井の張替え…<br>
当商品で一発解決です！<br>
当商品の裏面には糊が付いておりますので、スプレー糊を使用し、<br>
張替え用の生地に糊(ボンド)が染み込み、見える部分がまだらになって<br>
しまうといったお悩みも同時に解消してくれます。<br>
<br>
３Ｄ曲面対応！<br>
段差のある接地面やザラザラ面、木材の切断面、お部屋の壁のパネルと<br>
パネルの間など、凹凸のある箇所に使用しても施工後表面がガタガタせず<br>
非常に綺麗な見栄えで仕上がります。<br>
<br>
当商品は当店のスエード生地シートと同じ生地にウレタンスポンジの<br>
クッションが付属したものですので、併用が可能です。<br>
<br>
<br>
ステッカー感覚で施工を楽しんで下さい。<br>
ルーフ、トランクルーム、インパネ、オーディオコンソール、<br>
ドアの内張りなどに最適です。<br>
自動車内装だけでなく、お部屋のインテリアファブリックとして<br>
ウォールステッカーや、壁紙などとしてもお使い頂けます。<br>
<br>
※当商品はハイクオリティの韓国製です。 <br>
安価な中国製のものとは全く違います。 <br>
<br>
<br>
【カラー】<br>
商品名（商品タイトル）記載のカラーです。<br>
※全６種類ございます。<br>
ブラック(黒)/オレンジ(柿)/レッド(赤)/ベージュ(肌色)/ブルー(青)/グレー(灰) <br>
<br>
【サイズ】 <br>
商品名（商品タイトル）記載のサイズです。<br>
※全３種類ございます（幅の変更は出来ません）<br>
・Ａ４サイズ　→　幅30cm×20cm  <br>
・小　　　　　→　幅65cm×50cm<br>
・大　　　　　→　幅135cm×100cm<br>
※大サイズに関しまして<br>
100cm以上をご希望の方は希望の長さ(ｍ)分ご購入下さい。<BR>
一度に10m以上ご購入に関しましては送料・代引き手数料<BR>当社が負担させて頂きます。<BR>10mまでであれば1ｍ毎に延長可能。10mを超える場合10ｍ毎にカット致します。<br>
延長をご希望の場合は、希望の長さ（m）分ご購入下さい。<br>
長さ5ｍ以上をご希望の方は在庫の有無をお電話にて<br>
ご確認下さいますようお願い申し上げます。<br><br><br>
 <br>
<font color=""#cc0000"" size=""3"">※色/伸び/質感に関する質問が多々御座いますがモニター環境に<br>
よって色味が異なったり、感じ方に個人差がございますので<br>
不安な方は1円出品しておりますサンプルセットをご購入の<br>
上、商品をご購入下さいますようお願い申し上げます。<br>
購入後の上記理由での返品はお受けできません。</font><br>
<br>
【注意事項】<br>
※貼り付け・車検に関するご質問はお答え致しかねます。<br>
※取り付け前に必ず商品確認を行ってください。<br>
切断・加工後の返品交換は一切お受け致しかねます。<br>
※1枚ずつ業務用切り売りでスタッフが丁寧にカットしておりますが<br>
一部に断面が歪んだり欠けしまう場合が御座います。<br>
※念の為、切り損じを1cm程度(A4サイズは5mm程度)踏まえてお考え下さい。<br><center>
<br>
<img SRC=http://image.rakuten.co.jp/auc-automax/cabinet/imgrc0067382276.gif width=670 height=400><BR>
<br>
<img SRC=http://image.rakuten.co.jp/auc-automax/cabinet/img60333004.gif width=670 height=120><BR>
<br>

<br></center>",クッション付きスエードシート(小) ベージュ●ウレタン スポンジ スエード生地 糊付き アルカンターラ調 65cm&times;50cm肌色 カッティング可 起毛 粘着 曲面 革 レザー ヌバックインテリア ウォールクロス 天張り 天井 内装 ステッカー シール バックスキン：AUTOMAX izumi,カッティングシートモニタースタンドアルカンターラ調スエード生地シート汎用パーツ自動車アクセサリーメッキモール送料無料ステッカーカー用品バイク用品ドレスアップラグジュアリー内装外装カット済みカーフィルム大阪通販激安格安施工クッション付きスエードシート(小) ベージュ●ウレタン スポンジ スエード生地 糊付き アルカンターラ調 65cm&times;50cm肌色 カッティング可 起毛 粘着 曲面 革 レザー ヌバックインテリア ウォールクロス 天張り 天井 内装 ステッカー シール バックスキン,この商品は送料 全国一律600円 です(北海道/沖縄除く)同梱可能。。クッション付きスエードシート(小) ベージュ●ウレタン スポンジ スエード生地 糊付き アルカンターラ調 65cm&times;50cm肌色 カッティング可 起毛 粘着 曲面 革 レザー ヌバックインテリア ウォールクロス 天張り 天井 内装 ステッカー シール バックスキン
7-2729,http://tshop.r10s.jp/jism/cabinet/0515/4968124207308.jpg?fitin=700:700,9504.0000,,花・ガーデン・DIY > 住宅建材・設備 > 床材 > その他,AM05【税込】 カーボーイ 足腰マット　穴あき　Mサイズ  [AM05カボイ]【返品種別A】【送料無料】【RCP】,楽天Shop of the Year 2016 総合グランプリ受賞★,"在庫状況：入荷次第出荷<br><br><br><font color=blue>□「返品種別」について詳しくはこちら□</font><br><br><p><br><p><br>◆人肌程のクッション性が耐圧を分散し、足腰の疲労を軽減できるマットです。<br>◆耐水、耐油性に優れています。<br>◆工場などの立ち作業の足元用マット。<br><br>■　仕　様　■<ul><li>ニトリルゴム（NBR）・ポリウレタン（PUR）</li><li>厚み（mm）：17</li><li>色：黒</li><li>幅（mm）：750</li><li>長さ（mm）：900</li><li>質量：1.4kg</li></ul><br><br><br>(※この説明文は楽天市場店の記載内容です。URLはhttp://item.rakuten.co.jp/jism/で始まります。URLが異なる際はサイトを利用することのないよう十分ご注意ください。)<table width=""600"" border=0 cellpadding=5 cellspacing=0 bgcolor=""#F0EDE4""><tr><td align=""center"" bgcolor=""#BBA04E"">
<table width=""590"" border=0 cellpadding=2 cellspacing=1 bgcolor=""#F0EDE4"" summary="""" style=""font-size:12px;""><tr><td>おすすめカテゴリー　：　エアコン　・　加湿器　・　冷蔵庫　・　ホットカーペット　・　布団乾燥機</td></tr><tr><td align=""center"">ゴルフボール　・　掃除機・クリーナー　・　ＴＶゲーム　・　電池　・　充電池・充電器　・　ラッピング袋
</td></tr></table>
</td></tr></table><br>",AM05【税込】 カーボーイ 足腰マット　穴あき　Mサイズ  [AM05カボイ]【返品種別A】【送料無料】【RCP】：Joshin web 家電とPCの大型専門店,家電パソコンAV機器高級オーディオホビーおもちゃゲーム鉄道模型時計PCテレビレコーダー雑貨模型冷蔵庫洗濯機エアコンgamehobbycomputerAM05【税込】 カーボーイ 足腰マット　穴あき　Mサイズ  [AM05カボイ]【返品種別A】【送料無料】【RCP】,楽天Shop of the Year 2016 総合グランプリ受賞★。AM05【税込】 カーボーイ 足腰マット　穴あき　Mサイズ  [AM05カボイ]【返品種別A】【送料無料】【RCP】
7-2730,http://tshop.r10s.jp/jism/cabinet/0548/4989999203271.jpg?fitin=700:700,15120.0000,,花・ガーデン・DIY > 住宅建材・設備 > 床材 > その他,CM609010GN【税込】 トラスコ中山 粘着クリーンマット　600X900MM　グリーン　10シート入  [CM609010GN]【返品種別A】【送料無料】【RCP】,楽天Shop of the Year 2016 総合グランプリ受賞★,"在庫状況：入荷次第出荷<br><br><br><font color=blue>□「返品種別」について詳しくはこちら□</font><br><br><p><br><p><br>◆汚れたフィルムをはがすだけでいつでも清潔な環境にすることができます。<br>◆連番タブ付でマットの残数の確認が容易です。<br><br>■　仕　様　■<ul><li>色:グリーン</li><li>幅(mm):600</li><li>長さ(mm):900</li><li>厚み(mm):1.6</li><li>質量(kg):8.9</li><li>1シート:フィルム30枚</li><li>フィルム厚み:50μm</li><li>フィルム:低密度ポリエチレン（LDPE）</li><li>粘着剤:水性アクリル乳酸</li></ul><br><br><br>(※この説明文は楽天市場店の記載内容です。URLはhttp://item.rakuten.co.jp/jism/で始まります。URLが異なる際はサイトを利用することのないよう十分ご注意ください。)<table width=""600"" border=0 cellpadding=5 cellspacing=0 bgcolor=""#F0EDE4""><tr><td align=""center"" bgcolor=""#BBA04E"">
<table width=""590"" border=0 cellpadding=2 cellspacing=1 bgcolor=""#F0EDE4"" summary="""" style=""font-size:12px;""><tr><td>おすすめカテゴリー　：　エアコン　・　加湿器　・　冷蔵庫　・　ホットカーペット　・　布団乾燥機</td></tr><tr><td align=""center"">ゴルフボール　・　掃除機・クリーナー　・　ＴＶゲーム　・　電池　・　充電池・充電器　・　ラッピング袋
</td></tr></table>
</td></tr></table><br>",CM609010GN【税込】 トラスコ中山 粘着クリーンマット　600X900MM　グリーン　10シート入  [CM609010GN]【返品種別A】【送料無料】【RCP】：Joshin web 家電とPCの大型専門店,家電パソコンAV機器高級オーディオホビーおもちゃゲーム鉄道模型時計PCテレビレコーダー雑貨模型冷蔵庫洗濯機エアコンgamehobbycomputerCM609010GN【税込】 トラスコ中山 粘着クリーンマット　600X900MM　グリーン　10シート入  [CM609010GN]【返品種別A】【送料無料】【RCP】,楽天Shop of the Year 2016 総合グランプリ受賞★。CM609010GN【税込】 トラスコ中山 粘着クリーンマット　600X900MM　グリーン　10シート入  [CM609010GN]【返品種別A】【送料無料】【RCP】
7-2731,http://tshop.r10s.jp/kiro/cabinet/products/3231/32314301.jpg?fitin=700:700,18272.0000,,花・ガーデン・DIY > 住宅建材・設備 > 床材 > その他,ミヅシマ工業　エンハンスＴＭマット500　#1218　1200×1800×8mm　1枚入,優れた堅牢性のマットです。,"<table class='item_det_table' width='400px' border='0' cellspacing='0' cellpadding='0'> <tr><th>商品番号</th><td>32314301</td></tr><tr><th>メーカー</th><td>ミヅシマ工業</td></tr><tr><th>サイズ</th><td>幅 1200mm × 奥行き 1800mm × 高さ 8mm</td></tr><tr><th>通常納期</th><td>７～１４日後発送</td></tr><tr><th>素材</th><td>樹脂</td></tr><tr><th>配送区分</th><td>1<br>※商品により配送可能エリアが異なります。<br>配送エリア表をご覧ください。</td></tr><tr><th>工事対応</th><td>この商品は工事を承っておりません。<br></td></tr></table><br><br><div class='bott_10'>パターンの異なるポリプロピレンパイルが細かいゴミを取り除く屋内用マットです。</div ><br><br><div><b>備考</b><div><div class='bott_10'>※ 材質上、記載サイズ表示に多少の寸法誤差がおこりますのでご了承ください。<br>※ 製品の形状、サイズにより製品が設置場所から移動する場合があります。必要に応じて動か<br>ないように固定してください。<br>※ 樹脂は温度変化により伸縮を繰り返し最終的に縮む傾向となります。設置面が材質の融点を<br>超える場合、融け、波打ちが生じる場合がありますのでご注意ください。</div ><br><br><br><br><!--GoQSystemレジよこメーカー--><!--GoQSystemレジよこメーカー--><!--左追いかけバナー セール用-->
 
<div style=""display:block; width:100px; position:fixed; top:0px; left:20px; z-index:10;"">  </div>

<div style=""display:block; width:100px; position:fixed; top:513px; left:20px; z-index:10;"">  </div>

<div style=""display:block; width:100px; position:fixed; top:913px; left:20px; z-index:10;"">  </div>

<div style=""display:block; width:100px; position:fixed; top:1426px; left:20px; z-index:10;"">  </div>

<!--　セール左追いかけバナー　ここまで　-->

<style type=""text/css"">
input[value=""買い物かごに入れる""]{

	font-size:16px;
	font-family: ""メイリオ"",""Meiryo""; 
	font-weight:bold;
	-moz-border-radius:8px;
	-webkit-border-radius:8px;
	border-radius:8px;
	border:1px solid #d83526;
	padding:9px 18px;
	text-decoration:none;
        
	background:-moz-linear-gradient( center top, #fe1a00 5%, #ce0100 100% );
	background:-ms-linear-gradient( top, #fe1a00 5%, #ce0100 100% );
       	background:-webkit-gradient( linear, left top, left bottom, color-stop(5%, #fe1a00), color-stop(100%, #ce0100) );

	background-color:#fe1a00;
	color:#ffffff;
	display:inline-block;
	text-shadow:1px 1px 0px #b23e35;
 	box-shadow:inset 1px 1px 0px 0px #f29c93; } 
</style>

<style type=""text/css"">
input[value=""現地調査依頼""]{

	font-size:16px;
	font-family: ""メイリオ"",""Meiryo""; 
	font-weight:bold;
	-moz-border-radius:8px;
	-webkit-border-radius:8px;
	border-radius:8px;
	border:1px solid #d83526;
	padding:9px 18px;
	text-decoration:none;
        
	background:-moz-linear-gradient( center top, #fe1a00 5%, #ce0100 100% );
	background:-ms-linear-gradient( top, #fe1a00 5%, #ce0100 100% );
       	background:-webkit-gradient( linear, left top, left bottom, color-stop(5%, #fe1a00), color-stop(100%, #ce0100) );

	background-color:#fe1a00;
	color:#ffffff;
	display:inline-block;
	text-shadow:1px 1px 0px #b23e35;
 	box-shadow:inset 1px 1px 0px 0px #f29c93; } 
</style>


<!--
<style type=""text/css"">
body{
    background-image:url(""http://image.rakuten.co.jp/kiro/cabinet/img/no432_11_20160301.jpg"");
    background-repeat:repeat-y;
    background-position:right;
}
</style>
-->


<!--ここから楽太郎--> 
<center>

</center>
<!--ここまで楽太郎-->

<!--ここから楽太郎--><br>
<center>

</center>
<!--ここまで楽太郎-->

<!--ここから楽太郎--> 
<center>
<div style=""width:800px; margin-bottom:10px; background-color:#ffffff;"">   
<p style=""background-color:#ff6026; color:#ffffff; border:1px solid #c9c9c9;font-size:16px; font-weight:bold; text-align:center; line-height:15px; padding:5px 10px; margin:0;"">ピックアップアイテム</p>
<div style=""border:1px solid #c9c9c9;""> 
<center></center>
</div></div>
</center>
<!--ここまで楽太郎-->


<!--
<div style=""margin:0;padding:3px 0px 3px 0px;font-size:12px;border: 3px solid #ff0000;width:800px;"">
<marquee width=""800px"" scrolldelay=""150"">
<font color=""red""><b>●緊急のお知らせ</b></font>&nbsp;&nbsp;
<font color=""red"">8月29日（木）</font>は担当者不在のため、お電話でのお問い合わせは受け付けできません。
ご迷惑をお掛けしますが、お問い合わせはお問い合わせページからして頂くようよろしくお願い致します。
</marquee>
</div>-->

<div style=""padding-left:345px;margin-bottom:5px;"">

	<img src=""http://image.rakuten.co.jp/kiro/cabinet/img/849.jpg"" border=""0"">

</div>

<div style=""padding-left:345px;margin-bottom:5px;"">
<img src=""http://www.rakuten.ne.jp/gold/kiro/img/no405_01.jpg"" border=""0"">
</div>

</div>",ミヅシマ工業　エンハンスＴＭマット500　#1218　1200&times;1800&times;8mm　1枚入：キロ楽天市場支店,ミヅシマ工業　エンハンスＴＭマット500　#1218　1200&times;1800&times;8mm　1枚入,優れた堅牢性のマットです。。ミヅシマ工業　エンハンスＴＭマット500　#1218　1200&times;1800&times;8mm　1枚入
7-2732,http://tshop.r10s.jp/kiro/cabinet/products/1740/17403301.jpg?fitin=700:700,17304.0000,,花・ガーデン・DIY > 住宅建材・設備 > 床材 > その他,ビーライフエス　タイル　ブルーメ　300角階段　BA-4　【超よごれ防止機能付】　14枚入り　【日本製タイル　ナノフィニッシュ】 グレー,よごれ防止機能が付いた、クォーツ調のタイル,"<table class='item_det_table' width='400px' border='0' cellspacing='0' cellpadding='0'> <tr><th>商品番号</th><td>17403301</td></tr><tr><th>メーカー</th><td>ビーライフエス</td></tr><tr><th>サイズ</th><td>幅 294mm × 奥行き 294mm × 高さ 9mm</td></tr><tr><th>カラー</th><td>グレー</td></tr><tr><th>通常納期</th><td>７～１４日後発送</td></tr><tr><th>素材</th><td>磁器質</td></tr><tr><th>配送区分</th><td>1<br>※商品により配送可能エリアが異なります。<br>配送エリア表をご覧ください。</td></tr><tr><th>工事対応</th><td>この商品は工事を承っておりません。<br></td></tr></table><br><br><div class='bott_10'>クォーツ調のデザインが、どんなデザインにもマッチします。<br>価格は1ケースあたりの表示です。（1ケース14枚入）<br>使用目安：3.5枚/ｍ<br></div ><br><br><div><b>備考</b><div><div class='bott_10'>●付着した汚れが落ちやすいタイルです。また、傷がつきにくく、滑りにくい特性も兼ねています。<br>●壁へのご使用の際は、壁の高さ、下地にあった接着剤をご使用ください。<br>●焼きもの特有の自然な色むらと色幅があります。</div ><br><br><br><br><!--GoQSystemレジよこメーカー--><!--GoQSystemレジよこメーカー--><!--左追いかけバナー セール用-->
 
<div style=""display:block; width:100px; position:fixed; top:0px; left:20px; z-index:10;"">  </div>

<div style=""display:block; width:100px; position:fixed; top:513px; left:20px; z-index:10;"">  </div>

<div style=""display:block; width:100px; position:fixed; top:913px; left:20px; z-index:10;"">  </div>

<div style=""display:block; width:100px; position:fixed; top:1426px; left:20px; z-index:10;"">  </div>

<!--　セール左追いかけバナー　ここまで　-->

<style type=""text/css"">
input[value=""買い物かごに入れる""]{

	font-size:16px;
	font-family: ""メイリオ"",""Meiryo""; 
	font-weight:bold;
	-moz-border-radius:8px;
	-webkit-border-radius:8px;
	border-radius:8px;
	border:1px solid #d83526;
	padding:9px 18px;
	text-decoration:none;
        
	background:-moz-linear-gradient( center top, #fe1a00 5%, #ce0100 100% );
	background:-ms-linear-gradient( top, #fe1a00 5%, #ce0100 100% );
       	background:-webkit-gradient( linear, left top, left bottom, color-stop(5%, #fe1a00), color-stop(100%, #ce0100) );

	background-color:#fe1a00;
	color:#ffffff;
	display:inline-block;
	text-shadow:1px 1px 0px #b23e35;
 	box-shadow:inset 1px 1px 0px 0px #f29c93; } 
</style>

<style type=""text/css"">
input[value=""現地調査依頼""]{

	font-size:16px;
	font-family: ""メイリオ"",""Meiryo""; 
	font-weight:bold;
	-moz-border-radius:8px;
	-webkit-border-radius:8px;
	border-radius:8px;
	border:1px solid #d83526;
	padding:9px 18px;
	text-decoration:none;
        
	background:-moz-linear-gradient( center top, #fe1a00 5%, #ce0100 100% );
	background:-ms-linear-gradient( top, #fe1a00 5%, #ce0100 100% );
       	background:-webkit-gradient( linear, left top, left bottom, color-stop(5%, #fe1a00), color-stop(100%, #ce0100) );

	background-color:#fe1a00;
	color:#ffffff;
	display:inline-block;
	text-shadow:1px 1px 0px #b23e35;
 	box-shadow:inset 1px 1px 0px 0px #f29c93; } 
</style>


<!--
<style type=""text/css"">
body{
    background-image:url(""http://image.rakuten.co.jp/kiro/cabinet/img/no432_11_20160301.jpg"");
    background-repeat:repeat-y;
    background-position:right;
}
</style>
-->


<!--ここから楽太郎--> 
<center>

</center>
<!--ここまで楽太郎-->

<!--ここから楽太郎--><br>
<center>

</center>
<!--ここまで楽太郎-->

<!--ここから楽太郎--> 
<center>
<div style=""width:800px; margin-bottom:10px; background-color:#ffffff;"">   
<p style=""background-color:#ff6026; color:#ffffff; border:1px solid #c9c9c9;font-size:16px; font-weight:bold; text-align:center; line-height:15px; padding:5px 10px; margin:0;"">ピックアップアイテム</p>
<div style=""border:1px solid #c9c9c9;""> 
<center></center>
</div></div>
</center>
<!--ここまで楽太郎-->


<!--
<div style=""margin:0;padding:3px 0px 3px 0px;font-size:12px;border: 3px solid #ff0000;width:800px;"">
<marquee width=""800px"" scrolldelay=""150"">
<font color=""red""><b>●緊急のお知らせ</b></font>&nbsp;&nbsp;
<font color=""red"">8月29日（木）</font>は担当者不在のため、お電話でのお問い合わせは受け付けできません。
ご迷惑をお掛けしますが、お問い合わせはお問い合わせページからして頂くようよろしくお願い致します。
</marquee>
</div>-->

<div style=""padding-left:345px;margin-bottom:5px;"">

	<img src=""http://image.rakuten.co.jp/kiro/cabinet/img/849.jpg"" border=""0"">

</div>

<div style=""padding-left:345px;margin-bottom:5px;"">
<img src=""http://www.rakuten.ne.jp/gold/kiro/img/no405_01.jpg"" border=""0"">
</div>

</div>",ビーライフエス　タイル　ブルーメ　300角階段　BA-4　【超よごれ防止機能付】　14枚入り　【日本製タイル　ナノフィニッシュ】 グレー：キロ楽天市場支店,ビーライフエス　タイル　ブルーメ　300角階段　BA-4　【超よごれ防止機能付】　14枚入り　【日本製タイル　ナノフィニッシュ】 グレー,よごれ防止機能が付いた、クォーツ調のタイル。ビーライフエス　タイル　ブルーメ　300角階段　BA-4　【超よごれ防止機能付】　14枚入り　【日本製タイル　ナノフィニッシュ】 グレー
7-2733,http://tshop.r10s.jp/kiro/cabinet/products/1740/17402201.jpg?fitin=700:700,17712.0000,,花・ガーデン・DIY > 住宅建材・設備 > 床材 > その他,ビーライフエス　タイル　ピルツ　300角階段　S-15　【超よごれ防止機能付】　14枚入り　【日本製タイル　ナノフィニッシュ】 イエロー,よごれ防止機能が付いた、テラコッタ調タイル,"<table class='item_det_table' width='400px' border='0' cellspacing='0' cellpadding='0'> <tr><th>商品番号</th><td>17402201</td></tr><tr><th>メーカー</th><td>ビーライフエス</td></tr><tr><th>サイズ</th><td>幅 294mm × 奥行き 294mm × 高さ 9mm</td></tr><tr><th>カラー</th><td>イエロー</td></tr><tr><th>通常納期</th><td>７～１４日後発送</td></tr><tr><th>素材</th><td>磁器質</td></tr><tr><th>配送区分</th><td>1<br>※商品により配送可能エリアが異なります。<br>配送エリア表をご覧ください。</td></tr><tr><th>工事対応</th><td>この商品は工事を承っておりません。<br></td></tr></table><br><br><div class='bott_10'>ベーシックなデザインと機能性に優れた『ピルツ』はいつまでも美しい色調を保ちます。<br>価格は1ケースあたりの表示です。（1ケース14枚入）<br>使用目安：3.9枚/m<br></div ><br><br><div><b>備考</b><div><div class='bott_10'>●付着した汚れが落ちやすいタイルです。また、傷がつきにくく、滑りにくい特性も兼ねています。<br>●壁へのご使用の際は、壁の高さ、下地にあった接着剤をご使用ください。<br>●焼きもの特有の自然な色むらと色幅があります。</div ><br><br><br><br><!--GoQSystemレジよこメーカー--><!--GoQSystemレジよこメーカー--><!--左追いかけバナー セール用-->
 
<div style=""display:block; width:100px; position:fixed; top:0px; left:20px; z-index:10;"">  </div>

<div style=""display:block; width:100px; position:fixed; top:513px; left:20px; z-index:10;"">  </div>

<div style=""display:block; width:100px; position:fixed; top:913px; left:20px; z-index:10;"">  </div>

<div style=""display:block; width:100px; position:fixed; top:1426px; left:20px; z-index:10;"">  </div>

<!--　セール左追いかけバナー　ここまで　-->

<style type=""text/css"">
input[value=""買い物かごに入れる""]{

	font-size:16px;
	font-family: ""メイリオ"",""Meiryo""; 
	font-weight:bold;
	-moz-border-radius:8px;
	-webkit-border-radius:8px;
	border-radius:8px;
	border:1px solid #d83526;
	padding:9px 18px;
	text-decoration:none;
        
	background:-moz-linear-gradient( center top, #fe1a00 5%, #ce0100 100% );
	background:-ms-linear-gradient( top, #fe1a00 5%, #ce0100 100% );
       	background:-webkit-gradient( linear, left top, left bottom, color-stop(5%, #fe1a00), color-stop(100%, #ce0100) );

	background-color:#fe1a00;
	color:#ffffff;
	display:inline-block;
	text-shadow:1px 1px 0px #b23e35;
 	box-shadow:inset 1px 1px 0px 0px #f29c93; } 
</style>

<style type=""text/css"">
input[value=""現地調査依頼""]{

	font-size:16px;
	font-family: ""メイリオ"",""Meiryo""; 
	font-weight:bold;
	-moz-border-radius:8px;
	-webkit-border-radius:8px;
	border-radius:8px;
	border:1px solid #d83526;
	padding:9px 18px;
	text-decoration:none;
        
	background:-moz-linear-gradient( center top, #fe1a00 5%, #ce0100 100% );
	background:-ms-linear-gradient( top, #fe1a00 5%, #ce0100 100% );
       	background:-webkit-gradient( linear, left top, left bottom, color-stop(5%, #fe1a00), color-stop(100%, #ce0100) );

	background-color:#fe1a00;
	color:#ffffff;
	display:inline-block;
	text-shadow:1px 1px 0px #b23e35;
 	box-shadow:inset 1px 1px 0px 0px #f29c93; } 
</style>


<!--
<style type=""text/css"">
body{
    background-image:url(""http://image.rakuten.co.jp/kiro/cabinet/img/no432_11_20160301.jpg"");
    background-repeat:repeat-y;
    background-position:right;
}
</style>
-->


<!--ここから楽太郎--> 
<center>

</center>
<!--ここまで楽太郎-->

<!--ここから楽太郎--><br>
<center>

</center>
<!--ここまで楽太郎-->

<!--ここから楽太郎--> 
<center>
<div style=""width:800px; margin-bottom:10px; background-color:#ffffff;"">   
<p style=""background-color:#ff6026; color:#ffffff; border:1px solid #c9c9c9;font-size:16px; font-weight:bold; text-align:center; line-height:15px; padding:5px 10px; margin:0;"">ピックアップアイテム</p>
<div style=""border:1px solid #c9c9c9;""> 
<center></center>
</div></div>
</center>
<!--ここまで楽太郎-->


<!--
<div style=""margin:0;padding:3px 0px 3px 0px;font-size:12px;border: 3px solid #ff0000;width:800px;"">
<marquee width=""800px"" scrolldelay=""150"">
<font color=""red""><b>●緊急のお知らせ</b></font>&nbsp;&nbsp;
<font color=""red"">8月29日（木）</font>は担当者不在のため、お電話でのお問い合わせは受け付けできません。
ご迷惑をお掛けしますが、お問い合わせはお問い合わせページからして頂くようよろしくお願い致します。
</marquee>
</div>-->

<div style=""padding-left:345px;margin-bottom:5px;"">

	<img src=""http://image.rakuten.co.jp/kiro/cabinet/img/849.jpg"" border=""0"">

</div>

<div style=""padding-left:345px;margin-bottom:5px;"">
<img src=""http://www.rakuten.ne.jp/gold/kiro/img/no405_01.jpg"" border=""0"">
</div>

</div>",ビーライフエス　タイル　ピルツ　300角階段　S-15　【超よごれ防止機能付】　14枚入り　【日本製タイル　ナノフィニッシュ】 イエロー：キロ楽天市場支店,ビーライフエス　タイル　ピルツ　300角階段　S-15　【超よごれ防止機能付】　14枚入り　【日本製タイル　ナノフィニッシュ】 イエロー,よごれ防止機能が付いた、テラコッタ調タイル。ビーライフエス　タイル　ピルツ　300角階段　S-15　【超よごれ防止機能付】　14枚入り　【日本製タイル　ナノフィニッシュ】 イエロー
7-2734,http://tshop.r10s.jp/kiro/cabinet/products/1740/17400901.jpg?fitin=700:700,5672.0000,,花・ガーデン・DIY > 住宅建材・設備 > 床材 > その他,ビーライフエス　タイル　グラウンドディー　200角アンチスリップ　GRD-200AS/02　30枚入り　【イタリア製　輸入タイル】 ホワイトベア,主張しすぎない石目調タイル,"<table class='item_det_table' width='400px' border='0' cellspacing='0' cellpadding='0'> <tr><th>商品番号</th><td>17400901</td></tr><tr><th>メーカー</th><td>ビーライフエス</td></tr><tr><th>サイズ</th><td>幅 199mm × 奥行き 199mm × 高さ 10mm</td></tr><tr><th>カラー</th><td>ホワイトベア</td></tr><tr><th>通常納期</th><td>７～１４日後発送</td></tr><tr><th>素材</th><td>磁器質</td></tr><tr><th>配送区分</th><td>1<br>※商品により配送可能エリアが異なります。<br>配送エリア表をご覧ください。</td></tr><tr><th>工事対応</th><td>この商品は工事を承っておりません。<br></td></tr></table><br><br><div class='bott_10'>石の細やかなディティールにこだわったタイルは、本物と見違えるほどの床面を作り出します。<br>価格は1ケースあたりの表示です。（1ケース30枚入）<br>使用目安：26枚/平方メートル</div ><br><br><div><b>備考</b><div><div class='bott_10'>●生産ロットにより、色幅・寸法にばらつきがございます。<br>●デザインパターンが多岐にわたる商品です。柄はご指定できません。<br>●形状により色合いが異なります。貼り合わせをする場合はご注意ください。</div ><br><br><br><br><!--GoQSystemレジよこメーカー--><!--GoQSystemレジよこメーカー--><!--左追いかけバナー セール用-->
 
<div style=""display:block; width:100px; position:fixed; top:0px; left:20px; z-index:10;"">  </div>

<div style=""display:block; width:100px; position:fixed; top:513px; left:20px; z-index:10;"">  </div>

<div style=""display:block; width:100px; position:fixed; top:913px; left:20px; z-index:10;"">  </div>

<div style=""display:block; width:100px; position:fixed; top:1426px; left:20px; z-index:10;"">  </div>

<!--　セール左追いかけバナー　ここまで　-->

<style type=""text/css"">
input[value=""買い物かごに入れる""]{

	font-size:16px;
	font-family: ""メイリオ"",""Meiryo""; 
	font-weight:bold;
	-moz-border-radius:8px;
	-webkit-border-radius:8px;
	border-radius:8px;
	border:1px solid #d83526;
	padding:9px 18px;
	text-decoration:none;
        
	background:-moz-linear-gradient( center top, #fe1a00 5%, #ce0100 100% );
	background:-ms-linear-gradient( top, #fe1a00 5%, #ce0100 100% );
       	background:-webkit-gradient( linear, left top, left bottom, color-stop(5%, #fe1a00), color-stop(100%, #ce0100) );

	background-color:#fe1a00;
	color:#ffffff;
	display:inline-block;
	text-shadow:1px 1px 0px #b23e35;
 	box-shadow:inset 1px 1px 0px 0px #f29c93; } 
</style>

<style type=""text/css"">
input[value=""現地調査依頼""]{

	font-size:16px;
	font-family: ""メイリオ"",""Meiryo""; 
	font-weight:bold;
	-moz-border-radius:8px;
	-webkit-border-radius:8px;
	border-radius:8px;
	border:1px solid #d83526;
	padding:9px 18px;
	text-decoration:none;
        
	background:-moz-linear-gradient( center top, #fe1a00 5%, #ce0100 100% );
	background:-ms-linear-gradient( top, #fe1a00 5%, #ce0100 100% );
       	background:-webkit-gradient( linear, left top, left bottom, color-stop(5%, #fe1a00), color-stop(100%, #ce0100) );

	background-color:#fe1a00;
	color:#ffffff;
	display:inline-block;
	text-shadow:1px 1px 0px #b23e35;
 	box-shadow:inset 1px 1px 0px 0px #f29c93; } 
</style>


<!--
<style type=""text/css"">
body{
    background-image:url(""http://image.rakuten.co.jp/kiro/cabinet/img/no432_11_20160301.jpg"");
    background-repeat:repeat-y;
    background-position:right;
}
</style>
-->


<!--ここから楽太郎--> 
<center>

</center>
<!--ここまで楽太郎-->

<!--ここから楽太郎--><br>
<center>

</center>
<!--ここまで楽太郎-->

<!--ここから楽太郎--> 
<center>
<div style=""width:800px; margin-bottom:10px; background-color:#ffffff;"">   
<p style=""background-color:#ff6026; color:#ffffff; border:1px solid #c9c9c9;font-size:16px; font-weight:bold; text-align:center; line-height:15px; padding:5px 10px; margin:0;"">ピックアップアイテム</p>
<div style=""border:1px solid #c9c9c9;""> 
<center></center>
</div></div>
</center>
<!--ここまで楽太郎-->


<!--
<div style=""margin:0;padding:3px 0px 3px 0px;font-size:12px;border: 3px solid #ff0000;width:800px;"">
<marquee width=""800px"" scrolldelay=""150"">
<font color=""red""><b>●緊急のお知らせ</b></font>&nbsp;&nbsp;
<font color=""red"">8月29日（木）</font>は担当者不在のため、お電話でのお問い合わせは受け付けできません。
ご迷惑をお掛けしますが、お問い合わせはお問い合わせページからして頂くようよろしくお願い致します。
</marquee>
</div>-->

<div style=""padding-left:345px;margin-bottom:5px;"">

	<img src=""http://image.rakuten.co.jp/kiro/cabinet/img/849.jpg"" border=""0"">

</div>

<div style=""padding-left:345px;margin-bottom:5px;"">
<img src=""http://www.rakuten.ne.jp/gold/kiro/img/no405_01.jpg"" border=""0"">
</div>

</div>",ビーライフエス　タイル　グラウンドディー　200角アンチスリップ　GRD-200AS/02　30枚入り　【イタリア製　輸入タイル】 ホワイトベア：キロ楽天市場支店,ビーライフエス　タイル　グラウンドディー　200角アンチスリップ　GRD-200AS/02　30枚入り　【イタリア製　輸入タイル】 ホワイトベア,主張しすぎない石目調タイル。ビーライフエス　タイル　グラウンドディー　200角アンチスリップ　GRD-200AS/02　30枚入り　【イタリア製　輸入タイル】 ホワイトベア
7-2735,http://tshop.r10s.jp/kiro/cabinet/products/1182/11824201.jpg?fitin=700:700,10200.0000,,花・ガーデン・DIY > 住宅建材・設備 > 床材 > その他,タカショー　ユニットスレート　スクエア　SYS-SY イエロー,外構工事を簡単に,"<table class='item_det_table' width='400px' border='0' cellspacing='0' cellpadding='0'> <tr><th>商品番号</th><td>11824201</td></tr><tr><th>メーカー</th><td>タカショー</td></tr><tr><th>サイズ</th><td>幅 590mm × 奥行き 290mm</td></tr><tr><th>カラー</th><td>イエロー</td></tr><tr><th>通常納期</th><td>５～１０日後発送</td></tr><tr><th>素材</th><td>天然石</td></tr><tr><th>配送区分</th><td>1<br>※商品により配送可能エリアが異なります。<br>配送エリア表をご覧ください。</td></tr><tr><th>工事対応</th><td>この商品は工事を承っておりません。<br></td></tr></table><br><br><div class='bott_10'>外構工事を簡単にする職人さんの強い味方！</div ><br><br><br><br><!--GoQSystemレジよこメーカー--><!--GoQSystemレジよこメーカー--><!--左追いかけバナー セール用-->
 
<div style=""display:block; width:100px; position:fixed; top:0px; left:20px; z-index:10;"">  </div>

<div style=""display:block; width:100px; position:fixed; top:513px; left:20px; z-index:10;"">  </div>

<div style=""display:block; width:100px; position:fixed; top:913px; left:20px; z-index:10;"">  </div>

<div style=""display:block; width:100px; position:fixed; top:1426px; left:20px; z-index:10;"">  </div>

<!--　セール左追いかけバナー　ここまで　-->

<style type=""text/css"">
input[value=""買い物かごに入れる""]{

	font-size:16px;
	font-family: ""メイリオ"",""Meiryo""; 
	font-weight:bold;
	-moz-border-radius:8px;
	-webkit-border-radius:8px;
	border-radius:8px;
	border:1px solid #d83526;
	padding:9px 18px;
	text-decoration:none;
        
	background:-moz-linear-gradient( center top, #fe1a00 5%, #ce0100 100% );
	background:-ms-linear-gradient( top, #fe1a00 5%, #ce0100 100% );
       	background:-webkit-gradient( linear, left top, left bottom, color-stop(5%, #fe1a00), color-stop(100%, #ce0100) );

	background-color:#fe1a00;
	color:#ffffff;
	display:inline-block;
	text-shadow:1px 1px 0px #b23e35;
 	box-shadow:inset 1px 1px 0px 0px #f29c93; } 
</style>

<style type=""text/css"">
input[value=""現地調査依頼""]{

	font-size:16px;
	font-family: ""メイリオ"",""Meiryo""; 
	font-weight:bold;
	-moz-border-radius:8px;
	-webkit-border-radius:8px;
	border-radius:8px;
	border:1px solid #d83526;
	padding:9px 18px;
	text-decoration:none;
        
	background:-moz-linear-gradient( center top, #fe1a00 5%, #ce0100 100% );
	background:-ms-linear-gradient( top, #fe1a00 5%, #ce0100 100% );
       	background:-webkit-gradient( linear, left top, left bottom, color-stop(5%, #fe1a00), color-stop(100%, #ce0100) );

	background-color:#fe1a00;
	color:#ffffff;
	display:inline-block;
	text-shadow:1px 1px 0px #b23e35;
 	box-shadow:inset 1px 1px 0px 0px #f29c93; } 
</style>


<!--
<style type=""text/css"">
body{
    background-image:url(""http://image.rakuten.co.jp/kiro/cabinet/img/no432_11_20160301.jpg"");
    background-repeat:repeat-y;
    background-position:right;
}
</style>
-->


<!--ここから楽太郎--> 
<center>

</center>
<!--ここまで楽太郎-->

<!--ここから楽太郎--><br>
<center>

</center>
<!--ここまで楽太郎-->

<!--ここから楽太郎--> 
<center>
<div style=""width:800px; margin-bottom:10px; background-color:#ffffff;"">   
<p style=""background-color:#ff6026; color:#ffffff; border:1px solid #c9c9c9;font-size:16px; font-weight:bold; text-align:center; line-height:15px; padding:5px 10px; margin:0;"">ピックアップアイテム</p>
<div style=""border:1px solid #c9c9c9;""> 
<center></center>
</div></div>
</center>
<!--ここまで楽太郎-->


<!--
<div style=""margin:0;padding:3px 0px 3px 0px;font-size:12px;border: 3px solid #ff0000;width:800px;"">
<marquee width=""800px"" scrolldelay=""150"">
<font color=""red""><b>●緊急のお知らせ</b></font>&nbsp;&nbsp;
<font color=""red"">8月29日（木）</font>は担当者不在のため、お電話でのお問い合わせは受け付けできません。
ご迷惑をお掛けしますが、お問い合わせはお問い合わせページからして頂くようよろしくお願い致します。
</marquee>
</div>-->

<div style=""padding-left:345px;margin-bottom:5px;"">

	<img src=""http://image.rakuten.co.jp/kiro/cabinet/img/849.jpg"" border=""0"">

</div>

<div style=""padding-left:345px;margin-bottom:5px;"">
<img src=""http://www.rakuten.ne.jp/gold/kiro/img/no405_01.jpg"" border=""0"">
</div>

</div>",タカショー　ユニットスレート　スクエア　SYS-SY イエロー：キロ楽天市場支店,タカショー　ユニットスレート　スクエア　SYS-SY イエロー,外構工事を簡単に。タカショー　ユニットスレート　スクエア　SYS-SY イエロー
7-2736,http://tshop.r10s.jp/kiro/cabinet/products/1514/15145201.jpg?fitin=700:700,3952.0000,,花・ガーデン・DIY > 住宅建材・設備 > 床材 > その他,オンリーワン　アルデコール　300角　ドット　無塗装　1枚　HF2-DO300N,使うほどに深まる愛着あなただけのオンリーワン。,"<table class='item_det_table' width='400px' border='0' cellspacing='0' cellpadding='0'> <tr><th>商品番号</th><td>15145201</td></tr><tr><th>メーカー</th><td>オンリーワン</td></tr><tr><th>サイズ</th><td>幅 300mm × 奥行き 300mm × 高さ 5mm</td></tr><tr><th>通常納期</th><td>７～１４日後発送</td></tr><tr><th>配送区分</th><td>1<br>※商品により配送可能エリアが異なります。<br>配送エリア表をご覧ください。</td></tr><tr><th>工事対応</th><td>この商品は工事を承っておりません。<br></td></tr></table><br><br><div class='bott_10'>アルデコールは、日本の伝統技術が育んだファクトリーブランドです。材質は、100％リサイクル可能な高純度アルミニウムを使用したハイクラスなアルミ製鋳物 AC7。ねじれや衝撃に強く、耐久性に優れています。多彩なデザインバリエーションを、経年変化が美しい素地のままのマットシルバー、経年変化を抑制するマットシルバークリア、アクリル塗料焼付のクールなブラック5分艶塗装の3色でご用意しました。</div ><br><br><div><b>備考</b><div><div class='bott_10'>●お手入れと美観について汚れが目立つ場合は、中性洗剤を含ませた金タワシで表面をこすってみてください。<br>●強くこすりすぎると、最初の肌合いが削り取れてしまいますのであらかじめ目立たない場所でのテストをおすすめいたします。●塗装の剥がれが気になる場合は、市販の近似色塗料でタッチアップしてください。<br>[施工上のご注意・施工方法について]<br>●壁面、床面ともに接着剤はドリームボンドZを推奨しておりますが、この限りではございません。<br>●床面でのご使用の場合の設置場所はコンクリート面の上とし、薄いアスファルトや下地が柔らかい  砂地、砂利の場所は避けてください。<br>●本製品は突きつけを推奨としています。目地をとる場合は必ず目地埋めを行ってください。なお   無塗装のタイルはトップコートがないため、水やモルタルを吸い込んで変色にみえてしまう恐れがあるので、目地をとる場合にはクリア塗装仕上げかブラック塗装仕上げを推奨します。<br>●本製品は金属製品のため、夏場や直射日光下では表面温度が50度を超す場合がございますので、素手や素足で触れないでください。また、ペットのお散歩の   際も十分気をつけてください。<br>●砂型鋳造ハンドメイドのため、重量誤差が生じます。<br>●本製品はアルミニウム生材のため、新品状態であっても、酸化による反転、染み、ムラなどの経年変化が発生しています。予めご了承ください。</div ><br><br><br><br><!--GoQSystemレジよこメーカー--><!--GoQSystemレジよこメーカー--><!--左追いかけバナー セール用-->
 
<div style=""display:block; width:100px; position:fixed; top:0px; left:20px; z-index:10;"">  </div>

<div style=""display:block; width:100px; position:fixed; top:513px; left:20px; z-index:10;"">  </div>

<div style=""display:block; width:100px; position:fixed; top:913px; left:20px; z-index:10;"">  </div>

<div style=""display:block; width:100px; position:fixed; top:1426px; left:20px; z-index:10;"">  </div>

<!--　セール左追いかけバナー　ここまで　-->

<style type=""text/css"">
input[value=""買い物かごに入れる""]{

	font-size:16px;
	font-family: ""メイリオ"",""Meiryo""; 
	font-weight:bold;
	-moz-border-radius:8px;
	-webkit-border-radius:8px;
	border-radius:8px;
	border:1px solid #d83526;
	padding:9px 18px;
	text-decoration:none;
        
	background:-moz-linear-gradient( center top, #fe1a00 5%, #ce0100 100% );
	background:-ms-linear-gradient( top, #fe1a00 5%, #ce0100 100% );
       	background:-webkit-gradient( linear, left top, left bottom, color-stop(5%, #fe1a00), color-stop(100%, #ce0100) );

	background-color:#fe1a00;
	color:#ffffff;
	display:inline-block;
	text-shadow:1px 1px 0px #b23e35;
 	box-shadow:inset 1px 1px 0px 0px #f29c93; } 
</style>

<style type=""text/css"">
input[value=""現地調査依頼""]{

	font-size:16px;
	font-family: ""メイリオ"",""Meiryo""; 
	font-weight:bold;
	-moz-border-radius:8px;
	-webkit-border-radius:8px;
	border-radius:8px;
	border:1px solid #d83526;
	padding:9px 18px;
	text-decoration:none;
        
	background:-moz-linear-gradient( center top, #fe1a00 5%, #ce0100 100% );
	background:-ms-linear-gradient( top, #fe1a00 5%, #ce0100 100% );
       	background:-webkit-gradient( linear, left top, left bottom, color-stop(5%, #fe1a00), color-stop(100%, #ce0100) );

	background-color:#fe1a00;
	color:#ffffff;
	display:inline-block;
	text-shadow:1px 1px 0px #b23e35;
 	box-shadow:inset 1px 1px 0px 0px #f29c93; } 
</style>


<!--
<style type=""text/css"">
body{
    background-image:url(""http://image.rakuten.co.jp/kiro/cabinet/img/no432_11_20160301.jpg"");
    background-repeat:repeat-y;
    background-position:right;
}
</style>
-->


<!--ここから楽太郎--> 
<center>

</center>
<!--ここまで楽太郎-->

<!--ここから楽太郎--><br>
<center>

</center>
<!--ここまで楽太郎-->

<!--ここから楽太郎--> 
<center>
<div style=""width:800px; margin-bottom:10px; background-color:#ffffff;"">   
<p style=""background-color:#ff6026; color:#ffffff; border:1px solid #c9c9c9;font-size:16px; font-weight:bold; text-align:center; line-height:15px; padding:5px 10px; margin:0;"">ピックアップアイテム</p>
<div style=""border:1px solid #c9c9c9;""> 
<center></center>
</div></div>
</center>
<!--ここまで楽太郎-->


<!--
<div style=""margin:0;padding:3px 0px 3px 0px;font-size:12px;border: 3px solid #ff0000;width:800px;"">
<marquee width=""800px"" scrolldelay=""150"">
<font color=""red""><b>●緊急のお知らせ</b></font>&nbsp;&nbsp;
<font color=""red"">8月29日（木）</font>は担当者不在のため、お電話でのお問い合わせは受け付けできません。
ご迷惑をお掛けしますが、お問い合わせはお問い合わせページからして頂くようよろしくお願い致します。
</marquee>
</div>-->

<div style=""padding-left:345px;margin-bottom:5px;"">

	<img src=""http://image.rakuten.co.jp/kiro/cabinet/img/849.jpg"" border=""0"">

</div>

<div style=""padding-left:345px;margin-bottom:5px;"">
<img src=""http://www.rakuten.ne.jp/gold/kiro/img/no405_01.jpg"" border=""0"">
</div>

</div>",オンリーワン　アルデコール　300角　ドット　無塗装　1枚　HF2-DO300N：キロ楽天市場支店,オンリーワン　アルデコール　300角　ドット　無塗装　1枚　HF2-DO300N,使うほどに深まる愛着あなただけのオンリーワン。。オンリーワン　アルデコール　300角　ドット　無塗装　1枚　HF2-DO300N
7-2737,http://tshop.r10s.jp/kiro/cabinet/products/3229/32299101.jpg?fitin=700:700,47016.0000,,花・ガーデン・DIY > 住宅建材・設備 > 床材 > その他,ミヅシマ工業　ブラシマットD　本体　150×150×23ｍｍ　1ケース（120ピース入）　グリーン　●408-0010 グリーン,屋内への靴汚れをシャットダウンします,"<table class='item_det_table' width='400px' border='0' cellspacing='0' cellpadding='0'> <tr><th>商品番号</th><td>32299101</td></tr><tr><th>メーカー</th><td>ミヅシマ工業</td></tr><tr><th>サイズ</th><td>幅 150mm × 奥行き 150mm × 高さ 23mm</td></tr><tr><th>カラー</th><td>グリーン</td></tr><tr><th>通常納期</th><td>７～１４日後発送</td></tr><tr><th>素材</th><td>樹脂</td></tr><tr><th>配送区分</th><td>1<br>※商品により配送可能エリアが異なります。<br>配送エリア表をご覧ください。</td></tr><tr><th>工事対応</th><td>この商品は工事を承っておりません。<br></td></tr></table><br><br><div class='bott_10'>ヘタリの発生しにくい芝部とデザイン性の高いブラシが屋内への靴汚れをシャットダウンします。</div ><br><br><div><b>備考</b><div><div class='bott_10'>※ 材質上、記載サイズ表示に多少の寸法誤差がおこりますのでご了承ください。<br>※ 製品の形状、サイズにより製品が設置場所から移動する場合があります。必要に応じて動か<br>ないように固定してください。<br>※ 樹脂は温度変化により伸縮を繰り返し最終的に縮む傾向となります。設置面が材質の融点を<br>超える場合、融け、波打ちが生じる場合がありますのでご注意ください。</div ><br><br><br><br><!--GoQSystemレジよこメーカー--><!--GoQSystemレジよこメーカー--><!--左追いかけバナー セール用-->
 
<div style=""display:block; width:100px; position:fixed; top:0px; left:20px; z-index:10;"">  </div>

<div style=""display:block; width:100px; position:fixed; top:513px; left:20px; z-index:10;"">  </div>

<div style=""display:block; width:100px; position:fixed; top:913px; left:20px; z-index:10;"">  </div>

<div style=""display:block; width:100px; position:fixed; top:1426px; left:20px; z-index:10;"">  </div>

<!--　セール左追いかけバナー　ここまで　-->

<style type=""text/css"">
input[value=""買い物かごに入れる""]{

	font-size:16px;
	font-family: ""メイリオ"",""Meiryo""; 
	font-weight:bold;
	-moz-border-radius:8px;
	-webkit-border-radius:8px;
	border-radius:8px;
	border:1px solid #d83526;
	padding:9px 18px;
	text-decoration:none;
        
	background:-moz-linear-gradient( center top, #fe1a00 5%, #ce0100 100% );
	background:-ms-linear-gradient( top, #fe1a00 5%, #ce0100 100% );
       	background:-webkit-gradient( linear, left top, left bottom, color-stop(5%, #fe1a00), color-stop(100%, #ce0100) );

	background-color:#fe1a00;
	color:#ffffff;
	display:inline-block;
	text-shadow:1px 1px 0px #b23e35;
 	box-shadow:inset 1px 1px 0px 0px #f29c93; } 
</style>

<style type=""text/css"">
input[value=""現地調査依頼""]{

	font-size:16px;
	font-family: ""メイリオ"",""Meiryo""; 
	font-weight:bold;
	-moz-border-radius:8px;
	-webkit-border-radius:8px;
	border-radius:8px;
	border:1px solid #d83526;
	padding:9px 18px;
	text-decoration:none;
        
	background:-moz-linear-gradient( center top, #fe1a00 5%, #ce0100 100% );
	background:-ms-linear-gradient( top, #fe1a00 5%, #ce0100 100% );
       	background:-webkit-gradient( linear, left top, left bottom, color-stop(5%, #fe1a00), color-stop(100%, #ce0100) );

	background-color:#fe1a00;
	color:#ffffff;
	display:inline-block;
	text-shadow:1px 1px 0px #b23e35;
 	box-shadow:inset 1px 1px 0px 0px #f29c93; } 
</style>


<!--
<style type=""text/css"">
body{
    background-image:url(""http://image.rakuten.co.jp/kiro/cabinet/img/no432_11_20160301.jpg"");
    background-repeat:repeat-y;
    background-position:right;
}
</style>
-->


<!--ここから楽太郎--> 
<center>

</center>
<!--ここまで楽太郎-->

<!--ここから楽太郎--><br>
<center>

</center>
<!--ここまで楽太郎-->

<!--ここから楽太郎--> 
<center>
<div style=""width:800px; margin-bottom:10px; background-color:#ffffff;"">   
<p style=""background-color:#ff6026; color:#ffffff; border:1px solid #c9c9c9;font-size:16px; font-weight:bold; text-align:center; line-height:15px; padding:5px 10px; margin:0;"">ピックアップアイテム</p>
<div style=""border:1px solid #c9c9c9;""> 
<center></center>
</div></div>
</center>
<!--ここまで楽太郎-->


<!--
<div style=""margin:0;padding:3px 0px 3px 0px;font-size:12px;border: 3px solid #ff0000;width:800px;"">
<marquee width=""800px"" scrolldelay=""150"">
<font color=""red""><b>●緊急のお知らせ</b></font>&nbsp;&nbsp;
<font color=""red"">8月29日（木）</font>は担当者不在のため、お電話でのお問い合わせは受け付けできません。
ご迷惑をお掛けしますが、お問い合わせはお問い合わせページからして頂くようよろしくお願い致します。
</marquee>
</div>-->

<div style=""padding-left:345px;margin-bottom:5px;"">

	<img src=""http://image.rakuten.co.jp/kiro/cabinet/img/849.jpg"" border=""0"">

</div>

<div style=""padding-left:345px;margin-bottom:5px;"">
<img src=""http://www.rakuten.ne.jp/gold/kiro/img/no405_01.jpg"" border=""0"">
</div>

</div>",ミヅシマ工業　ブラシマットD　本体　150&times;150&times;23ｍｍ　1ケース（120ピース入）　グリーン　●408-0010 グリーン：キロ楽天市場支店,ミヅシマ工業　ブラシマットD　本体　150&times;150&times;23ｍｍ　1ケース（120ピース入）　グリーン　●408-0010 グリーン,屋内への靴汚れをシャットダウンします。ミヅシマ工業　ブラシマットD　本体　150&times;150&times;23ｍｍ　1ケース（120ピース入）　グリーン　●408-0010 グリーン
7-2738,http://tshop.r10s.jp/kiro/cabinet/products/3229/32299701.jpg?fitin=700:700,41792.0000,,花・ガーデン・DIY > 住宅建材・設備 > 床材 > その他,ミヅシマ工業　ブラシマットA　本体　150×150×25ｍｍ　1ケース（80ピース入）　グレー　●402-1710 グレー,スノコ+芝+ブラシの機能を組み合わせたジョイントマット,"<table class='item_det_table' width='400px' border='0' cellspacing='0' cellpadding='0'> <tr><th>商品番号</th><td>32299701</td></tr><tr><th>メーカー</th><td>ミヅシマ工業</td></tr><tr><th>サイズ</th><td>幅 150mm × 奥行き 150mm × 高さ 25mm</td></tr><tr><th>カラー</th><td>グレー</td></tr><tr><th>通常納期</th><td>７～１４日後発送</td></tr><tr><th>素材</th><td>樹脂</td></tr><tr><th>配送区分</th><td>1<br>※商品により配送可能エリアが異なります。<br>配送エリア表をご覧ください。</td></tr><tr><th>工事対応</th><td>この商品は工事を承っておりません。<br></td></tr></table><br><br><div class='bott_10'>スノコ+芝+ブラシの機能を組み合わせる事で汚れをしっかりと取り除くことが可能なジョイントマット</div ><br><br><div><b>備考</b><div><div class='bott_10'>※ 材質上、記載サイズ表示に多少の寸法誤差がおこりますのでご了承ください。<br>※ 製品の形状、サイズにより製品が設置場所から移動する場合があります。必要に応じて動か<br>ないように固定してください。<br>※ 樹脂は温度変化により伸縮を繰り返し最終的に縮む傾向となります。設置面が材質の融点を<br>超える場合、融け、波打ちが生じる場合がありますのでご注意ください。</div ><br><br><br><br><!--GoQSystemレジよこメーカー--><!--GoQSystemレジよこメーカー--><!--左追いかけバナー セール用-->
 
<div style=""display:block; width:100px; position:fixed; top:0px; left:20px; z-index:10;"">  </div>

<div style=""display:block; width:100px; position:fixed; top:513px; left:20px; z-index:10;"">  </div>

<div style=""display:block; width:100px; position:fixed; top:913px; left:20px; z-index:10;"">  </div>

<div style=""display:block; width:100px; position:fixed; top:1426px; left:20px; z-index:10;"">  </div>

<!--　セール左追いかけバナー　ここまで　-->

<style type=""text/css"">
input[value=""買い物かごに入れる""]{

	font-size:16px;
	font-family: ""メイリオ"",""Meiryo""; 
	font-weight:bold;
	-moz-border-radius:8px;
	-webkit-border-radius:8px;
	border-radius:8px;
	border:1px solid #d83526;
	padding:9px 18px;
	text-decoration:none;
        
	background:-moz-linear-gradient( center top, #fe1a00 5%, #ce0100 100% );
	background:-ms-linear-gradient( top, #fe1a00 5%, #ce0100 100% );
       	background:-webkit-gradient( linear, left top, left bottom, color-stop(5%, #fe1a00), color-stop(100%, #ce0100) );

	background-color:#fe1a00;
	color:#ffffff;
	display:inline-block;
	text-shadow:1px 1px 0px #b23e35;
 	box-shadow:inset 1px 1px 0px 0px #f29c93; } 
</style>

<style type=""text/css"">
input[value=""現地調査依頼""]{

	font-size:16px;
	font-family: ""メイリオ"",""Meiryo""; 
	font-weight:bold;
	-moz-border-radius:8px;
	-webkit-border-radius:8px;
	border-radius:8px;
	border:1px solid #d83526;
	padding:9px 18px;
	text-decoration:none;
        
	background:-moz-linear-gradient( center top, #fe1a00 5%, #ce0100 100% );
	background:-ms-linear-gradient( top, #fe1a00 5%, #ce0100 100% );
       	background:-webkit-gradient( linear, left top, left bottom, color-stop(5%, #fe1a00), color-stop(100%, #ce0100) );

	background-color:#fe1a00;
	color:#ffffff;
	display:inline-block;
	text-shadow:1px 1px 0px #b23e35;
 	box-shadow:inset 1px 1px 0px 0px #f29c93; } 
</style>


<!--
<style type=""text/css"">
body{
    background-image:url(""http://image.rakuten.co.jp/kiro/cabinet/img/no432_11_20160301.jpg"");
    background-repeat:repeat-y;
    background-position:right;
}
</style>
-->


<!--ここから楽太郎--> 
<center>

</center>
<!--ここまで楽太郎-->

<!--ここから楽太郎--><br>
<center>

</center>
<!--ここまで楽太郎-->

<!--ここから楽太郎--> 
<center>
<div style=""width:800px; margin-bottom:10px; background-color:#ffffff;"">   
<p style=""background-color:#ff6026; color:#ffffff; border:1px solid #c9c9c9;font-size:16px; font-weight:bold; text-align:center; line-height:15px; padding:5px 10px; margin:0;"">ピックアップアイテム</p>
<div style=""border:1px solid #c9c9c9;""> 
<center></center>
</div></div>
</center>
<!--ここまで楽太郎-->


<!--
<div style=""margin:0;padding:3px 0px 3px 0px;font-size:12px;border: 3px solid #ff0000;width:800px;"">
<marquee width=""800px"" scrolldelay=""150"">
<font color=""red""><b>●緊急のお知らせ</b></font>&nbsp;&nbsp;
<font color=""red"">8月29日（木）</font>は担当者不在のため、お電話でのお問い合わせは受け付けできません。
ご迷惑をお掛けしますが、お問い合わせはお問い合わせページからして頂くようよろしくお願い致します。
</marquee>
</div>-->

<div style=""padding-left:345px;margin-bottom:5px;"">

	<img src=""http://image.rakuten.co.jp/kiro/cabinet/img/849.jpg"" border=""0"">

</div>

<div style=""padding-left:345px;margin-bottom:5px;"">
<img src=""http://www.rakuten.ne.jp/gold/kiro/img/no405_01.jpg"" border=""0"">
</div>

</div>",ミヅシマ工業　ブラシマットA　本体　150&times;150&times;25ｍｍ　1ケース（80ピース入）　グレー　●402-1710 グレー：キロ楽天市場支店,ミヅシマ工業　ブラシマットA　本体　150&times;150&times;25ｍｍ　1ケース（80ピース入）　グレー　●402-1710 グレー,スノコ+芝+ブラシの機能を組み合わせたジョイントマット。ミヅシマ工業　ブラシマットA　本体　150&times;150&times;25ｍｍ　1ケース（80ピース入）　グレー　●402-1710 グレー
7-2739,http://tshop.r10s.jp/kiro/cabinet/products/1183/11835604.jpg?fitin=700:700,3784.0000,,花・ガーデン・DIY > 住宅建材・設備 > 床材 > その他,オンリーワン　ドットアートカバー　スタンダード　Messagerシリーズ　角マス250用 オリーブ,住宅の周囲にある集水マス。ドットアートカバーを使えば、邪魔に,"<table class='item_det_table' width='400px' border='0' cellspacing='0' cellpadding='0'> <tr><th>商品番号</th><td>11835604</td></tr><tr><th>メーカー</th><td>オンリーワン</td></tr><tr><th>カラー</th><td>オリーブ</td></tr><tr><th>通常納期</th><td>５～１０日後発送</td></tr><tr><th>素材</th><td>樹脂</td></tr><tr><th>配送区分</th><td>1<br>※商品により配送可能エリアが異なります。<br>配送エリア表をご覧ください。</td></tr><tr><th>工事対応</th><td>この商品は工事を承っておりません。<br></td></tr></table><br><br><div class='bott_10'>カバー本体色・文字色・ドット色の各組合わせは　　 指定できませんので予めご了承ください。え 文字とドットは取付けられた状態での発送となります。</div ><br><br><br><br><!--GoQSystemレジよこメーカー--><!--GoQSystemレジよこメーカー--><!--左追いかけバナー セール用-->
 
<div style=""display:block; width:100px; position:fixed; top:0px; left:20px; z-index:10;"">  </div>

<div style=""display:block; width:100px; position:fixed; top:513px; left:20px; z-index:10;"">  </div>

<div style=""display:block; width:100px; position:fixed; top:913px; left:20px; z-index:10;"">  </div>

<div style=""display:block; width:100px; position:fixed; top:1426px; left:20px; z-index:10;"">  </div>

<!--　セール左追いかけバナー　ここまで　-->

<style type=""text/css"">
input[value=""買い物かごに入れる""]{

	font-size:16px;
	font-family: ""メイリオ"",""Meiryo""; 
	font-weight:bold;
	-moz-border-radius:8px;
	-webkit-border-radius:8px;
	border-radius:8px;
	border:1px solid #d83526;
	padding:9px 18px;
	text-decoration:none;
        
	background:-moz-linear-gradient( center top, #fe1a00 5%, #ce0100 100% );
	background:-ms-linear-gradient( top, #fe1a00 5%, #ce0100 100% );
       	background:-webkit-gradient( linear, left top, left bottom, color-stop(5%, #fe1a00), color-stop(100%, #ce0100) );

	background-color:#fe1a00;
	color:#ffffff;
	display:inline-block;
	text-shadow:1px 1px 0px #b23e35;
 	box-shadow:inset 1px 1px 0px 0px #f29c93; } 
</style>

<style type=""text/css"">
input[value=""現地調査依頼""]{

	font-size:16px;
	font-family: ""メイリオ"",""Meiryo""; 
	font-weight:bold;
	-moz-border-radius:8px;
	-webkit-border-radius:8px;
	border-radius:8px;
	border:1px solid #d83526;
	padding:9px 18px;
	text-decoration:none;
        
	background:-moz-linear-gradient( center top, #fe1a00 5%, #ce0100 100% );
	background:-ms-linear-gradient( top, #fe1a00 5%, #ce0100 100% );
       	background:-webkit-gradient( linear, left top, left bottom, color-stop(5%, #fe1a00), color-stop(100%, #ce0100) );

	background-color:#fe1a00;
	color:#ffffff;
	display:inline-block;
	text-shadow:1px 1px 0px #b23e35;
 	box-shadow:inset 1px 1px 0px 0px #f29c93; } 
</style>


<!--
<style type=""text/css"">
body{
    background-image:url(""http://image.rakuten.co.jp/kiro/cabinet/img/no432_11_20160301.jpg"");
    background-repeat:repeat-y;
    background-position:right;
}
</style>
-->


<!--ここから楽太郎--> 
<center>

</center>
<!--ここまで楽太郎-->

<!--ここから楽太郎--><br>
<center>

</center>
<!--ここまで楽太郎-->

<!--ここから楽太郎--> 
<center>
<div style=""width:800px; margin-bottom:10px; background-color:#ffffff;"">   
<p style=""background-color:#ff6026; color:#ffffff; border:1px solid #c9c9c9;font-size:16px; font-weight:bold; text-align:center; line-height:15px; padding:5px 10px; margin:0;"">ピックアップアイテム</p>
<div style=""border:1px solid #c9c9c9;""> 
<center></center>
</div></div>
</center>
<!--ここまで楽太郎-->


<!--
<div style=""margin:0;padding:3px 0px 3px 0px;font-size:12px;border: 3px solid #ff0000;width:800px;"">
<marquee width=""800px"" scrolldelay=""150"">
<font color=""red""><b>●緊急のお知らせ</b></font>&nbsp;&nbsp;
<font color=""red"">8月29日（木）</font>は担当者不在のため、お電話でのお問い合わせは受け付けできません。
ご迷惑をお掛けしますが、お問い合わせはお問い合わせページからして頂くようよろしくお願い致します。
</marquee>
</div>-->

<div style=""padding-left:345px;margin-bottom:5px;"">

	<img src=""http://image.rakuten.co.jp/kiro/cabinet/img/849.jpg"" border=""0"">

</div>

<div style=""padding-left:345px;margin-bottom:5px;"">
<img src=""http://www.rakuten.ne.jp/gold/kiro/img/no405_01.jpg"" border=""0"">
</div>

</div>",オンリーワン　ドットアートカバー　スタンダード　Messagerシリーズ　角マス250用 オリーブ：キロ楽天市場支店,オンリーワン　ドットアートカバー　スタンダード　Messagerシリーズ　角マス250用 オリーブ,住宅の周囲にある集水マス。ドットアートカバーを使えば、邪魔に。オンリーワン　ドットアートカバー　スタンダード　Messagerシリーズ　角マス250用 オリーブ
7-2740,http://tshop.r10s.jp/kiro/cabinet/products/3230/32303301.jpg?fitin=700:700,22856.0000,,花・ガーデン・DIY > 住宅建材・設備 > 床材 > その他,ミヅシマ工業　ビニール長マット　本体 平板　910mm×20m×1.5mm　1巻,メンテナンス性に優れた通路向けのロールマット,"<table class='item_det_table' width='400px' border='0' cellspacing='0' cellpadding='0'> <tr><th>商品番号</th><td>32303301</td></tr><tr><th>メーカー</th><td>ミヅシマ工業</td></tr><tr><th>サイズ</th><td>幅 910mm × 奥行き 20000mm × 高さ 2mm</td></tr><tr><th>通常納期</th><td>７～１４日後発送</td></tr><tr><th>素材</th><td>樹脂</td></tr><tr><th>重量（kg）</th><td>40</td></tr><tr><th>配送区分</th><td>1<br>※商品により配送可能エリアが異なります。<br>配送エリア表をご覧ください。</td></tr><tr><th>工事対応</th><td>この商品は工事を承っておりません。<br></td></tr></table><br><br><div class='bott_10'>形状の異なる各種のエンボス形状がノンスリップ性を高めるメンテナンス性に優れた通路向けのロールマットです。</div ><br><br><div><b>備考</b><div><div class='bott_10'>※ 材質上、記載サイズ表示に多少の寸法誤差がおこりますのでご了承ください。<br>※ 製品の形状、サイズにより製品が設置場所から移動する場合があります。必要に応じて動か<br>ないように固定してください。<br>※ 樹脂は温度変化により伸縮を繰り返し最終的に縮む傾向となります。設置面が材質の融点を<br>超える場合、融け、波打ちが生じる場合がありますのでご注意ください。</div ><br><br><br><br><!--GoQSystemレジよこメーカー--><!--GoQSystemレジよこメーカー--><!--左追いかけバナー セール用-->
 
<div style=""display:block; width:100px; position:fixed; top:0px; left:20px; z-index:10;"">  </div>

<div style=""display:block; width:100px; position:fixed; top:513px; left:20px; z-index:10;"">  </div>

<div style=""display:block; width:100px; position:fixed; top:913px; left:20px; z-index:10;"">  </div>

<div style=""display:block; width:100px; position:fixed; top:1426px; left:20px; z-index:10;"">  </div>

<!--　セール左追いかけバナー　ここまで　-->

<style type=""text/css"">
input[value=""買い物かごに入れる""]{

	font-size:16px;
	font-family: ""メイリオ"",""Meiryo""; 
	font-weight:bold;
	-moz-border-radius:8px;
	-webkit-border-radius:8px;
	border-radius:8px;
	border:1px solid #d83526;
	padding:9px 18px;
	text-decoration:none;
        
	background:-moz-linear-gradient( center top, #fe1a00 5%, #ce0100 100% );
	background:-ms-linear-gradient( top, #fe1a00 5%, #ce0100 100% );
       	background:-webkit-gradient( linear, left top, left bottom, color-stop(5%, #fe1a00), color-stop(100%, #ce0100) );

	background-color:#fe1a00;
	color:#ffffff;
	display:inline-block;
	text-shadow:1px 1px 0px #b23e35;
 	box-shadow:inset 1px 1px 0px 0px #f29c93; } 
</style>

<style type=""text/css"">
input[value=""現地調査依頼""]{

	font-size:16px;
	font-family: ""メイリオ"",""Meiryo""; 
	font-weight:bold;
	-moz-border-radius:8px;
	-webkit-border-radius:8px;
	border-radius:8px;
	border:1px solid #d83526;
	padding:9px 18px;
	text-decoration:none;
        
	background:-moz-linear-gradient( center top, #fe1a00 5%, #ce0100 100% );
	background:-ms-linear-gradient( top, #fe1a00 5%, #ce0100 100% );
       	background:-webkit-gradient( linear, left top, left bottom, color-stop(5%, #fe1a00), color-stop(100%, #ce0100) );

	background-color:#fe1a00;
	color:#ffffff;
	display:inline-block;
	text-shadow:1px 1px 0px #b23e35;
 	box-shadow:inset 1px 1px 0px 0px #f29c93; } 
</style>


<!--
<style type=""text/css"">
body{
    background-image:url(""http://image.rakuten.co.jp/kiro/cabinet/img/no432_11_20160301.jpg"");
    background-repeat:repeat-y;
    background-position:right;
}
</style>
-->


<!--ここから楽太郎--> 
<center>

</center>
<!--ここまで楽太郎-->

<!--ここから楽太郎--><br>
<center>

</center>
<!--ここまで楽太郎-->

<!--ここから楽太郎--> 
<center>
<div style=""width:800px; margin-bottom:10px; background-color:#ffffff;"">   
<p style=""background-color:#ff6026; color:#ffffff; border:1px solid #c9c9c9;font-size:16px; font-weight:bold; text-align:center; line-height:15px; padding:5px 10px; margin:0;"">ピックアップアイテム</p>
<div style=""border:1px solid #c9c9c9;""> 
<center></center>
</div></div>
</center>
<!--ここまで楽太郎-->


<!--
<div style=""margin:0;padding:3px 0px 3px 0px;font-size:12px;border: 3px solid #ff0000;width:800px;"">
<marquee width=""800px"" scrolldelay=""150"">
<font color=""red""><b>●緊急のお知らせ</b></font>&nbsp;&nbsp;
<font color=""red"">8月29日（木）</font>は担当者不在のため、お電話でのお問い合わせは受け付けできません。
ご迷惑をお掛けしますが、お問い合わせはお問い合わせページからして頂くようよろしくお願い致します。
</marquee>
</div>-->

<div style=""padding-left:345px;margin-bottom:5px;"">

	<img src=""http://image.rakuten.co.jp/kiro/cabinet/img/849.jpg"" border=""0"">

</div>

<div style=""padding-left:345px;margin-bottom:5px;"">
<img src=""http://www.rakuten.ne.jp/gold/kiro/img/no405_01.jpg"" border=""0"">
</div>

</div>",ミヅシマ工業　ビニール長マット　本体 平板　910mm&times;20m&times;1.5mm　1巻：キロ楽天市場支店,ミヅシマ工業　ビニール長マット　本体 平板　910mm&times;20m&times;1.5mm　1巻,メンテナンス性に優れた通路向けのロールマット。ミヅシマ工業　ビニール長マット　本体 平板　910mm&times;20m&times;1.5mm　1巻
7-2741,http://tshop.r10s.jp/kiro/cabinet/products/1514/15140301.jpg?fitin=700:700,45664.0000,,花・ガーデン・DIY > 住宅建材・設備 > 床材 > その他,オンリーワン　アルデコール　200角　マットシルバー　クリア　ウォールペーパーパターン（WP）　1ｍ2（25枚入り）　HF2-WP200SCL,街や暮らしに溶け込むスタイリッシュなアルミタイル。,"<table class='item_det_table' width='400px' border='0' cellspacing='0' cellpadding='0'> <tr><th>商品番号</th><td>15140301</td></tr><tr><th>メーカー</th><td>オンリーワン</td></tr><tr><th>サイズ</th><td>幅 195mm × 奥行き 195mm × 高さ 5mm</td></tr><tr><th>通常納期</th><td>７～１４日後発送</td></tr><tr><th>配送区分</th><td>1<br>※商品により配送可能エリアが異なります。<br>配送エリア表をご覧ください。</td></tr><tr><th>工事対応</th><td>この商品は工事を承っておりません。<br></td></tr></table><br><br><div class='bott_10'>リーフ柄やチューリップ、幾何学模様など、繊細で柔らかなデザインから立体的でダイナミックな前衛的フォルムまで、鋳物製法を活かしたバリエーション豊かなラインナップ。カラーは経年変化が美しい素地のままのマットシルバー、経年変化を抑制するクリアトップコートを施したマットシルバークリア、そしてアクリル塗料焼付のクールなブラック5分艶塗装の3色でご用意しました。高純度アルミニウムを使用したハイクラスなアルミ鋳物AC7。アルミニウム素材はとにかく軽く、現場での取り回しがラクで、施工性に優れた素材です。従来のタイルと異なり、割れや欠けが無くねじれや衝撃に強く、耐久性に優れているので、運搬時のリスクの軽減も期待できます。さらに解体時は、リサイクルが可能です。</div ><br><br><div><b>備考</b><div><div class='bott_10'>●お手入れと美観について汚れが目立つ場合は、中性洗剤を含ませた金タワシで表面をこすってみてください。<br>●強くこすりすぎると、最初の肌合いが削り取れてしまいますのであらかじめ目立たない場所でのテストをおすすめいたします。●塗装の剥がれが気になる場合は、市販の近似色塗料でタッチアップしてください。<br>[施工上のご注意・施工方法について]<br>●壁面、床面ともに接着剤はドリームボンドZを推奨しておりますが、この限りではございません。<br>●床面でのご使用の場合の設置場所はコンクリート面の上とし、薄いアスファルトや下地が柔らかい  砂地、砂利の場所は避けてください。<br>●本製品は突きつけを推奨としています。目地をとる場合は必ず目地埋めを行ってください。なお   無塗装のタイルはトップコートがないため、水やモルタルを吸い込んで変色にみえてしまう恐れがあるので、目地をとる場合にはクリア塗装仕上げかブラック塗装仕上げを推奨します。<br>●本製品は金属製品のため、夏場や直射日光下では表面温度が50度を超す場合がございますので、素手や素足で触れないでください。また、ペットのお散歩の   際も十分気をつけてください。<br>●砂型鋳造ハンドメイドのため、重量誤差が生じます。<br>●本製品はアルミニウム生材のため、新品状態であっても、酸化による反転、染み、ムラなどの経年変化が発生しています。予めご了承ください。</div ><br><br><br><br><!--GoQSystemレジよこメーカー--><!--GoQSystemレジよこメーカー--><!--左追いかけバナー セール用-->
 
<div style=""display:block; width:100px; position:fixed; top:0px; left:20px; z-index:10;"">  </div>

<div style=""display:block; width:100px; position:fixed; top:513px; left:20px; z-index:10;"">  </div>

<div style=""display:block; width:100px; position:fixed; top:913px; left:20px; z-index:10;"">  </div>

<div style=""display:block; width:100px; position:fixed; top:1426px; left:20px; z-index:10;"">  </div>

<!--　セール左追いかけバナー　ここまで　-->

<style type=""text/css"">
input[value=""買い物かごに入れる""]{

	font-size:16px;
	font-family: ""メイリオ"",""Meiryo""; 
	font-weight:bold;
	-moz-border-radius:8px;
	-webkit-border-radius:8px;
	border-radius:8px;
	border:1px solid #d83526;
	padding:9px 18px;
	text-decoration:none;
        
	background:-moz-linear-gradient( center top, #fe1a00 5%, #ce0100 100% );
	background:-ms-linear-gradient( top, #fe1a00 5%, #ce0100 100% );
       	background:-webkit-gradient( linear, left top, left bottom, color-stop(5%, #fe1a00), color-stop(100%, #ce0100) );

	background-color:#fe1a00;
	color:#ffffff;
	display:inline-block;
	text-shadow:1px 1px 0px #b23e35;
 	box-shadow:inset 1px 1px 0px 0px #f29c93; } 
</style>

<style type=""text/css"">
input[value=""現地調査依頼""]{

	font-size:16px;
	font-family: ""メイリオ"",""Meiryo""; 
	font-weight:bold;
	-moz-border-radius:8px;
	-webkit-border-radius:8px;
	border-radius:8px;
	border:1px solid #d83526;
	padding:9px 18px;
	text-decoration:none;
        
	background:-moz-linear-gradient( center top, #fe1a00 5%, #ce0100 100% );
	background:-ms-linear-gradient( top, #fe1a00 5%, #ce0100 100% );
       	background:-webkit-gradient( linear, left top, left bottom, color-stop(5%, #fe1a00), color-stop(100%, #ce0100) );

	background-color:#fe1a00;
	color:#ffffff;
	display:inline-block;
	text-shadow:1px 1px 0px #b23e35;
 	box-shadow:inset 1px 1px 0px 0px #f29c93; } 
</style>


<!--
<style type=""text/css"">
body{
    background-image:url(""http://image.rakuten.co.jp/kiro/cabinet/img/no432_11_20160301.jpg"");
    background-repeat:repeat-y;
    background-position:right;
}
</style>
-->


<!--ここから楽太郎--> 
<center>

</center>
<!--ここまで楽太郎-->

<!--ここから楽太郎--><br>
<center>

</center>
<!--ここまで楽太郎-->

<!--ここから楽太郎--> 
<center>
<div style=""width:800px; margin-bottom:10px; background-color:#ffffff;"">   
<p style=""background-color:#ff6026; color:#ffffff; border:1px solid #c9c9c9;font-size:16px; font-weight:bold; text-align:center; line-height:15px; padding:5px 10px; margin:0;"">ピックアップアイテム</p>
<div style=""border:1px solid #c9c9c9;""> 
<center></center>
</div></div>
</center>
<!--ここまで楽太郎-->


<!--
<div style=""margin:0;padding:3px 0px 3px 0px;font-size:12px;border: 3px solid #ff0000;width:800px;"">
<marquee width=""800px"" scrolldelay=""150"">
<font color=""red""><b>●緊急のお知らせ</b></font>&nbsp;&nbsp;
<font color=""red"">8月29日（木）</font>は担当者不在のため、お電話でのお問い合わせは受け付けできません。
ご迷惑をお掛けしますが、お問い合わせはお問い合わせページからして頂くようよろしくお願い致します。
</marquee>
</div>-->

<div style=""padding-left:345px;margin-bottom:5px;"">

	<img src=""http://image.rakuten.co.jp/kiro/cabinet/img/849.jpg"" border=""0"">

</div>

<div style=""padding-left:345px;margin-bottom:5px;"">
<img src=""http://www.rakuten.ne.jp/gold/kiro/img/no405_01.jpg"" border=""0"">
</div>

</div>",オンリーワン　アルデコール　200角　マットシルバー　クリア　ウォールペーパーパターン（WP）　1ｍ2（25枚入り）　HF2-WP200SCL：キロ楽天市場支店,オンリーワン　アルデコール　200角　マットシルバー　クリア　ウォールペーパーパターン（WP）　1ｍ2（25枚入り）　HF2-WP200SCL,街や暮らしに溶け込むスタイリッシュなアルミタイル。。オンリーワン　アルデコール　200角　マットシルバー　クリア　ウォールペーパーパターン（WP）　1ｍ2（25枚入り）　HF2-WP200SCL
7-2742,http://tshop.r10s.jp/kiro/cabinet/products/1514/15142101.jpg?fitin=700:700,45664.0000,,花・ガーデン・DIY > 住宅建材・設備 > 床材 > その他,オンリーワン　アルデコール　200角　マットシルバー　クリア　ヘリンボーンパターン　1ｍ2（25枚入り）　HF2-HB200SCL,街や暮らしに溶け込むスタイリッシュなアルミタイル。,"<table class='item_det_table' width='400px' border='0' cellspacing='0' cellpadding='0'> <tr><th>商品番号</th><td>15142101</td></tr><tr><th>メーカー</th><td>オンリーワン</td></tr><tr><th>サイズ</th><td>幅 195mm × 奥行き 195mm × 高さ 5mm</td></tr><tr><th>通常納期</th><td>７～１４日後発送</td></tr><tr><th>配送区分</th><td>1<br>※商品により配送可能エリアが異なります。<br>配送エリア表をご覧ください。</td></tr><tr><th>工事対応</th><td>この商品は工事を承っておりません。<br></td></tr></table><br><br><div class='bott_10'>リーフ柄やチューリップ、幾何学模様など、繊細で柔らかなデザインから立体的でダイナミックな前衛的フォルムまで、鋳物製法を活かしたバリエーション豊かなラインナップ。カラーは経年変化が美しい素地のままのマットシルバー、経年変化を抑制するクリアトップコートを施したマットシルバークリア、そしてアクリル塗料焼付のクールなブラック5分艶塗装の3色でご用意しました。高純度アルミニウムを使用したハイクラスなアルミ鋳物AC7。アルミニウム素材はとにかく軽く、現場での取り回しがラクで、施工性に優れた素材です。従来のタイルと異なり、割れや欠けが無くねじれや衝撃に強く、耐久性に優れているので、運搬時のリスクの軽減も期待できます。さらに解体時は、リサイクルが可能です。</div ><br><br><div><b>備考</b><div><div class='bott_10'>●お手入れと美観について汚れが目立つ場合は、中性洗剤を含ませた金タワシで表面をこすってみてください。<br>●強くこすりすぎると、最初の肌合いが削り取れてしまいますのであらかじめ目立たない場所でのテストをおすすめいたします。●塗装の剥がれが気になる場合は、市販の近似色塗料でタッチアップしてください。<br>[施工上のご注意・施工方法について]<br>●壁面、床面ともに接着剤はドリームボンドZを推奨しておりますが、この限りではございません。<br>●床面でのご使用の場合の設置場所はコンクリート面の上とし、薄いアスファルトや下地が柔らかい  砂地、砂利の場所は避けてください。<br>●本製品は突きつけを推奨としています。目地をとる場合は必ず目地埋めを行ってください。なお   無塗装のタイルはトップコートがないため、水やモルタルを吸い込んで変色にみえてしまう恐れがあるので、目地をとる場合にはクリア塗装仕上げかブラック塗装仕上げを推奨します。<br>●本製品は金属製品のため、夏場や直射日光下では表面温度が50度を超す場合がございますので、素手や素足で触れないでください。また、ペットのお散歩の   際も十分気をつけてください。<br>●砂型鋳造ハンドメイドのため、重量誤差が生じます。<br>●本製品はアルミニウム生材のため、新品状態であっても、酸化による反転、染み、ムラなどの経年変化が発生しています。予めご了承ください。</div ><br><br><br><br><!--GoQSystemレジよこメーカー--><!--GoQSystemレジよこメーカー--><!--左追いかけバナー セール用-->
 
<div style=""display:block; width:100px; position:fixed; top:0px; left:20px; z-index:10;"">  </div>

<div style=""display:block; width:100px; position:fixed; top:513px; left:20px; z-index:10;"">  </div>

<div style=""display:block; width:100px; position:fixed; top:913px; left:20px; z-index:10;"">  </div>

<div style=""display:block; width:100px; position:fixed; top:1426px; left:20px; z-index:10;"">  </div>

<!--　セール左追いかけバナー　ここまで　-->

<style type=""text/css"">
input[value=""買い物かごに入れる""]{

	font-size:16px;
	font-family: ""メイリオ"",""Meiryo""; 
	font-weight:bold;
	-moz-border-radius:8px;
	-webkit-border-radius:8px;
	border-radius:8px;
	border:1px solid #d83526;
	padding:9px 18px;
	text-decoration:none;
        
	background:-moz-linear-gradient( center top, #fe1a00 5%, #ce0100 100% );
	background:-ms-linear-gradient( top, #fe1a00 5%, #ce0100 100% );
       	background:-webkit-gradient( linear, left top, left bottom, color-stop(5%, #fe1a00), color-stop(100%, #ce0100) );

	background-color:#fe1a00;
	color:#ffffff;
	display:inline-block;
	text-shadow:1px 1px 0px #b23e35;
 	box-shadow:inset 1px 1px 0px 0px #f29c93; } 
</style>

<style type=""text/css"">
input[value=""現地調査依頼""]{

	font-size:16px;
	font-family: ""メイリオ"",""Meiryo""; 
	font-weight:bold;
	-moz-border-radius:8px;
	-webkit-border-radius:8px;
	border-radius:8px;
	border:1px solid #d83526;
	padding:9px 18px;
	text-decoration:none;
        
	background:-moz-linear-gradient( center top, #fe1a00 5%, #ce0100 100% );
	background:-ms-linear-gradient( top, #fe1a00 5%, #ce0100 100% );
       	background:-webkit-gradient( linear, left top, left bottom, color-stop(5%, #fe1a00), color-stop(100%, #ce0100) );

	background-color:#fe1a00;
	color:#ffffff;
	display:inline-block;
	text-shadow:1px 1px 0px #b23e35;
 	box-shadow:inset 1px 1px 0px 0px #f29c93; } 
</style>


<!--
<style type=""text/css"">
body{
    background-image:url(""http://image.rakuten.co.jp/kiro/cabinet/img/no432_11_20160301.jpg"");
    background-repeat:repeat-y;
    background-position:right;
}
</style>
-->


<!--ここから楽太郎--> 
<center>

</center>
<!--ここまで楽太郎-->

<!--ここから楽太郎--><br>
<center>

</center>
<!--ここまで楽太郎-->

<!--ここから楽太郎--> 
<center>
<div style=""width:800px; margin-bottom:10px; background-color:#ffffff;"">   
<p style=""background-color:#ff6026; color:#ffffff; border:1px solid #c9c9c9;font-size:16px; font-weight:bold; text-align:center; line-height:15px; padding:5px 10px; margin:0;"">ピックアップアイテム</p>
<div style=""border:1px solid #c9c9c9;""> 
<center></center>
</div></div>
</center>
<!--ここまで楽太郎-->


<!--
<div style=""margin:0;padding:3px 0px 3px 0px;font-size:12px;border: 3px solid #ff0000;width:800px;"">
<marquee width=""800px"" scrolldelay=""150"">
<font color=""red""><b>●緊急のお知らせ</b></font>&nbsp;&nbsp;
<font color=""red"">8月29日（木）</font>は担当者不在のため、お電話でのお問い合わせは受け付けできません。
ご迷惑をお掛けしますが、お問い合わせはお問い合わせページからして頂くようよろしくお願い致します。
</marquee>
</div>-->

<div style=""padding-left:345px;margin-bottom:5px;"">

	<img src=""http://image.rakuten.co.jp/kiro/cabinet/img/849.jpg"" border=""0"">

</div>

<div style=""padding-left:345px;margin-bottom:5px;"">
<img src=""http://www.rakuten.ne.jp/gold/kiro/img/no405_01.jpg"" border=""0"">
</div>

</div>",オンリーワン　アルデコール　200角　マットシルバー　クリア　ヘリンボーンパターン　1ｍ2（25枚入り）　HF2-HB200SCL：キロ楽天市場支店,オンリーワン　アルデコール　200角　マットシルバー　クリア　ヘリンボーンパターン　1ｍ2（25枚入り）　HF2-HB200SCL,街や暮らしに溶け込むスタイリッシュなアルミタイル。。オンリーワン　アルデコール　200角　マットシルバー　クリア　ヘリンボーンパターン　1ｍ2（25枚入り）　HF2-HB200SCL
7-2743,http://tshop.r10s.jp/kiro/cabinet/products/3230/32301701.jpg?fitin=700:700,47016.0000,,花・ガーデン・DIY > 住宅建材・設備 > 床材 > その他,ミヅシマ工業　クロスラインマットエース　本体　150×150×30ｍｍ　1ケース（120ピース入）　グリーン　●420-0300 グリーン,大きな凸凹形状の特殊ジョイントマット,"<table class='item_det_table' width='400px' border='0' cellspacing='0' cellpadding='0'> <tr><th>商品番号</th><td>32301701</td></tr><tr><th>メーカー</th><td>ミヅシマ工業</td></tr><tr><th>サイズ</th><td>幅 150mm × 奥行き 150mm × 高さ 30mm</td></tr><tr><th>カラー</th><td>グリーン</td></tr><tr><th>通常納期</th><td>７～１４日後発送</td></tr><tr><th>素材</th><td>樹脂</td></tr><tr><th>配送区分</th><td>1<br>※商品により配送可能エリアが異なります。<br>配送エリア表をご覧ください。</td></tr><tr><th>工事対応</th><td>この商品は工事を承っておりません。<br></td></tr></table><br><br><div class='bott_10'>大きな凸凹形状が砂や泥、雪落とし効果を発揮する特殊ジョイントマットです。</div ><br><br><div><b>備考</b><div><div class='bott_10'>※ 材質上、記載サイズ表示に多少の寸法誤差がおこりますのでご了承ください。<br>※ 製品の形状、サイズにより製品が設置場所から移動する場合があります。必要に応じて動か<br>ないように固定してください。<br>※ 樹脂は温度変化により伸縮を繰り返し最終的に縮む傾向となります。設置面が材質の融点を<br>超える場合、融け、波打ちが生じる場合がありますのでご注意ください。</div ><br><br><br><br><!--GoQSystemレジよこメーカー--><!--GoQSystemレジよこメーカー--><!--左追いかけバナー セール用-->
 
<div style=""display:block; width:100px; position:fixed; top:0px; left:20px; z-index:10;"">  </div>

<div style=""display:block; width:100px; position:fixed; top:513px; left:20px; z-index:10;"">  </div>

<div style=""display:block; width:100px; position:fixed; top:913px; left:20px; z-index:10;"">  </div>

<div style=""display:block; width:100px; position:fixed; top:1426px; left:20px; z-index:10;"">  </div>

<!--　セール左追いかけバナー　ここまで　-->

<style type=""text/css"">
input[value=""買い物かごに入れる""]{

	font-size:16px;
	font-family: ""メイリオ"",""Meiryo""; 
	font-weight:bold;
	-moz-border-radius:8px;
	-webkit-border-radius:8px;
	border-radius:8px;
	border:1px solid #d83526;
	padding:9px 18px;
	text-decoration:none;
        
	background:-moz-linear-gradient( center top, #fe1a00 5%, #ce0100 100% );
	background:-ms-linear-gradient( top, #fe1a00 5%, #ce0100 100% );
       	background:-webkit-gradient( linear, left top, left bottom, color-stop(5%, #fe1a00), color-stop(100%, #ce0100) );

	background-color:#fe1a00;
	color:#ffffff;
	display:inline-block;
	text-shadow:1px 1px 0px #b23e35;
 	box-shadow:inset 1px 1px 0px 0px #f29c93; } 
</style>

<style type=""text/css"">
input[value=""現地調査依頼""]{

	font-size:16px;
	font-family: ""メイリオ"",""Meiryo""; 
	font-weight:bold;
	-moz-border-radius:8px;
	-webkit-border-radius:8px;
	border-radius:8px;
	border:1px solid #d83526;
	padding:9px 18px;
	text-decoration:none;
        
	background:-moz-linear-gradient( center top, #fe1a00 5%, #ce0100 100% );
	background:-ms-linear-gradient( top, #fe1a00 5%, #ce0100 100% );
       	background:-webkit-gradient( linear, left top, left bottom, color-stop(5%, #fe1a00), color-stop(100%, #ce0100) );

	background-color:#fe1a00;
	color:#ffffff;
	display:inline-block;
	text-shadow:1px 1px 0px #b23e35;
 	box-shadow:inset 1px 1px 0px 0px #f29c93; } 
</style>


<!--
<style type=""text/css"">
body{
    background-image:url(""http://image.rakuten.co.jp/kiro/cabinet/img/no432_11_20160301.jpg"");
    background-repeat:repeat-y;
    background-position:right;
}
</style>
-->


<!--ここから楽太郎--> 
<center>

</center>
<!--ここまで楽太郎-->

<!--ここから楽太郎--><br>
<center>

</center>
<!--ここまで楽太郎-->

<!--ここから楽太郎--> 
<center>
<div style=""width:800px; margin-bottom:10px; background-color:#ffffff;"">   
<p style=""background-color:#ff6026; color:#ffffff; border:1px solid #c9c9c9;font-size:16px; font-weight:bold; text-align:center; line-height:15px; padding:5px 10px; margin:0;"">ピックアップアイテム</p>
<div style=""border:1px solid #c9c9c9;""> 
<center></center>
</div></div>
</center>
<!--ここまで楽太郎-->


<!--
<div style=""margin:0;padding:3px 0px 3px 0px;font-size:12px;border: 3px solid #ff0000;width:800px;"">
<marquee width=""800px"" scrolldelay=""150"">
<font color=""red""><b>●緊急のお知らせ</b></font>&nbsp;&nbsp;
<font color=""red"">8月29日（木）</font>は担当者不在のため、お電話でのお問い合わせは受け付けできません。
ご迷惑をお掛けしますが、お問い合わせはお問い合わせページからして頂くようよろしくお願い致します。
</marquee>
</div>-->

<div style=""padding-left:345px;margin-bottom:5px;"">

	<img src=""http://image.rakuten.co.jp/kiro/cabinet/img/849.jpg"" border=""0"">

</div>

<div style=""padding-left:345px;margin-bottom:5px;"">
<img src=""http://www.rakuten.ne.jp/gold/kiro/img/no405_01.jpg"" border=""0"">
</div>

</div>",ミヅシマ工業　クロスラインマットエース　本体　150&times;150&times;30ｍｍ　1ケース（120ピース入）　グリーン　●420-0300 グリーン：キロ楽天市場支店,ミヅシマ工業　クロスラインマットエース　本体　150&times;150&times;30ｍｍ　1ケース（120ピース入）　グリーン　●420-0300 グリーン,大きな凸凹形状の特殊ジョイントマット。ミヅシマ工業　クロスラインマットエース　本体　150&times;150&times;30ｍｍ　1ケース（120ピース入）　グリーン　●420-0300 グリーン
7-2744,http://tshop.r10s.jp/kiro/cabinet/products/1514/15141701.jpg?fitin=700:700,45664.0000,,花・ガーデン・DIY > 住宅建材・設備 > 床材 > その他,オンリーワン　アルデコール　200角　ブラック　5分艶塗装　チェックパターン（CH）　1ｍ2（25枚入り）　HF2-CH200SBK,街や暮らしに溶け込むスタイリッシュなアルミタイル。,"<table class='item_det_table' width='400px' border='0' cellspacing='0' cellpadding='0'> <tr><th>商品番号</th><td>15141701</td></tr><tr><th>メーカー</th><td>オンリーワン</td></tr><tr><th>サイズ</th><td>幅 195mm × 奥行き 195mm × 高さ 5mm</td></tr><tr><th>通常納期</th><td>７～１４日後発送</td></tr><tr><th>配送区分</th><td>1<br>※商品により配送可能エリアが異なります。<br>配送エリア表をご覧ください。</td></tr><tr><th>工事対応</th><td>この商品は工事を承っておりません。<br></td></tr></table><br><br><div class='bott_10'>リーフ柄やチューリップ、幾何学模様など、繊細で柔らかなデザインから立体的でダイナミックな前衛的フォルムまで、鋳物製法を活かしたバリエーション豊かなラインナップ。カラーは経年変化が美しい素地のままのマットシルバー、経年変化を抑制するクリアトップコートを施したマットシルバークリア、そしてアクリル塗料焼付のクールなブラック5分艶塗装の3色でご用意しました。高純度アルミニウムを使用したハイクラスなアルミ鋳物AC7。アルミニウム素材はとにかく軽く、現場での取り回しがラクで、施工性に優れた素材です。従来のタイルと異なり、割れや欠けが無くねじれや衝撃に強く、耐久性に優れているので、運搬時のリスクの軽減も期待できます。さらに解体時は、リサイクルが可能です。</div ><br><br><div><b>備考</b><div><div class='bott_10'>●お手入れと美観について汚れが目立つ場合は、中性洗剤を含ませた金タワシで表面をこすってみてください。<br>●強くこすりすぎると、最初の肌合いが削り取れてしまいますのであらかじめ目立たない場所でのテストをおすすめいたします。●塗装の剥がれが気になる場合は、市販の近似色塗料でタッチアップしてください。<br>[施工上のご注意・施工方法について]<br>●壁面、床面ともに接着剤はドリームボンドZを推奨しておりますが、この限りではございません。<br>●床面でのご使用の場合の設置場所はコンクリート面の上とし、薄いアスファルトや下地が柔らかい  砂地、砂利の場所は避けてください。<br>●本製品は突きつけを推奨としています。目地をとる場合は必ず目地埋めを行ってください。なお   無塗装のタイルはトップコートがないため、水やモルタルを吸い込んで変色にみえてしまう恐れがあるので、目地をとる場合にはクリア塗装仕上げかブラック塗装仕上げを推奨します。<br>●本製品は金属製品のため、夏場や直射日光下では表面温度が50度を超す場合がございますので、素手や素足で触れないでください。また、ペットのお散歩の   際も十分気をつけてください。<br>●砂型鋳造ハンドメイドのため、重量誤差が生じます。<br>●本製品はアルミニウム生材のため、新品状態であっても、酸化による反転、染み、ムラなどの経年変化が発生しています。予めご了承ください。</div ><br><br><br><br><!--GoQSystemレジよこメーカー--><!--GoQSystemレジよこメーカー--><!--左追いかけバナー セール用-->
 
<div style=""display:block; width:100px; position:fixed; top:0px; left:20px; z-index:10;"">  </div>

<div style=""display:block; width:100px; position:fixed; top:513px; left:20px; z-index:10;"">  </div>

<div style=""display:block; width:100px; position:fixed; top:913px; left:20px; z-index:10;"">  </div>

<div style=""display:block; width:100px; position:fixed; top:1426px; left:20px; z-index:10;"">  </div>

<!--　セール左追いかけバナー　ここまで　-->

<style type=""text/css"">
input[value=""買い物かごに入れる""]{

	font-size:16px;
	font-family: ""メイリオ"",""Meiryo""; 
	font-weight:bold;
	-moz-border-radius:8px;
	-webkit-border-radius:8px;
	border-radius:8px;
	border:1px solid #d83526;
	padding:9px 18px;
	text-decoration:none;
        
	background:-moz-linear-gradient( center top, #fe1a00 5%, #ce0100 100% );
	background:-ms-linear-gradient( top, #fe1a00 5%, #ce0100 100% );
       	background:-webkit-gradient( linear, left top, left bottom, color-stop(5%, #fe1a00), color-stop(100%, #ce0100) );

	background-color:#fe1a00;
	color:#ffffff;
	display:inline-block;
	text-shadow:1px 1px 0px #b23e35;
 	box-shadow:inset 1px 1px 0px 0px #f29c93; } 
</style>

<style type=""text/css"">
input[value=""現地調査依頼""]{

	font-size:16px;
	font-family: ""メイリオ"",""Meiryo""; 
	font-weight:bold;
	-moz-border-radius:8px;
	-webkit-border-radius:8px;
	border-radius:8px;
	border:1px solid #d83526;
	padding:9px 18px;
	text-decoration:none;
        
	background:-moz-linear-gradient( center top, #fe1a00 5%, #ce0100 100% );
	background:-ms-linear-gradient( top, #fe1a00 5%, #ce0100 100% );
       	background:-webkit-gradient( linear, left top, left bottom, color-stop(5%, #fe1a00), color-stop(100%, #ce0100) );

	background-color:#fe1a00;
	color:#ffffff;
	display:inline-block;
	text-shadow:1px 1px 0px #b23e35;
 	box-shadow:inset 1px 1px 0px 0px #f29c93; } 
</style>


<!--
<style type=""text/css"">
body{
    background-image:url(""http://image.rakuten.co.jp/kiro/cabinet/img/no432_11_20160301.jpg"");
    background-repeat:repeat-y;
    background-position:right;
}
</style>
-->


<!--ここから楽太郎--> 
<center>

</center>
<!--ここまで楽太郎-->

<!--ここから楽太郎--><br>
<center>

</center>
<!--ここまで楽太郎-->

<!--ここから楽太郎--> 
<center>
<div style=""width:800px; margin-bottom:10px; background-color:#ffffff;"">   
<p style=""background-color:#ff6026; color:#ffffff; border:1px solid #c9c9c9;font-size:16px; font-weight:bold; text-align:center; line-height:15px; padding:5px 10px; margin:0;"">ピックアップアイテム</p>
<div style=""border:1px solid #c9c9c9;""> 
<center></center>
</div></div>
</center>
<!--ここまで楽太郎-->


<!--
<div style=""margin:0;padding:3px 0px 3px 0px;font-size:12px;border: 3px solid #ff0000;width:800px;"">
<marquee width=""800px"" scrolldelay=""150"">
<font color=""red""><b>●緊急のお知らせ</b></font>&nbsp;&nbsp;
<font color=""red"">8月29日（木）</font>は担当者不在のため、お電話でのお問い合わせは受け付けできません。
ご迷惑をお掛けしますが、お問い合わせはお問い合わせページからして頂くようよろしくお願い致します。
</marquee>
</div>-->

<div style=""padding-left:345px;margin-bottom:5px;"">

	<img src=""http://image.rakuten.co.jp/kiro/cabinet/img/849.jpg"" border=""0"">

</div>

<div style=""padding-left:345px;margin-bottom:5px;"">
<img src=""http://www.rakuten.ne.jp/gold/kiro/img/no405_01.jpg"" border=""0"">
</div>

</div>",オンリーワン　アルデコール　200角　ブラック　5分艶塗装　チェックパターン（CH）　1ｍ2（25枚入り）　HF2-CH200SBK：キロ楽天市場支店,オンリーワン　アルデコール　200角　ブラック　5分艶塗装　チェックパターン（CH）　1ｍ2（25枚入り）　HF2-CH200SBK,街や暮らしに溶け込むスタイリッシュなアルミタイル。。オンリーワン　アルデコール　200角　ブラック　5分艶塗装　チェックパターン（CH）　1ｍ2（25枚入り）　HF2-CH200SBK
7-2745,http://tshop.r10s.jp/kiro/cabinet/products/1740/17406201.jpg?fitin=700:700,5136.0000,,花・ガーデン・DIY > 住宅建材・設備 > 床材 > その他,ビーライフエス　タイル　Bクォリティータイル　A3913　11枚入り　【日本製タイル　屋外用】 Ａ3913,滑りを考慮した屋外用磁器質タイル,"<table class='item_det_table' width='400px' border='0' cellspacing='0' cellpadding='0'> <tr><th>商品番号</th><td>17406201</td></tr><tr><th>メーカー</th><td>ビーライフエス</td></tr><tr><th>サイズ</th><td>幅 300mm × 奥行き 300mm × 高さ 8mm</td></tr><tr><th>カラー</th><td>Ａ3913</td></tr><tr><th>通常納期</th><td>７～１４日後発送</td></tr><tr><th>素材</th><td>磁器質</td></tr><tr><th>配送区分</th><td>1<br>※商品により配送可能エリアが異なります。<br>配送エリア表をご覧ください。</td></tr><tr><th>工事対応</th><td>この商品は工事を承っておりません。<br></td></tr></table><br><br><div class='bott_10'>豊富なカラーバリエーションにより、お好みのタイルをお選びください。<br>価格は1ケースあたりの表示です。（1ケース11枚入）<br></div ><br><br><div><b>備考</b><div><div class='bott_10'>●釉薬と高温焼成により色調・模様・厚み・大きさには多少のばらつきがあります。<br>●施工後、経年劣化による変色・退色がありますのでご注意ください。<br></div ><br><br><br><br><!--GoQSystemレジよこメーカー--><!--GoQSystemレジよこメーカー--><!--左追いかけバナー セール用-->
 
<div style=""display:block; width:100px; position:fixed; top:0px; left:20px; z-index:10;"">  </div>

<div style=""display:block; width:100px; position:fixed; top:513px; left:20px; z-index:10;"">  </div>

<div style=""display:block; width:100px; position:fixed; top:913px; left:20px; z-index:10;"">  </div>

<div style=""display:block; width:100px; position:fixed; top:1426px; left:20px; z-index:10;"">  </div>

<!--　セール左追いかけバナー　ここまで　-->

<style type=""text/css"">
input[value=""買い物かごに入れる""]{

	font-size:16px;
	font-family: ""メイリオ"",""Meiryo""; 
	font-weight:bold;
	-moz-border-radius:8px;
	-webkit-border-radius:8px;
	border-radius:8px;
	border:1px solid #d83526;
	padding:9px 18px;
	text-decoration:none;
        
	background:-moz-linear-gradient( center top, #fe1a00 5%, #ce0100 100% );
	background:-ms-linear-gradient( top, #fe1a00 5%, #ce0100 100% );
       	background:-webkit-gradient( linear, left top, left bottom, color-stop(5%, #fe1a00), color-stop(100%, #ce0100) );

	background-color:#fe1a00;
	color:#ffffff;
	display:inline-block;
	text-shadow:1px 1px 0px #b23e35;
 	box-shadow:inset 1px 1px 0px 0px #f29c93; } 
</style>

<style type=""text/css"">
input[value=""現地調査依頼""]{

	font-size:16px;
	font-family: ""メイリオ"",""Meiryo""; 
	font-weight:bold;
	-moz-border-radius:8px;
	-webkit-border-radius:8px;
	border-radius:8px;
	border:1px solid #d83526;
	padding:9px 18px;
	text-decoration:none;
        
	background:-moz-linear-gradient( center top, #fe1a00 5%, #ce0100 100% );
	background:-ms-linear-gradient( top, #fe1a00 5%, #ce0100 100% );
       	background:-webkit-gradient( linear, left top, left bottom, color-stop(5%, #fe1a00), color-stop(100%, #ce0100) );

	background-color:#fe1a00;
	color:#ffffff;
	display:inline-block;
	text-shadow:1px 1px 0px #b23e35;
 	box-shadow:inset 1px 1px 0px 0px #f29c93; } 
</style>


<!--
<style type=""text/css"">
body{
    background-image:url(""http://image.rakuten.co.jp/kiro/cabinet/img/no432_11_20160301.jpg"");
    background-repeat:repeat-y;
    background-position:right;
}
</style>
-->


<!--ここから楽太郎--> 
<center>

</center>
<!--ここまで楽太郎-->

<!--ここから楽太郎--><br>
<center>

</center>
<!--ここまで楽太郎-->

<!--ここから楽太郎--> 
<center>
<div style=""width:800px; margin-bottom:10px; background-color:#ffffff;"">   
<p style=""background-color:#ff6026; color:#ffffff; border:1px solid #c9c9c9;font-size:16px; font-weight:bold; text-align:center; line-height:15px; padding:5px 10px; margin:0;"">ピックアップアイテム</p>
<div style=""border:1px solid #c9c9c9;""> 
<center></center>
</div></div>
</center>
<!--ここまで楽太郎-->


<!--
<div style=""margin:0;padding:3px 0px 3px 0px;font-size:12px;border: 3px solid #ff0000;width:800px;"">
<marquee width=""800px"" scrolldelay=""150"">
<font color=""red""><b>●緊急のお知らせ</b></font>&nbsp;&nbsp;
<font color=""red"">8月29日（木）</font>は担当者不在のため、お電話でのお問い合わせは受け付けできません。
ご迷惑をお掛けしますが、お問い合わせはお問い合わせページからして頂くようよろしくお願い致します。
</marquee>
</div>-->

<div style=""padding-left:345px;margin-bottom:5px;"">

	<img src=""http://image.rakuten.co.jp/kiro/cabinet/img/849.jpg"" border=""0"">

</div>

<div style=""padding-left:345px;margin-bottom:5px;"">
<img src=""http://www.rakuten.ne.jp/gold/kiro/img/no405_01.jpg"" border=""0"">
</div>

</div>",ビーライフエス　タイル　Bクォリティータイル　A3913　11枚入り　【日本製タイル　屋外用】 Ａ3913：キロ楽天市場支店,ビーライフエス　タイル　Bクォリティータイル　A3913　11枚入り　【日本製タイル　屋外用】 Ａ3913,滑りを考慮した屋外用磁器質タイル。ビーライフエス　タイル　Bクォリティータイル　A3913　11枚入り　【日本製タイル　屋外用】 Ａ3913
7-2746,http://tshop.r10s.jp/kiro/cabinet/products/1514/15142401.jpg?fitin=700:700,2064.0000,,花・ガーデン・DIY > 住宅建材・設備 > 床材 > その他,オンリーワン　アルデコール　200角　マットシルバー(無塗装)　リーフパターン（LF）　1枚　HF2-LF200N,街や暮らしに溶け込むスタイリッシュなアルミタイル。,"<table class='item_det_table' width='400px' border='0' cellspacing='0' cellpadding='0'> <tr><th>商品番号</th><td>15142401</td></tr><tr><th>メーカー</th><td>オンリーワン</td></tr><tr><th>サイズ</th><td>幅 195mm × 奥行き 195mm × 高さ 5mm</td></tr><tr><th>通常納期</th><td>７～１４日後発送</td></tr><tr><th>配送区分</th><td>1<br>※商品により配送可能エリアが異なります。<br>配送エリア表をご覧ください。</td></tr><tr><th>工事対応</th><td>この商品は工事を承っておりません。<br></td></tr></table><br><br><div class='bott_10'>リーフ柄やチューリップ、幾何学模様など、繊細で柔らかなデザインから立体的でダイナミックな前衛的フォルムまで、鋳物製法を活かしたバリエーション豊かなラインナップ。カラーは経年変化が美しい素地のままのマットシルバー、経年変化を抑制するクリアトップコートを施したマットシルバークリア、そしてアクリル塗料焼付のクールなブラック5分艶塗装の3色でご用意しました。高純度アルミニウムを使用したハイクラスなアルミ鋳物AC7。アルミニウム素材はとにかく軽く、現場での取り回しがラクで、施工性に優れた素材です。従来のタイルと異なり、割れや欠けが無くねじれや衝撃に強く、耐久性に優れているので、運搬時のリスクの軽減も期待できます。さらに解体時は、リサイクルが可能です。</div ><br><br><div><b>備考</b><div><div class='bott_10'>●お手入れと美観について汚れが目立つ場合は、中性洗剤を含ませた金タワシで表面をこすってみてください。<br>●強くこすりすぎると、最初の肌合いが削り取れてしまいますのであらかじめ目立たない場所でのテストをおすすめいたします。●塗装の剥がれが気になる場合は、市販の近似色塗料でタッチアップしてください。<br>[施工上のご注意・施工方法について]<br>●壁面、床面ともに接着剤はドリームボンドZを推奨しておりますが、この限りではございません。<br>●床面でのご使用の場合の設置場所はコンクリート面の上とし、薄いアスファルトや下地が柔らかい  砂地、砂利の場所は避けてください。<br>●本製品は突きつけを推奨としています。目地をとる場合は必ず目地埋めを行ってください。なお   無塗装のタイルはトップコートがないため、水やモルタルを吸い込んで変色にみえてしまう恐れがあるので、目地をとる場合にはクリア塗装仕上げかブラック塗装仕上げを推奨します。<br>●本製品は金属製品のため、夏場や直射日光下では表面温度が50度を超す場合がございますので、素手や素足で触れないでください。また、ペットのお散歩の   際も十分気をつけてください。<br>●砂型鋳造ハンドメイドのため、重量誤差が生じます。<br>●本製品はアルミニウム生材のため、新品状態であっても、酸化による反転、染み、ムラなどの経年変化が発生しています。予めご了承ください。</div ><br><br><br><br><!--GoQSystemレジよこメーカー--><!--GoQSystemレジよこメーカー--><!--左追いかけバナー セール用-->
 
<div style=""display:block; width:100px; position:fixed; top:0px; left:20px; z-index:10;"">  </div>

<div style=""display:block; width:100px; position:fixed; top:513px; left:20px; z-index:10;"">  </div>

<div style=""display:block; width:100px; position:fixed; top:913px; left:20px; z-index:10;"">  </div>

<div style=""display:block; width:100px; position:fixed; top:1426px; left:20px; z-index:10;"">  </div>

<!--　セール左追いかけバナー　ここまで　-->

<style type=""text/css"">
input[value=""買い物かごに入れる""]{

	font-size:16px;
	font-family: ""メイリオ"",""Meiryo""; 
	font-weight:bold;
	-moz-border-radius:8px;
	-webkit-border-radius:8px;
	border-radius:8px;
	border:1px solid #d83526;
	padding:9px 18px;
	text-decoration:none;
        
	background:-moz-linear-gradient( center top, #fe1a00 5%, #ce0100 100% );
	background:-ms-linear-gradient( top, #fe1a00 5%, #ce0100 100% );
       	background:-webkit-gradient( linear, left top, left bottom, color-stop(5%, #fe1a00), color-stop(100%, #ce0100) );

	background-color:#fe1a00;
	color:#ffffff;
	display:inline-block;
	text-shadow:1px 1px 0px #b23e35;
 	box-shadow:inset 1px 1px 0px 0px #f29c93; } 
</style>

<style type=""text/css"">
input[value=""現地調査依頼""]{

	font-size:16px;
	font-family: ""メイリオ"",""Meiryo""; 
	font-weight:bold;
	-moz-border-radius:8px;
	-webkit-border-radius:8px;
	border-radius:8px;
	border:1px solid #d83526;
	padding:9px 18px;
	text-decoration:none;
        
	background:-moz-linear-gradient( center top, #fe1a00 5%, #ce0100 100% );
	background:-ms-linear-gradient( top, #fe1a00 5%, #ce0100 100% );
       	background:-webkit-gradient( linear, left top, left bottom, color-stop(5%, #fe1a00), color-stop(100%, #ce0100) );

	background-color:#fe1a00;
	color:#ffffff;
	display:inline-block;
	text-shadow:1px 1px 0px #b23e35;
 	box-shadow:inset 1px 1px 0px 0px #f29c93; } 
</style>


<!--
<style type=""text/css"">
body{
    background-image:url(""http://image.rakuten.co.jp/kiro/cabinet/img/no432_11_20160301.jpg"");
    background-repeat:repeat-y;
    background-position:right;
}
</style>
-->


<!--ここから楽太郎--> 
<center>

</center>
<!--ここまで楽太郎-->

<!--ここから楽太郎--><br>
<center>

</center>
<!--ここまで楽太郎-->

<!--ここから楽太郎--> 
<center>
<div style=""width:800px; margin-bottom:10px; background-color:#ffffff;"">   
<p style=""background-color:#ff6026; color:#ffffff; border:1px solid #c9c9c9;font-size:16px; font-weight:bold; text-align:center; line-height:15px; padding:5px 10px; margin:0;"">ピックアップアイテム</p>
<div style=""border:1px solid #c9c9c9;""> 
<center></center>
</div></div>
</center>
<!--ここまで楽太郎-->


<!--
<div style=""margin:0;padding:3px 0px 3px 0px;font-size:12px;border: 3px solid #ff0000;width:800px;"">
<marquee width=""800px"" scrolldelay=""150"">
<font color=""red""><b>●緊急のお知らせ</b></font>&nbsp;&nbsp;
<font color=""red"">8月29日（木）</font>は担当者不在のため、お電話でのお問い合わせは受け付けできません。
ご迷惑をお掛けしますが、お問い合わせはお問い合わせページからして頂くようよろしくお願い致します。
</marquee>
</div>-->

<div style=""padding-left:345px;margin-bottom:5px;"">

	<img src=""http://image.rakuten.co.jp/kiro/cabinet/img/849.jpg"" border=""0"">

</div>

<div style=""padding-left:345px;margin-bottom:5px;"">
<img src=""http://www.rakuten.ne.jp/gold/kiro/img/no405_01.jpg"" border=""0"">
</div>

</div>",オンリーワン　アルデコール　200角　マットシルバー(無塗装)　リーフパターン（LF）　1枚　HF2-LF200N：キロ楽天市場支店,オンリーワン　アルデコール　200角　マットシルバー(無塗装)　リーフパターン（LF）　1枚　HF2-LF200N,街や暮らしに溶け込むスタイリッシュなアルミタイル。。オンリーワン　アルデコール　200角　マットシルバー(無塗装)　リーフパターン（LF）　1枚　HF2-LF200N
7-2747,http://tshop.r10s.jp/kiro/cabinet/products/1514/15144701.jpg?fitin=700:700,45664.0000,,花・ガーデン・DIY > 住宅建材・設備 > 床材 > その他,オンリーワン　アルデコール　200角　ブラック　5分艶塗装　リゾートパターン（RS）　1ｍ2（25枚入り）　HF2-RS200SBK,街や暮らしに溶け込むスタイリッシュなアルミタイル。,"<table class='item_det_table' width='400px' border='0' cellspacing='0' cellpadding='0'> <tr><th>商品番号</th><td>15144701</td></tr><tr><th>メーカー</th><td>オンリーワン</td></tr><tr><th>サイズ</th><td>幅 195mm × 奥行き 195mm × 高さ 5mm</td></tr><tr><th>通常納期</th><td>７～１４日後発送</td></tr><tr><th>配送区分</th><td>1<br>※商品により配送可能エリアが異なります。<br>配送エリア表をご覧ください。</td></tr><tr><th>工事対応</th><td>この商品は工事を承っておりません。<br></td></tr></table><br><br><div class='bott_10'>リーフ柄やチューリップ、幾何学模様など、繊細で柔らかなデザインから立体的でダイナミックな前衛的フォルムまで、鋳物製法を活かしたバリエーション豊かなラインナップ。カラーは経年変化が美しい素地のままのマットシルバー、経年変化を抑制するクリアトップコートを施したマットシルバークリア、そしてアクリル塗料焼付のクールなブラック5分艶塗装の3色でご用意しました。高純度アルミニウムを使用したハイクラスなアルミ鋳物AC7。アルミニウム素材はとにかく軽く、現場での取り回しがラクで、施工性に優れた素材です。従来のタイルと異なり、割れや欠けが無くねじれや衝撃に強く、耐久性に優れているので、運搬時のリスクの軽減も期待できます。さらに解体時は、リサイクルが可能です。</div ><br><br><div><b>備考</b><div><div class='bott_10'>●お手入れと美観について汚れが目立つ場合は、中性洗剤を含ませた金タワシで表面をこすってみてください。<br>●強くこすりすぎると、最初の肌合いが削り取れてしまいますのであらかじめ目立たない場所でのテストをおすすめいたします。●塗装の剥がれが気になる場合は、市販の近似色塗料でタッチアップしてください。<br>[施工上のご注意・施工方法について]<br>●壁面、床面ともに接着剤はドリームボンドZを推奨しておりますが、この限りではございません。<br>●床面でのご使用の場合の設置場所はコンクリート面の上とし、薄いアスファルトや下地が柔らかい  砂地、砂利の場所は避けてください。<br>●本製品は突きつけを推奨としています。目地をとる場合は必ず目地埋めを行ってください。なお   無塗装のタイルはトップコートがないため、水やモルタルを吸い込んで変色にみえてしまう恐れがあるので、目地をとる場合にはクリア塗装仕上げかブラック塗装仕上げを推奨します。<br>●本製品は金属製品のため、夏場や直射日光下では表面温度が50度を超す場合がございますので、素手や素足で触れないでください。また、ペットのお散歩の   際も十分気をつけてください。<br>●砂型鋳造ハンドメイドのため、重量誤差が生じます。<br>●本製品はアルミニウム生材のため、新品状態であっても、酸化による反転、染み、ムラなどの経年変化が発生しています。予めご了承ください。</div ><br><br><br><br><!--GoQSystemレジよこメーカー--><!--GoQSystemレジよこメーカー--><!--左追いかけバナー セール用-->
 
<div style=""display:block; width:100px; position:fixed; top:0px; left:20px; z-index:10;"">  </div>

<div style=""display:block; width:100px; position:fixed; top:513px; left:20px; z-index:10;"">  </div>

<div style=""display:block; width:100px; position:fixed; top:913px; left:20px; z-index:10;"">  </div>

<div style=""display:block; width:100px; position:fixed; top:1426px; left:20px; z-index:10;"">  </div>

<!--　セール左追いかけバナー　ここまで　-->

<style type=""text/css"">
input[value=""買い物かごに入れる""]{

	font-size:16px;
	font-family: ""メイリオ"",""Meiryo""; 
	font-weight:bold;
	-moz-border-radius:8px;
	-webkit-border-radius:8px;
	border-radius:8px;
	border:1px solid #d83526;
	padding:9px 18px;
	text-decoration:none;
        
	background:-moz-linear-gradient( center top, #fe1a00 5%, #ce0100 100% );
	background:-ms-linear-gradient( top, #fe1a00 5%, #ce0100 100% );
       	background:-webkit-gradient( linear, left top, left bottom, color-stop(5%, #fe1a00), color-stop(100%, #ce0100) );

	background-color:#fe1a00;
	color:#ffffff;
	display:inline-block;
	text-shadow:1px 1px 0px #b23e35;
 	box-shadow:inset 1px 1px 0px 0px #f29c93; } 
</style>

<style type=""text/css"">
input[value=""現地調査依頼""]{

	font-size:16px;
	font-family: ""メイリオ"",""Meiryo""; 
	font-weight:bold;
	-moz-border-radius:8px;
	-webkit-border-radius:8px;
	border-radius:8px;
	border:1px solid #d83526;
	padding:9px 18px;
	text-decoration:none;
        
	background:-moz-linear-gradient( center top, #fe1a00 5%, #ce0100 100% );
	background:-ms-linear-gradient( top, #fe1a00 5%, #ce0100 100% );
       	background:-webkit-gradient( linear, left top, left bottom, color-stop(5%, #fe1a00), color-stop(100%, #ce0100) );

	background-color:#fe1a00;
	color:#ffffff;
	display:inline-block;
	text-shadow:1px 1px 0px #b23e35;
 	box-shadow:inset 1px 1px 0px 0px #f29c93; } 
</style>


<!--
<style type=""text/css"">
body{
    background-image:url(""http://image.rakuten.co.jp/kiro/cabinet/img/no432_11_20160301.jpg"");
    background-repeat:repeat-y;
    background-position:right;
}
</style>
-->


<!--ここから楽太郎--> 
<center>

</center>
<!--ここまで楽太郎-->

<!--ここから楽太郎--><br>
<center>

</center>
<!--ここまで楽太郎-->

<!--ここから楽太郎--> 
<center>
<div style=""width:800px; margin-bottom:10px; background-color:#ffffff;"">   
<p style=""background-color:#ff6026; color:#ffffff; border:1px solid #c9c9c9;font-size:16px; font-weight:bold; text-align:center; line-height:15px; padding:5px 10px; margin:0;"">ピックアップアイテム</p>
<div style=""border:1px solid #c9c9c9;""> 
<center></center>
</div></div>
</center>
<!--ここまで楽太郎-->


<!--
<div style=""margin:0;padding:3px 0px 3px 0px;font-size:12px;border: 3px solid #ff0000;width:800px;"">
<marquee width=""800px"" scrolldelay=""150"">
<font color=""red""><b>●緊急のお知らせ</b></font>&nbsp;&nbsp;
<font color=""red"">8月29日（木）</font>は担当者不在のため、お電話でのお問い合わせは受け付けできません。
ご迷惑をお掛けしますが、お問い合わせはお問い合わせページからして頂くようよろしくお願い致します。
</marquee>
</div>-->

<div style=""padding-left:345px;margin-bottom:5px;"">

	<img src=""http://image.rakuten.co.jp/kiro/cabinet/img/849.jpg"" border=""0"">

</div>

<div style=""padding-left:345px;margin-bottom:5px;"">
<img src=""http://www.rakuten.ne.jp/gold/kiro/img/no405_01.jpg"" border=""0"">
</div>

</div>",オンリーワン　アルデコール　200角　ブラック　5分艶塗装　リゾートパターン（RS）　1ｍ2（25枚入り）　HF2-RS200SBK：キロ楽天市場支店,オンリーワン　アルデコール　200角　ブラック　5分艶塗装　リゾートパターン（RS）　1ｍ2（25枚入り）　HF2-RS200SBK,街や暮らしに溶け込むスタイリッシュなアルミタイル。。オンリーワン　アルデコール　200角　ブラック　5分艶塗装　リゾートパターン（RS）　1ｍ2（25枚入り）　HF2-RS200SBK
7-2748,http://tshop.r10s.jp/kiro/cabinet/products/1514/15149901.jpg?fitin=700:700,5160.0000,,花・ガーデン・DIY > 住宅建材・設備 > 床材 > その他,オンリーワン　ソフトウォール　ガレージガード　　15149901　イエロー（Y）　FL2-SWGAY,クッション素材を使用した、新しい壁面装飾です。,"<table class='item_det_table' width='400px' border='0' cellspacing='0' cellpadding='0'> <tr><th>商品番号</th><td>15149901</td></tr><tr><th>メーカー</th><td>オンリーワン</td></tr><tr><th>通常納期</th><td>７～１４日後発送</td></tr><tr><th>配送区分</th><td>1<br>※商品により配送可能エリアが異なります。<br>配送エリア表をご覧ください。</td></tr><tr><th>工事対応</th><td>この商品は工事を承っておりません。<br></td></tr></table><br><br><div class='bott_10'>カーポートの柱や門塀のコーナー部などにクッション性の高いソフトウォールを使用することで、車のドアをキズやへこみからしっかりガードしてくれます。</div ><br><br><div><b>備考</b><div><div class='bott_10'>【サイズ】<br>（外寸） W360×H90×D90×t18<br>（内寸） W360×H70×D70 <br>●鋭利な物での傷つけ　・火気厳禁。 <br>●汚れた際は薄めの中性洗剤を浸した布でお拭きください。ひどい汚れは市販のメラミンフォームをお試しください。 <br>●ボンドまたはコーキングにて取り付けてください。</div ><br><br><br><br><!--GoQSystemレジよこメーカー--><!--GoQSystemレジよこメーカー--><!--左追いかけバナー セール用-->
 
<div style=""display:block; width:100px; position:fixed; top:0px; left:20px; z-index:10;"">  </div>

<div style=""display:block; width:100px; position:fixed; top:513px; left:20px; z-index:10;"">  </div>

<div style=""display:block; width:100px; position:fixed; top:913px; left:20px; z-index:10;"">  </div>

<div style=""display:block; width:100px; position:fixed; top:1426px; left:20px; z-index:10;"">  </div>

<!--　セール左追いかけバナー　ここまで　-->

<style type=""text/css"">
input[value=""買い物かごに入れる""]{

	font-size:16px;
	font-family: ""メイリオ"",""Meiryo""; 
	font-weight:bold;
	-moz-border-radius:8px;
	-webkit-border-radius:8px;
	border-radius:8px;
	border:1px solid #d83526;
	padding:9px 18px;
	text-decoration:none;
        
	background:-moz-linear-gradient( center top, #fe1a00 5%, #ce0100 100% );
	background:-ms-linear-gradient( top, #fe1a00 5%, #ce0100 100% );
       	background:-webkit-gradient( linear, left top, left bottom, color-stop(5%, #fe1a00), color-stop(100%, #ce0100) );

	background-color:#fe1a00;
	color:#ffffff;
	display:inline-block;
	text-shadow:1px 1px 0px #b23e35;
 	box-shadow:inset 1px 1px 0px 0px #f29c93; } 
</style>

<style type=""text/css"">
input[value=""現地調査依頼""]{

	font-size:16px;
	font-family: ""メイリオ"",""Meiryo""; 
	font-weight:bold;
	-moz-border-radius:8px;
	-webkit-border-radius:8px;
	border-radius:8px;
	border:1px solid #d83526;
	padding:9px 18px;
	text-decoration:none;
        
	background:-moz-linear-gradient( center top, #fe1a00 5%, #ce0100 100% );
	background:-ms-linear-gradient( top, #fe1a00 5%, #ce0100 100% );
       	background:-webkit-gradient( linear, left top, left bottom, color-stop(5%, #fe1a00), color-stop(100%, #ce0100) );

	background-color:#fe1a00;
	color:#ffffff;
	display:inline-block;
	text-shadow:1px 1px 0px #b23e35;
 	box-shadow:inset 1px 1px 0px 0px #f29c93; } 
</style>


<!--
<style type=""text/css"">
body{
    background-image:url(""http://image.rakuten.co.jp/kiro/cabinet/img/no432_11_20160301.jpg"");
    background-repeat:repeat-y;
    background-position:right;
}
</style>
-->


<!--ここから楽太郎--> 
<center>

</center>
<!--ここまで楽太郎-->

<!--ここから楽太郎--><br>
<center>

</center>
<!--ここまで楽太郎-->

<!--ここから楽太郎--> 
<center>
<div style=""width:800px; margin-bottom:10px; background-color:#ffffff;"">   
<p style=""background-color:#ff6026; color:#ffffff; border:1px solid #c9c9c9;font-size:16px; font-weight:bold; text-align:center; line-height:15px; padding:5px 10px; margin:0;"">ピックアップアイテム</p>
<div style=""border:1px solid #c9c9c9;""> 
<center></center>
</div></div>
</center>
<!--ここまで楽太郎-->


<!--
<div style=""margin:0;padding:3px 0px 3px 0px;font-size:12px;border: 3px solid #ff0000;width:800px;"">
<marquee width=""800px"" scrolldelay=""150"">
<font color=""red""><b>●緊急のお知らせ</b></font>&nbsp;&nbsp;
<font color=""red"">8月29日（木）</font>は担当者不在のため、お電話でのお問い合わせは受け付けできません。
ご迷惑をお掛けしますが、お問い合わせはお問い合わせページからして頂くようよろしくお願い致します。
</marquee>
</div>-->

<div style=""padding-left:345px;margin-bottom:5px;"">

	<img src=""http://image.rakuten.co.jp/kiro/cabinet/img/849.jpg"" border=""0"">

</div>

<div style=""padding-left:345px;margin-bottom:5px;"">
<img src=""http://www.rakuten.ne.jp/gold/kiro/img/no405_01.jpg"" border=""0"">
</div>

</div>",オンリーワン　ソフトウォール　ガレージガード　　15149901　イエロー（Y）　FL2-SWGAY：キロ楽天市場支店,オンリーワン　ソフトウォール　ガレージガード　　15149901　イエロー（Y）　FL2-SWGAY,クッション素材を使用した、新しい壁面装飾です。。オンリーワン　ソフトウォール　ガレージガード　　15149901　イエロー（Y）　FL2-SWGAY
7-2749,http://tshop.r10s.jp/kiro/cabinet/products/1740/17402701.jpg?fitin=700:700,4968.0000,,花・ガーデン・DIY > 住宅建材・設備 > 床材 > その他,ビーライフエス　タイル　ブルーメ　BA-4　【超よごれ防止機能付】　14枚入り　【日本製タイル　ナノフィニッシュ】 グレー,よごれ防止機能が付いた、クォーツ調のタイル,"<table class='item_det_table' width='400px' border='0' cellspacing='0' cellpadding='0'> <tr><th>商品番号</th><td>17402701</td></tr><tr><th>メーカー</th><td>ビーライフエス</td></tr><tr><th>サイズ</th><td>幅 294mm × 奥行き 294mm × 高さ 9mm</td></tr><tr><th>カラー</th><td>グレー</td></tr><tr><th>通常納期</th><td>７～１４日後発送</td></tr><tr><th>素材</th><td>磁器質</td></tr><tr><th>配送区分</th><td>1<br>※商品により配送可能エリアが異なります。<br>配送エリア表をご覧ください。</td></tr><tr><th>工事対応</th><td>この商品は工事を承っておりません。<br></td></tr></table><br><br><div class='bott_10'>クォーツ調のデザインが、どんなデザインにもマッチします。<br>価格は1ケースあたりの表示です。（1ケース14枚入）<br>使用目安：11.5枚/平方メートル<br></div ><br><br><div><b>備考</b><div><div class='bott_10'>●付着した汚れが落ちやすいタイルです。また、傷がつきにくく、滑りにくい特性も兼ねています。<br>●壁へのご使用の際は、壁の高さ、下地にあった接着剤をご使用ください。<br>●焼きもの特有の自然な色むらと色幅があります。</div ><br><br><br><br><!--GoQSystemレジよこメーカー--><!--GoQSystemレジよこメーカー--><!--左追いかけバナー セール用-->
 
<div style=""display:block; width:100px; position:fixed; top:0px; left:20px; z-index:10;"">  </div>

<div style=""display:block; width:100px; position:fixed; top:513px; left:20px; z-index:10;"">  </div>

<div style=""display:block; width:100px; position:fixed; top:913px; left:20px; z-index:10;"">  </div>

<div style=""display:block; width:100px; position:fixed; top:1426px; left:20px; z-index:10;"">  </div>

<!--　セール左追いかけバナー　ここまで　-->

<style type=""text/css"">
input[value=""買い物かごに入れる""]{

	font-size:16px;
	font-family: ""メイリオ"",""Meiryo""; 
	font-weight:bold;
	-moz-border-radius:8px;
	-webkit-border-radius:8px;
	border-radius:8px;
	border:1px solid #d83526;
	padding:9px 18px;
	text-decoration:none;
        
	background:-moz-linear-gradient( center top, #fe1a00 5%, #ce0100 100% );
	background:-ms-linear-gradient( top, #fe1a00 5%, #ce0100 100% );
       	background:-webkit-gradient( linear, left top, left bottom, color-stop(5%, #fe1a00), color-stop(100%, #ce0100) );

	background-color:#fe1a00;
	color:#ffffff;
	display:inline-block;
	text-shadow:1px 1px 0px #b23e35;
 	box-shadow:inset 1px 1px 0px 0px #f29c93; } 
</style>

<style type=""text/css"">
input[value=""現地調査依頼""]{

	font-size:16px;
	font-family: ""メイリオ"",""Meiryo""; 
	font-weight:bold;
	-moz-border-radius:8px;
	-webkit-border-radius:8px;
	border-radius:8px;
	border:1px solid #d83526;
	padding:9px 18px;
	text-decoration:none;
        
	background:-moz-linear-gradient( center top, #fe1a00 5%, #ce0100 100% );
	background:-ms-linear-gradient( top, #fe1a00 5%, #ce0100 100% );
       	background:-webkit-gradient( linear, left top, left bottom, color-stop(5%, #fe1a00), color-stop(100%, #ce0100) );

	background-color:#fe1a00;
	color:#ffffff;
	display:inline-block;
	text-shadow:1px 1px 0px #b23e35;
 	box-shadow:inset 1px 1px 0px 0px #f29c93; } 
</style>


<!--
<style type=""text/css"">
body{
    background-image:url(""http://image.rakuten.co.jp/kiro/cabinet/img/no432_11_20160301.jpg"");
    background-repeat:repeat-y;
    background-position:right;
}
</style>
-->


<!--ここから楽太郎--> 
<center>

</center>
<!--ここまで楽太郎-->

<!--ここから楽太郎--><br>
<center>

</center>
<!--ここまで楽太郎-->

<!--ここから楽太郎--> 
<center>
<div style=""width:800px; margin-bottom:10px; background-color:#ffffff;"">   
<p style=""background-color:#ff6026; color:#ffffff; border:1px solid #c9c9c9;font-size:16px; font-weight:bold; text-align:center; line-height:15px; padding:5px 10px; margin:0;"">ピックアップアイテム</p>
<div style=""border:1px solid #c9c9c9;""> 
<center></center>
</div></div>
</center>
<!--ここまで楽太郎-->


<!--
<div style=""margin:0;padding:3px 0px 3px 0px;font-size:12px;border: 3px solid #ff0000;width:800px;"">
<marquee width=""800px"" scrolldelay=""150"">
<font color=""red""><b>●緊急のお知らせ</b></font>&nbsp;&nbsp;
<font color=""red"">8月29日（木）</font>は担当者不在のため、お電話でのお問い合わせは受け付けできません。
ご迷惑をお掛けしますが、お問い合わせはお問い合わせページからして頂くようよろしくお願い致します。
</marquee>
</div>-->

<div style=""padding-left:345px;margin-bottom:5px;"">

	<img src=""http://image.rakuten.co.jp/kiro/cabinet/img/849.jpg"" border=""0"">

</div>

<div style=""padding-left:345px;margin-bottom:5px;"">
<img src=""http://www.rakuten.ne.jp/gold/kiro/img/no405_01.jpg"" border=""0"">
</div>

</div>",ビーライフエス　タイル　ブルーメ　BA-4　【超よごれ防止機能付】　14枚入り　【日本製タイル　ナノフィニッシュ】 グレー：キロ楽天市場支店,ビーライフエス　タイル　ブルーメ　BA-4　【超よごれ防止機能付】　14枚入り　【日本製タイル　ナノフィニッシュ】 グレー,よごれ防止機能が付いた、クォーツ調のタイル。ビーライフエス　タイル　ブルーメ　BA-4　【超よごれ防止機能付】　14枚入り　【日本製タイル　ナノフィニッシュ】 グレー
7-2750,http://tshop.r10s.jp/kiro/cabinet/products/3231/32314901.jpg?fitin=700:700,27592.0000,,花・ガーデン・DIY > 住宅建材・設備 > 床材 > その他,ミヅシマ工業　エンハンスＴＭマット3000　#0915　900×1500×9mm　1枚入,エンハンス500を上回る優れた堅牢性。,"<table class='item_det_table' width='400px' border='0' cellspacing='0' cellpadding='0'> <tr><th>商品番号</th><td>32314901</td></tr><tr><th>メーカー</th><td>ミヅシマ工業</td></tr><tr><th>サイズ</th><td>幅 900mm × 奥行き 1500mm × 高さ 13mm</td></tr><tr><th>通常納期</th><td>７～１４日後発送</td></tr><tr><th>素材</th><td>樹脂</td></tr><tr><th>配送区分</th><td>1<br>※商品により配送可能エリアが異なります。<br>配送エリア表をご覧ください。</td></tr><tr><th>工事対応</th><td>この商品は工事を承っておりません。<br></td></tr></table><br><br><div class='bott_10'>パターンの異なるナイロンパイルが細かいゴミを取り除く屋内用マットです。高いデザイン性と耐久性を兼ね備えた密度のあるループパイル形状になっています。</div ><br><br><div><b>備考</b><div><div class='bott_10'>※ 材質上、記載サイズ表示に多少の寸法誤差がおこりますのでご了承ください。<br>※ 製品の形状、サイズにより製品が設置場所から移動する場合があります。必要に応じて動か<br>ないように固定してください。<br>※ 樹脂は温度変化により伸縮を繰り返し最終的に縮む傾向となります。設置面が材質の融点を<br>超える場合、融け、波打ちが生じる場合がありますのでご注意ください。</div ><br><br><br><br><!--GoQSystemレジよこメーカー--><!--GoQSystemレジよこメーカー--><!--左追いかけバナー セール用-->
 
<div style=""display:block; width:100px; position:fixed; top:0px; left:20px; z-index:10;"">  </div>

<div style=""display:block; width:100px; position:fixed; top:513px; left:20px; z-index:10;"">  </div>

<div style=""display:block; width:100px; position:fixed; top:913px; left:20px; z-index:10;"">  </div>

<div style=""display:block; width:100px; position:fixed; top:1426px; left:20px; z-index:10;"">  </div>

<!--　セール左追いかけバナー　ここまで　-->

<style type=""text/css"">
input[value=""買い物かごに入れる""]{

	font-size:16px;
	font-family: ""メイリオ"",""Meiryo""; 
	font-weight:bold;
	-moz-border-radius:8px;
	-webkit-border-radius:8px;
	border-radius:8px;
	border:1px solid #d83526;
	padding:9px 18px;
	text-decoration:none;
        
	background:-moz-linear-gradient( center top, #fe1a00 5%, #ce0100 100% );
	background:-ms-linear-gradient( top, #fe1a00 5%, #ce0100 100% );
       	background:-webkit-gradient( linear, left top, left bottom, color-stop(5%, #fe1a00), color-stop(100%, #ce0100) );

	background-color:#fe1a00;
	color:#ffffff;
	display:inline-block;
	text-shadow:1px 1px 0px #b23e35;
 	box-shadow:inset 1px 1px 0px 0px #f29c93; } 
</style>

<style type=""text/css"">
input[value=""現地調査依頼""]{

	font-size:16px;
	font-family: ""メイリオ"",""Meiryo""; 
	font-weight:bold;
	-moz-border-radius:8px;
	-webkit-border-radius:8px;
	border-radius:8px;
	border:1px solid #d83526;
	padding:9px 18px;
	text-decoration:none;
        
	background:-moz-linear-gradient( center top, #fe1a00 5%, #ce0100 100% );
	background:-ms-linear-gradient( top, #fe1a00 5%, #ce0100 100% );
       	background:-webkit-gradient( linear, left top, left bottom, color-stop(5%, #fe1a00), color-stop(100%, #ce0100) );

	background-color:#fe1a00;
	color:#ffffff;
	display:inline-block;
	text-shadow:1px 1px 0px #b23e35;
 	box-shadow:inset 1px 1px 0px 0px #f29c93; } 
</style>


<!--
<style type=""text/css"">
body{
    background-image:url(""http://image.rakuten.co.jp/kiro/cabinet/img/no432_11_20160301.jpg"");
    background-repeat:repeat-y;
    background-position:right;
}
</style>
-->


<!--ここから楽太郎--> 
<center>

</center>
<!--ここまで楽太郎-->

<!--ここから楽太郎--><br>
<center>

</center>
<!--ここまで楽太郎-->

<!--ここから楽太郎--> 
<center>
<div style=""width:800px; margin-bottom:10px; background-color:#ffffff;"">   
<p style=""background-color:#ff6026; color:#ffffff; border:1px solid #c9c9c9;font-size:16px; font-weight:bold; text-align:center; line-height:15px; padding:5px 10px; margin:0;"">ピックアップアイテム</p>
<div style=""border:1px solid #c9c9c9;""> 
<center></center>
</div></div>
</center>
<!--ここまで楽太郎-->


<!--
<div style=""margin:0;padding:3px 0px 3px 0px;font-size:12px;border: 3px solid #ff0000;width:800px;"">
<marquee width=""800px"" scrolldelay=""150"">
<font color=""red""><b>●緊急のお知らせ</b></font>&nbsp;&nbsp;
<font color=""red"">8月29日（木）</font>は担当者不在のため、お電話でのお問い合わせは受け付けできません。
ご迷惑をお掛けしますが、お問い合わせはお問い合わせページからして頂くようよろしくお願い致します。
</marquee>
</div>-->

<div style=""padding-left:345px;margin-bottom:5px;"">

	<img src=""http://image.rakuten.co.jp/kiro/cabinet/img/849.jpg"" border=""0"">

</div>

<div style=""padding-left:345px;margin-bottom:5px;"">
<img src=""http://www.rakuten.ne.jp/gold/kiro/img/no405_01.jpg"" border=""0"">
</div>

</div>",ミヅシマ工業　エンハンスＴＭマット3000　#0915　900&times;1500&times;9mm　1枚入：キロ楽天市場支店,ミヅシマ工業　エンハンスＴＭマット3000　#0915　900&times;1500&times;9mm　1枚入,エンハンス500を上回る優れた堅牢性。。ミヅシマ工業　エンハンスＴＭマット3000　#0915　900&times;1500&times;9mm　1枚入
7-2751,http://tshop.r10s.jp/cityliner/cabinet/0006/06599153.jpg?fitin=700:700,599.2000,,花・ガーデン・DIY > 住宅建材・設備 > 床材 > その他,WAKI 天然ゴムロールGR-14 1巻,3240円以上ご購入で送料無料！,"<font color=blue>翌営業日以内に出荷致します。</font>在庫状況などにより出荷日が遅れる場合がございます。詳細はこちらでご確認下さい。<br><br><font color=red>3,240円以上ご購入で送料無料！</font><br><br>【特長】耐磨耗性と弾性に富み、機械的性質にすぐれています。<br>【用途】防振ゴム、現場養生材、パッキン材、スベリ止めなどに。<br>【注意】※色が移行する場合がありますので、接地する部分にご注意ください。<br>【材質】NR(天然ゴム)<br>【厚さ(mm)】5<br>【色】黒<br>【寸法(幅W×長さL)(mm)】100×1000<br>【耐寒耐熱温度(℃)】-40～70<br><div style="" border:solid 1px #333333; background-color:#FFFFFF; padding:5px; font-size:1.1em; line-height:1.4em;"">
	商品画像につきましては、<span style=""color:#990000;"">サイズ・色等が異なる場合がございます</span>のでご注意下さい。<br>
	<span style=""color:#990000;"">複数商品を同時にご注文</span>の場合は、ページ下の<span style=""color:#990000;"">【複数商品の出荷】</span>をご覧ください。
</div>",WAKI 天然ゴムロールGR-14 1巻：プロの工具ショップ　YOSHIMURA,作業工具消耗品日曜大工DIY安全靴ベアリング研磨梱包ウエスストレッチフィルムテープ軍手ボルヴィック台車切削工具ねじマスク測定キムタオルWAKI 天然ゴムロールGR-14 1巻,3240円以上ご購入で送料無料！。WAKI 天然ゴムロールGR-14 1巻
7-2752,http://tshop.r10s.jp/dcmonline/cabinet/a101/4977932177116.jpg?fitin=700:700,816.0000,,花・ガーデン・DIY > 住宅建材・設備 > 床材 > その他,明和グラビア 粘着スベリドメテープ4M OJST　10cm×4M 10cmx4M,【5千円以上で送料無料】,"●商品サイズ：10cmX4m巻。。●品質：オレフィン樹脂100％。 ●そのまま貼るだけの便利な粘着タイプのズレ防止です。●テープの粘着面をマットに貼り付け、ズレ防止にします。●ホットカーペット・床暖房対応！抗菌・防カビ加工！家中のマットに使用できます。 ・高級家具、調度品には使用しないでください。・ワックスの種類によっては長時間の使用で床にくもりがつく場合がございますので、時々床面を拭いたり、位置を少しズラしてご使用ください。・直射日光のあたる場所や火の側では軟化し、変形する恐れがありますので置かないでください。（耐熱温度50℃）<style type=""text/css"">
<!--

.item_name {
display:block;
margin-bottom:15px;
}

.catch_copy {
display:block;
margin-bottom:15px;
}

a {
text-decoration: none;
}
input.example1{ width:250px; height:18px;}
input.example2{ width:100%;} 
-->
</style>
ご注文は年中無休！　是非、ホームセンター通販ＤＣＭオンラインをお楽しみください。<br>


<br>

<!--リア受ここから-->
<div style=""width:640px; margin:0 0 1em;"">
<p style=""background-color:#e82835; color:#fff; font-size:14px; font-weight:bold; letter-spacing:0.1em; text-align:left; text-indent:0.8em; line-height:26px; padding:2px 0 0 0; margin:0;"">ご注文ありがとうございます！</p>

<div style=""height:270px; overflow:hidden;"">

</div></div>
<!--リア受ここまで-->

<!-- G-アライバルここから -->
<div style=""width:640px; margin:0 0 1em; padding:0;"">
<img src=""http://www.rakuten.ne.jp/gold/dcmonline/asp/1_garrival/signboard_img.img"" width=""640"" height=""74""><br />

<div style=""height:246px; overflow:hidden; margin:0; padding:0"">
</div></div>
<!-- G-アライバルここまで -->


<!--リアコメここから-->
<div style=""width:640px;"">
<p style=""background-color:#e82835; color:#fff; font-size:14px; font-weight:bold; letter-spacing:0.1em; text-align:left; text-indent:0.8em; line-height:26px; padding:2px 0 0 0; margin:0;"">お客様より頂きましたレビューをご紹介</p>

<div style=""height:270px; overflow:hidden;"">

</div></div>
<!--リアコメここまで-->",明和グラビア 粘着スベリドメテープ4M OJST　10cm&times;4M 10cmx4M：ＤＣＭオンライン,ホームセンターカーマダイキホーマックネットホームセンターホームセンター　通販工具KTC天馬アイリスオーヤマ藤原産業自転車カー用品DCMＤＣＭホールディングス日立工機ソフト９９ケルヒャーマキタフィッツ明和グラビア 粘着スベリドメテープ4M OJST　10cm&times;4M 10cmx4M,【5千円以上で送料無料】。明和グラビア 粘着スベリドメテープ4M OJST　10cm&times;4M 10cmx4M
7-2753,http://tshop.r10s.jp/sumica/cabinet/img/mat/lukaku-100-top01.jpg?fitin=700:700,1844.8000,,花・ガーデン・DIY > 住宅建材・設備 > 床材 > その他,【日本製】 クッションフロア【1M】 木目 幅89cm フローリングシート フロアシート フロアマット DIY 床 簡単設置 リフォーム 送料無料 新生活,【1M】クッションフロア 木目 床シート フロアマット DIY★,"<div id=""cartBox"">
<div id=""cartBana""></div>
</div>

<!-- 商品詳細 -->
<div class=""cartRap"">
<h3>商品のご紹介</h3>
    
<p>お部屋を簡単リフォームできる敷くだけフロアマットの<font color=""#FF6666""><b>【1M】</b></font>です！</p>
<table>
<tr>
<th>サイズ：</th><td>幅89x奥行100cm</td>
</tr>
<tr>
<th>素　材：</th><td>表面：塩化ビニル樹脂<br>
中材：塩ビ発砲層<br>
裏面：ガラス機材PET(ガイド付き)<br>
粘着：アクリル系エラストマー樹脂<br>
保護フィルム：PET</td>
</tr>
<tr>
<th>カラー：</th><td>フレンチホワイト、シンプルナチュラル、オールドブラウン、アメリカンウォルナット、モダンウエンジ</td>
</tr>
<tr>
<th>重　量：</th><td>約1kg</td>
</tr>
<tr>
<th>梱包サイズ：</th><td>幅9x奥行9x高さ90cm(約1.6kg)</td>
</tr>
<tr>
<th>生産国：</th><td>日本</td>
</tr>
<tr>
<th>備　考：</th><td>※床面の凸凹や使用状況により、滑りにくい加工の効果に差が生じます。<br>
※床面のワックスなどは良く拭き取り、乾ききってからご使用下さい。<br />
 <br />
※当商品の配送について※<br />
<font color=""#0000FF""><b>お届けまで約1週間～10日以上</b></font>お時間をいただいております。納期に余裕を持ったご注文をお願い致します。<br />
(一部地域についてお届けできない場合があります)<br>
</td>
</tr>
</table>
</div>

<!-- 確認事項 -->
<div class=""cartRap"">
<h3>ご購入前にご確認ください</h3>
<ul>
<li><div id=""haisoin"">玄関まで</div></li>
<li><div id=""debit"">デビットカード</div></li>
<li><div id=""daibiki"">代引き不可</div></li>
<li>※北海道本島・沖縄県・離島は別途送料お見積もり</li>
</ul>
</div>

<!-- 注意書き -->
<div id=""attention"">
<div id=""relay"">中継料</div>
<div id=""designChange"">デザイン変更</div>
</div>

<!-- 商品コード -->
<p class=""smalltxt"">【商品コード】ルカク</p><table cellpadding=""0"" cellspacing=""20"" width=""100%"">
<tr>
<td width=""33%""><img src=""http://image.rakuten.co.jp/sumica/cabinet/img/bana/940x395/stylebook-940x395.jpg"" width=""100%""></td>
<td width=""33%""><img src=""https://image.rakuten.co.jp/sumica/cabinet/img/bana/940x395/japan-940x395.jpg"" width=""100%""></td>
<td width=""33%""><img src=""http://image.rakuten.co.jp/sumica/cabinet/img/bana/940x395/kitchen-940x395-2.jpg"" width=""100%""></td>
</tr>
<tr>
<td width=""33%""><img src=""http://image.rakuten.co.jp/sumica/cabinet/img/bana/940x395/1p-sofa-940x395.jpg"" width=""100%""></td>
<td width=""33%""><img src=""http://image.rakuten.co.jp/sumica/cabinet/img/bana/940x395/storage-940x395.jpg"" width=""100%""></td>
<td width=""33%""><img src=""http://image.rakuten.co.jp/sumica/cabinet/img/bana/940x395/outdoor-940x395-.jpg"" width=""100%""></td>
</tr>
<tr>
<td width=""33%""><img src=""http://image.rakuten.co.jp/sumica/cabinet/img/bana/940x395/europe-940x395.jpg"" width=""100%""></td>
<td width=""33%""><img src=""http://image.rakuten.co.jp/sumica/cabinet/img/bana/740x310/vintage-740x310--.jpg"" width=""100%""></td>
<td width=""33%""><img src=""http://image.rakuten.co.jp/sumica/cabinet/img/bana/740x310/natural-740x310.jpg"" width=""100%""></td>
</tr>
<tr>
<td width=""33%""><img src=""http://image.rakuten.co.jp/sumica/cabinet/img/bana/940x395/esesu-940x395.jpg"" width=""100%""></td>
<td width=""33%""><img src=""http://image.rakuten.co.jp/sumica/cabinet/img/bana/940x395/boltz-940x395.jpg"" width=""100%""></td>
<td width=""33%""><img src=""http://image.rakuten.co.jp/sumica/cabinet/img/bana/940x395/diy-940x395.jpg"" width=""100%""></td>
</tr>

</table>",【日本製】 クッションフロア【1M】 木目 幅89cm フローリングシート フロアシート フロアマット DIY 床 簡単設置 リフォーム 送料無料 新生活：スミシア・インテリア（SUMICIA）,ラグラグマットソファー　2人掛けソファ　2人掛け絨毯ロフトベッドソファランドセルラックソファーテーブルキッチン収納ソファーベッドペンダントライトスポットライトシーリングファンカーペット食器棚マット国産クリスマスツリー【日本製】 クッションフロア【1M】 木目 幅89cm フローリングシート フロアシート フロアマット DIY 床 簡単設置 リフォーム 送料無料 新生活,【1M】クッションフロア 木目 床シート フロアマット DIY★。【日本製】 クッションフロア【1M】 木目 幅89cm フローリングシート フロアシート フロアマット DIY 床 簡単設置 リフォーム 送料無料 新生活
7-2754,http://tshop.r10s.jp/sumica/cabinet/img/mat/lukaku-200-top01.jpg?fitin=700:700,3696.8000,,花・ガーデン・DIY > 住宅建材・設備 > 床材 > その他,【日本製】 クッションフロア【2M】 木目 幅89cm フローリング フロアマット DIY 床 リフォームに 送料無料 新生活,【2M】クッションフロア 木目 床シート フロアマット DIY★,"<div id=""cartBox"">
<div id=""cartBana""></div>
</div>

<!-- 商品詳細 -->
<div class=""cartRap"">
<h3>商品のご紹介</h3>
    
<p>お部屋を簡単リフォームできる敷くだけフロアマットの<font color=""#FF6666""><b>【1M】</b></font>です！</p>
<table>
<tr>
<th>サイズ：</th><td>幅89x奥行100cm</td>
</tr>
<tr>
<th>素　材：</th><td>表面：塩化ビニル樹脂<br>
中材：塩ビ発砲層<br>
裏面：ガラス機材PET(ガイド付き)<br>
粘着：アクリル系エラストマー樹脂<br>
保護フィルム：PET</td>
</tr>
<tr>
<th>カラー：</th><td>フレンチホワイト、シンプルナチュラル、オールドブラウン、アメリカンウォルナット、モダンウエンジ</td>
</tr>
<tr>
<th>重　量：</th><td>約1kg</td>
</tr>
<tr>
<th>梱包サイズ：</th><td>幅9x奥行9x高さ90cm(約1.6kg)</td>
</tr>
<tr>
<th>生産国：</th><td>日本</td>
</tr>
<tr>
<th>備　考：</th><td>※床面の凸凹や使用状況により、滑りにくい加工の効果に差が生じます。<br>
※床面のワックスなどは良く拭き取り、乾ききってからご使用下さい。<br />
 <br />
※当商品の配送について※<br />
<font color=""#0000FF""><b>お届けまで約1週間～10日以上</b></font>お時間をいただいております。納期に余裕を持ったご注文をお願い致します。<br />
(一部地域についてお届けできない場合があります)<br>
</td>
</tr>
</table>
</div>

<!-- 確認事項 -->
<div class=""cartRap"">
<h3>ご購入前にご確認ください</h3>
<ul>
<li><div id=""haisoin"">玄関まで</div></li>
<li><div id=""debit"">デビットカード</div></li>
<li><div id=""daibiki"">代引き不可</div></li>
<li>※北海道本島・沖縄県・離島は別途送料お見積もり</li>
</ul>
</div>

<!-- 注意書き -->
<div id=""attention"">
<div id=""relay"">中継料</div>
<div id=""designChange"">デザイン変更</div>
</div>

<!-- 商品コード -->
<p class=""smalltxt"">【商品コード】ルカク</p><table cellpadding=""0"" cellspacing=""20"" width=""100%"">
<tr>
<td width=""33%""><img src=""http://image.rakuten.co.jp/sumica/cabinet/img/bana/940x395/stylebook-940x395.jpg"" width=""100%""></td>
<td width=""33%""><img src=""https://image.rakuten.co.jp/sumica/cabinet/img/bana/940x395/japan-940x395.jpg"" width=""100%""></td>
<td width=""33%""><img src=""http://image.rakuten.co.jp/sumica/cabinet/img/bana/940x395/kitchen-940x395-2.jpg"" width=""100%""></td>
</tr>
<tr>
<td width=""33%""><img src=""http://image.rakuten.co.jp/sumica/cabinet/img/bana/940x395/1p-sofa-940x395.jpg"" width=""100%""></td>
<td width=""33%""><img src=""http://image.rakuten.co.jp/sumica/cabinet/img/bana/940x395/storage-940x395.jpg"" width=""100%""></td>
<td width=""33%""><img src=""http://image.rakuten.co.jp/sumica/cabinet/img/bana/940x395/outdoor-940x395-.jpg"" width=""100%""></td>
</tr>
<tr>
<td width=""33%""><img src=""http://image.rakuten.co.jp/sumica/cabinet/img/bana/940x395/europe-940x395.jpg"" width=""100%""></td>
<td width=""33%""><img src=""http://image.rakuten.co.jp/sumica/cabinet/img/bana/740x310/vintage-740x310--.jpg"" width=""100%""></td>
<td width=""33%""><img src=""http://image.rakuten.co.jp/sumica/cabinet/img/bana/740x310/natural-740x310.jpg"" width=""100%""></td>
</tr>
<tr>
<td width=""33%""><img src=""http://image.rakuten.co.jp/sumica/cabinet/img/bana/940x395/esesu-940x395.jpg"" width=""100%""></td>
<td width=""33%""><img src=""http://image.rakuten.co.jp/sumica/cabinet/img/bana/940x395/boltz-940x395.jpg"" width=""100%""></td>
<td width=""33%""><img src=""http://image.rakuten.co.jp/sumica/cabinet/img/bana/940x395/diy-940x395.jpg"" width=""100%""></td>
</tr>

</table>",【日本製】 クッションフロア【2M】 木目 幅89cm フローリング フロアマット DIY 床 リフォームに 送料無料 新生活：スミシア・インテリア（SUMICIA）,ラグラグマットソファー　2人掛けソファ　2人掛け絨毯ロフトベッドソファランドセルラックソファーテーブルキッチン収納ソファーベッドペンダントライトスポットライトシーリングファンカーペット食器棚マット国産クリスマスツリー【日本製】 クッションフロア【2M】 木目 幅89cm フローリング フロアマット DIY 床 リフォームに 送料無料 新生活,【2M】クッションフロア 木目 床シート フロアマット DIY★。【日本製】 クッションフロア【2M】 木目 幅89cm フローリング フロアマット DIY 床 リフォームに 送料無料 新生活
7-2755,http://tshop.r10s.jp/sumica/cabinet/img/mat/lukaku-300-top01.jpg?fitin=700:700,5178.4000,,花・ガーデン・DIY > 住宅建材・設備 > 床材 > その他,【日本製】 クッションフロア【3M】 木目 幅89cm フローリング フロアマット DIY 床 リフォームに 送料無料 新生活,【3M】クッションフロア 木目 床シート フロアマット DIY★,"<div id=""cartBox"">
<div id=""cartBana""></div>
</div>

<!-- 商品詳細 -->
<div class=""cartRap"">
<h3>商品のご紹介</h3>
    
<p>お部屋を簡単リフォームできる敷くだけフロアマットの<font color=""#FF6666""><b>【1M】</b></font>です！</p>
<table>
<tr>
<th>サイズ：</th><td>幅89x奥行100cm</td>
</tr>
<tr>
<th>素　材：</th><td>表面：塩化ビニル樹脂<br>
中材：塩ビ発砲層<br>
裏面：ガラス機材PET(ガイド付き)<br>
粘着：アクリル系エラストマー樹脂<br>
保護フィルム：PET</td>
</tr>
<tr>
<th>カラー：</th><td>フレンチホワイト、シンプルナチュラル、オールドブラウン、アメリカンウォルナット、モダンウエンジ</td>
</tr>
<tr>
<th>重　量：</th><td>約1kg</td>
</tr>
<tr>
<th>梱包サイズ：</th><td>幅9x奥行9x高さ90cm(約1.6kg)</td>
</tr>
<tr>
<th>生産国：</th><td>日本</td>
</tr>
<tr>
<th>備　考：</th><td>※床面の凸凹や使用状況により、滑りにくい加工の効果に差が生じます。<br>
※床面のワックスなどは良く拭き取り、乾ききってからご使用下さい。<br />
 <br />
※当商品の配送について※<br />
<font color=""#0000FF""><b>お届けまで約1週間～10日以上</b></font>お時間をいただいております。納期に余裕を持ったご注文をお願い致します。<br />
(一部地域についてお届けできない場合があります)<br>
</td>
</tr>
</table>
</div>

<!-- 確認事項 -->
<div class=""cartRap"">
<h3>ご購入前にご確認ください</h3>
<ul>
<li><div id=""haisoin"">玄関まで</div></li>
<li><div id=""debit"">デビットカード</div></li>
<li><div id=""daibiki"">代引き不可</div></li>
<li>※北海道本島・沖縄県・離島は別途送料お見積もり</li>
</ul>
</div>

<!-- 注意書き -->
<div id=""attention"">
<div id=""relay"">中継料</div>
<div id=""designChange"">デザイン変更</div>
</div>

<!-- 商品コード -->
<p class=""smalltxt"">【商品コード】ルカク</p><table cellpadding=""0"" cellspacing=""20"" width=""100%"">
<tr>
<td width=""33%""><img src=""http://image.rakuten.co.jp/sumica/cabinet/img/bana/940x395/stylebook-940x395.jpg"" width=""100%""></td>
<td width=""33%""><img src=""https://image.rakuten.co.jp/sumica/cabinet/img/bana/940x395/japan-940x395.jpg"" width=""100%""></td>
<td width=""33%""><img src=""http://image.rakuten.co.jp/sumica/cabinet/img/bana/940x395/kitchen-940x395-2.jpg"" width=""100%""></td>
</tr>
<tr>
<td width=""33%""><img src=""http://image.rakuten.co.jp/sumica/cabinet/img/bana/940x395/1p-sofa-940x395.jpg"" width=""100%""></td>
<td width=""33%""><img src=""http://image.rakuten.co.jp/sumica/cabinet/img/bana/940x395/storage-940x395.jpg"" width=""100%""></td>
<td width=""33%""><img src=""http://image.rakuten.co.jp/sumica/cabinet/img/bana/940x395/outdoor-940x395-.jpg"" width=""100%""></td>
</tr>
<tr>
<td width=""33%""><img src=""http://image.rakuten.co.jp/sumica/cabinet/img/bana/940x395/europe-940x395.jpg"" width=""100%""></td>
<td width=""33%""><img src=""http://image.rakuten.co.jp/sumica/cabinet/img/bana/740x310/vintage-740x310--.jpg"" width=""100%""></td>
<td width=""33%""><img src=""http://image.rakuten.co.jp/sumica/cabinet/img/bana/740x310/natural-740x310.jpg"" width=""100%""></td>
</tr>
<tr>
<td width=""33%""><img src=""http://image.rakuten.co.jp/sumica/cabinet/img/bana/940x395/esesu-940x395.jpg"" width=""100%""></td>
<td width=""33%""><img src=""http://image.rakuten.co.jp/sumica/cabinet/img/bana/940x395/boltz-940x395.jpg"" width=""100%""></td>
<td width=""33%""><img src=""http://image.rakuten.co.jp/sumica/cabinet/img/bana/940x395/diy-940x395.jpg"" width=""100%""></td>
</tr>

</table>",【日本製】 クッションフロア【3M】 木目 幅89cm フローリング フロアマット DIY 床 リフォームに 送料無料 新生活：スミシア・インテリア（SUMICIA）,ラグラグマットソファー　2人掛けソファ　2人掛け絨毯ロフトベッドソファランドセルラックソファーテーブルキッチン収納ソファーベッドペンダントライトスポットライトシーリングファンカーペット食器棚マット国産クリスマスツリー【日本製】 クッションフロア【3M】 木目 幅89cm フローリング フロアマット DIY 床 リフォームに 送料無料 新生活,【3M】クッションフロア 木目 床シート フロアマット DIY★。【日本製】 クッションフロア【3M】 木目 幅89cm フローリング フロアマット DIY 床 リフォームに 送料無料 新生活
7-2756,http://tshop.r10s.jp/sumica/cabinet/img/mat/lukaku-400-top01.jpg?fitin=700:700,8140.8000,,花・ガーデン・DIY > 住宅建材・設備 > 床材 > その他,【日本製】 クッションフロア【4M】 木目 幅89cm フローリング フロアマット DIY 床 リフォームに 送料無料 新生活,【4M】クッションフロア 木目 床シート フロアマット DIY★,"<div id=""cartBox"">
<div id=""cartBana""></div>
</div>

<!-- 商品詳細 -->
<div class=""cartRap"">
<h3>商品のご紹介</h3>
    
<p>お部屋を簡単リフォームできる敷くだけフロアマットの<font color=""#FF6666""><b>【1M】</b></font>です！</p>
<table>
<tr>
<th>サイズ：</th><td>幅89x奥行100cm</td>
</tr>
<tr>
<th>素　材：</th><td>表面：塩化ビニル樹脂<br>
中材：塩ビ発砲層<br>
裏面：ガラス機材PET(ガイド付き)<br>
粘着：アクリル系エラストマー樹脂<br>
保護フィルム：PET</td>
</tr>
<tr>
<th>カラー：</th><td>フレンチホワイト、シンプルナチュラル、オールドブラウン、アメリカンウォルナット、モダンウエンジ</td>
</tr>
<tr>
<th>重　量：</th><td>約1kg</td>
</tr>
<tr>
<th>梱包サイズ：</th><td>幅9x奥行9x高さ90cm(約1.6kg)</td>
</tr>
<tr>
<th>生産国：</th><td>日本</td>
</tr>
<tr>
<th>備　考：</th><td>※床面の凸凹や使用状況により、滑りにくい加工の効果に差が生じます。<br>
※床面のワックスなどは良く拭き取り、乾ききってからご使用下さい。<br />
 <br />
※当商品の配送について※<br />
<font color=""#0000FF""><b>お届けまで約1週間～10日以上</b></font>お時間をいただいております。納期に余裕を持ったご注文をお願い致します。<br />
(一部地域についてお届けできない場合があります)<br>
</td>
</tr>
</table>
</div>

<!-- 確認事項 -->
<div class=""cartRap"">
<h3>ご購入前にご確認ください</h3>
<ul>
<li><div id=""haisoin"">玄関まで</div></li>
<li><div id=""debit"">デビットカード</div></li>
<li><div id=""daibiki"">代引き不可</div></li>
<li>※北海道本島・沖縄県・離島は別途送料お見積もり</li>
</ul>
</div>

<!-- 注意書き -->
<div id=""attention"">
<div id=""relay"">中継料</div>
<div id=""designChange"">デザイン変更</div>
</div>

<!-- 商品コード -->
<p class=""smalltxt"">【商品コード】ルカク</p><table cellpadding=""0"" cellspacing=""20"" width=""100%"">
<tr>
<td width=""33%""><img src=""http://image.rakuten.co.jp/sumica/cabinet/img/bana/940x395/stylebook-940x395.jpg"" width=""100%""></td>
<td width=""33%""><img src=""https://image.rakuten.co.jp/sumica/cabinet/img/bana/940x395/japan-940x395.jpg"" width=""100%""></td>
<td width=""33%""><img src=""http://image.rakuten.co.jp/sumica/cabinet/img/bana/940x395/kitchen-940x395-2.jpg"" width=""100%""></td>
</tr>
<tr>
<td width=""33%""><img src=""http://image.rakuten.co.jp/sumica/cabinet/img/bana/940x395/1p-sofa-940x395.jpg"" width=""100%""></td>
<td width=""33%""><img src=""http://image.rakuten.co.jp/sumica/cabinet/img/bana/940x395/storage-940x395.jpg"" width=""100%""></td>
<td width=""33%""><img src=""http://image.rakuten.co.jp/sumica/cabinet/img/bana/940x395/outdoor-940x395-.jpg"" width=""100%""></td>
</tr>
<tr>
<td width=""33%""><img src=""http://image.rakuten.co.jp/sumica/cabinet/img/bana/940x395/europe-940x395.jpg"" width=""100%""></td>
<td width=""33%""><img src=""http://image.rakuten.co.jp/sumica/cabinet/img/bana/740x310/vintage-740x310--.jpg"" width=""100%""></td>
<td width=""33%""><img src=""http://image.rakuten.co.jp/sumica/cabinet/img/bana/740x310/natural-740x310.jpg"" width=""100%""></td>
</tr>
<tr>
<td width=""33%""><img src=""http://image.rakuten.co.jp/sumica/cabinet/img/bana/940x395/esesu-940x395.jpg"" width=""100%""></td>
<td width=""33%""><img src=""http://image.rakuten.co.jp/sumica/cabinet/img/bana/940x395/boltz-940x395.jpg"" width=""100%""></td>
<td width=""33%""><img src=""http://image.rakuten.co.jp/sumica/cabinet/img/bana/940x395/diy-940x395.jpg"" width=""100%""></td>
</tr>

</table>",【日本製】 クッションフロア【4M】 木目 幅89cm フローリング フロアマット DIY 床 リフォームに 送料無料 新生活：スミシア・インテリア（SUMICIA）,ラグラグマットソファー　2人掛けソファ　2人掛け絨毯ロフトベッドソファランドセルラックソファーテーブルキッチン収納ソファーベッドペンダントライトスポットライトシーリングファンカーペット食器棚マット国産クリスマスツリー【日本製】 クッションフロア【4M】 木目 幅89cm フローリング フロアマット DIY 床 リフォームに 送料無料 新生活,【4M】クッションフロア 木目 床シート フロアマット DIY★。【日本製】 クッションフロア【4M】 木目 幅89cm フローリング フロアマット DIY 床 リフォームに 送料無料 新生活
7-2757,http://tshop.r10s.jp/sumica/cabinet/img/mat/lukaku-500-top01.jpg?fitin=700:700,10363.2000,,花・ガーデン・DIY > 住宅建材・設備 > 床材 > その他,【日本製】 クッションフロア【5M】 木目 幅89cm フローリング フロアマット DIY 床 リフォームに 送料無料 新生活,【5M】クッションフロア 木目 床シート フロアマット DIY★,"<div id=""cartBox"">
<div id=""cartBana""></div>
</div>

<!-- 商品詳細 -->
<div class=""cartRap"">
<h3>商品のご紹介</h3>
    
<p>お部屋を簡単リフォームできる敷くだけフロアマットの<font color=""#FF6666""><b>【1M】</b></font>です！</p>
<table>
<tr>
<th>サイズ：</th><td>幅89x奥行100cm</td>
</tr>
<tr>
<th>素　材：</th><td>表面：塩化ビニル樹脂<br>
中材：塩ビ発砲層<br>
裏面：ガラス機材PET(ガイド付き)<br>
粘着：アクリル系エラストマー樹脂<br>
保護フィルム：PET</td>
</tr>
<tr>
<th>カラー：</th><td>フレンチホワイト、シンプルナチュラル、オールドブラウン、アメリカンウォルナット、モダンウエンジ</td>
</tr>
<tr>
<th>重　量：</th><td>約1kg</td>
</tr>
<tr>
<th>梱包サイズ：</th><td>幅9x奥行9x高さ90cm(約1.6kg)</td>
</tr>
<tr>
<th>生産国：</th><td>日本</td>
</tr>
<tr>
<th>備　考：</th><td>※床面の凸凹や使用状況により、滑りにくい加工の効果に差が生じます。<br>
※床面のワックスなどは良く拭き取り、乾ききってからご使用下さい。<br />
 <br />
※当商品の配送について※<br />
<font color=""#0000FF""><b>お届けまで約1週間～10日以上</b></font>お時間をいただいております。納期に余裕を持ったご注文をお願い致します。<br />
(一部地域についてお届けできない場合があります)<br>
</td>
</tr>
</table>
</div>

<!-- 確認事項 -->
<div class=""cartRap"">
<h3>ご購入前にご確認ください</h3>
<ul>
<li><div id=""haisoin"">玄関まで</div></li>
<li><div id=""debit"">デビットカード</div></li>
<li><div id=""daibiki"">代引き不可</div></li>
<li>※北海道本島・沖縄県・離島は別途送料お見積もり</li>
</ul>
</div>

<!-- 注意書き -->
<div id=""attention"">
<div id=""relay"">中継料</div>
<div id=""designChange"">デザイン変更</div>
</div>

<!-- 商品コード -->
<p class=""smalltxt"">【商品コード】ルカク</p><table cellpadding=""0"" cellspacing=""20"" width=""100%"">
<tr>
<td width=""33%""><img src=""http://image.rakuten.co.jp/sumica/cabinet/img/bana/940x395/stylebook-940x395.jpg"" width=""100%""></td>
<td width=""33%""><img src=""https://image.rakuten.co.jp/sumica/cabinet/img/bana/940x395/japan-940x395.jpg"" width=""100%""></td>
<td width=""33%""><img src=""http://image.rakuten.co.jp/sumica/cabinet/img/bana/940x395/kitchen-940x395-2.jpg"" width=""100%""></td>
</tr>
<tr>
<td width=""33%""><img src=""http://image.rakuten.co.jp/sumica/cabinet/img/bana/940x395/1p-sofa-940x395.jpg"" width=""100%""></td>
<td width=""33%""><img src=""http://image.rakuten.co.jp/sumica/cabinet/img/bana/940x395/storage-940x395.jpg"" width=""100%""></td>
<td width=""33%""><img src=""http://image.rakuten.co.jp/sumica/cabinet/img/bana/940x395/outdoor-940x395-.jpg"" width=""100%""></td>
</tr>
<tr>
<td width=""33%""><img src=""http://image.rakuten.co.jp/sumica/cabinet/img/bana/940x395/europe-940x395.jpg"" width=""100%""></td>
<td width=""33%""><img src=""http://image.rakuten.co.jp/sumica/cabinet/img/bana/740x310/vintage-740x310--.jpg"" width=""100%""></td>
<td width=""33%""><img src=""http://image.rakuten.co.jp/sumica/cabinet/img/bana/740x310/natural-740x310.jpg"" width=""100%""></td>
</tr>
<tr>
<td width=""33%""><img src=""http://image.rakuten.co.jp/sumica/cabinet/img/bana/940x395/esesu-940x395.jpg"" width=""100%""></td>
<td width=""33%""><img src=""http://image.rakuten.co.jp/sumica/cabinet/img/bana/940x395/boltz-940x395.jpg"" width=""100%""></td>
<td width=""33%""><img src=""http://image.rakuten.co.jp/sumica/cabinet/img/bana/940x395/diy-940x395.jpg"" width=""100%""></td>
</tr>

</table>",【日本製】 クッションフロア【5M】 木目 幅89cm フローリング フロアマット DIY 床 リフォームに 送料無料 新生活：スミシア・インテリア（SUMICIA）,ラグラグマットソファー　2人掛けソファ　2人掛け絨毯ロフトベッドソファランドセルラックソファーテーブルキッチン収納ソファーベッドペンダントライトスポットライトシーリングファンカーペット食器棚マット国産クリスマスツリー【日本製】 クッションフロア【5M】 木目 幅89cm フローリング フロアマット DIY 床 リフォームに 送料無料 新生活,【5M】クッションフロア 木目 床シート フロアマット DIY★。【日本製】 クッションフロア【5M】 木目 幅89cm フローリング フロアマット DIY 床 リフォームに 送料無料 新生活
7-2758,http://tshop.r10s.jp/sumica/cabinet/img/mat/lukaku-1000-top01.jpg?fitin=700:700,20733.6000,,花・ガーデン・DIY > 住宅建材・設備 > 床材 > その他,【日本製】 クッションフロア【10M】 木目 幅89cm フローリング フロアマット DIY 床 リフォームに 送料無料 新生活,【10M】クッションフロア 木目 床シート フロアマット DIY★,"<div id=""cartBox"">
<div id=""cartBana""></div>
</div>

<!-- 商品詳細 -->
<div class=""cartRap"">
<h3>商品のご紹介</h3>
    
<p>お部屋を簡単リフォームできる敷くだけフロアマットの<font color=""#FF6666""><b>【1M】</b></font>です！</p>
<table>
<tr>
<th>サイズ：</th><td>幅89x奥行100cm</td>
</tr>
<tr>
<th>素　材：</th><td>表面：塩化ビニル樹脂<br>
中材：塩ビ発砲層<br>
裏面：ガラス機材PET(ガイド付き)<br>
粘着：アクリル系エラストマー樹脂<br>
保護フィルム：PET</td>
</tr>
<tr>
<th>カラー：</th><td>フレンチホワイト、シンプルナチュラル、オールドブラウン、アメリカンウォルナット、モダンウエンジ</td>
</tr>
<tr>
<th>重　量：</th><td>約1kg</td>
</tr>
<tr>
<th>梱包サイズ：</th><td>幅9x奥行9x高さ90cm(約1.6kg)</td>
</tr>
<tr>
<th>生産国：</th><td>日本</td>
</tr>
<tr>
<th>備　考：</th><td>※床面の凸凹や使用状況により、滑りにくい加工の効果に差が生じます。<br>
※床面のワックスなどは良く拭き取り、乾ききってからご使用下さい。<br />
 <br />
※当商品の配送について※<br />
<font color=""#0000FF""><b>お届けまで約1週間～10日以上</b></font>お時間をいただいております。納期に余裕を持ったご注文をお願い致します。<br />
(一部地域についてお届けできない場合があります)<br>
</td>
</tr>
</table>
</div>

<!-- 確認事項 -->
<div class=""cartRap"">
<h3>ご購入前にご確認ください</h3>
<ul>
<li><div id=""haisoin"">玄関まで</div></li>
<li><div id=""debit"">デビットカード</div></li>
<li><div id=""daibiki"">代引き不可</div></li>
<li>※北海道本島・沖縄県・離島は別途送料お見積もり</li>
</ul>
</div>

<!-- 注意書き -->
<div id=""attention"">
<div id=""relay"">中継料</div>
<div id=""designChange"">デザイン変更</div>
</div>

<!-- 商品コード -->
<p class=""smalltxt"">【商品コード】ルカク</p><table cellpadding=""0"" cellspacing=""20"" width=""100%"">
<tr>
<td width=""33%""><img src=""http://image.rakuten.co.jp/sumica/cabinet/img/bana/940x395/stylebook-940x395.jpg"" width=""100%""></td>
<td width=""33%""><img src=""https://image.rakuten.co.jp/sumica/cabinet/img/bana/940x395/japan-940x395.jpg"" width=""100%""></td>
<td width=""33%""><img src=""http://image.rakuten.co.jp/sumica/cabinet/img/bana/940x395/kitchen-940x395-2.jpg"" width=""100%""></td>
</tr>
<tr>
<td width=""33%""><img src=""http://image.rakuten.co.jp/sumica/cabinet/img/bana/940x395/1p-sofa-940x395.jpg"" width=""100%""></td>
<td width=""33%""><img src=""http://image.rakuten.co.jp/sumica/cabinet/img/bana/940x395/storage-940x395.jpg"" width=""100%""></td>
<td width=""33%""><img src=""http://image.rakuten.co.jp/sumica/cabinet/img/bana/940x395/outdoor-940x395-.jpg"" width=""100%""></td>
</tr>
<tr>
<td width=""33%""><img src=""http://image.rakuten.co.jp/sumica/cabinet/img/bana/940x395/europe-940x395.jpg"" width=""100%""></td>
<td width=""33%""><img src=""http://image.rakuten.co.jp/sumica/cabinet/img/bana/740x310/vintage-740x310--.jpg"" width=""100%""></td>
<td width=""33%""><img src=""http://image.rakuten.co.jp/sumica/cabinet/img/bana/740x310/natural-740x310.jpg"" width=""100%""></td>
</tr>
<tr>
<td width=""33%""><img src=""http://image.rakuten.co.jp/sumica/cabinet/img/bana/940x395/esesu-940x395.jpg"" width=""100%""></td>
<td width=""33%""><img src=""http://image.rakuten.co.jp/sumica/cabinet/img/bana/940x395/boltz-940x395.jpg"" width=""100%""></td>
<td width=""33%""><img src=""http://image.rakuten.co.jp/sumica/cabinet/img/bana/940x395/diy-940x395.jpg"" width=""100%""></td>
</tr>

</table>",【日本製】 クッションフロア【10M】 木目 幅89cm フローリング フロアマット DIY 床 リフォームに 送料無料 新生活：スミシア・インテリア（SUMICIA）,ラグラグマットソファー　2人掛けソファ　2人掛け絨毯ロフトベッドソファランドセルラックソファーテーブルキッチン収納ソファーベッドペンダントライトスポットライトシーリングファンカーペット食器棚マット国産クリスマスツリー【日本製】 クッションフロア【10M】 木目 幅89cm フローリング フロアマット DIY 床 リフォームに 送料無料 新生活,【10M】クッションフロア 木目 床シート フロアマット DIY★。【日本製】 クッションフロア【10M】 木目 幅89cm フローリング フロアマット DIY 床 リフォームに 送料無料 新生活
7-2759,http://tshop.r10s.jp/low-ya/cabinet/img4/mat/fluar-top01.jpg?fitin=700:700,3111.2000,,花・ガーデン・DIY > 住宅建材・設備 > 床材 > その他,[フロアタイル]【送料無料】 フローリングタイル フローリング材 フローリングマット フロアタイル 床材 接着剤不要 木目 ウッド調 コンクリート調 ストーン フロアマット クッションフロア 床 DIY 店舗 送料込,賃貸OKのフローリングタイル,"<!--  div#cartBox  -->
<div id=""cartBox"">
<!--  レビューバナー //-->
<div class=""rev_bana"">

</div>
</div>

<!-- 商品詳細 -->
<div class=""cartRap"">
<h3>商品のご紹介</h3>
<p>自分で出来る、簡単リノベーション！お部屋の雰囲気ガラリと変わるフロアタイルです。</p>
<table>
<tr>
<th>サイズ：</th><td>木目タイプ：幅90x奥行14x厚み0.5cm (1箱13枚入)<br>
ストーンタイプ：幅61x奥行30.5x厚み0.4cm (1箱9枚入)</td>
</tr>
<tr>
<th>素　材：</th><td>PVC</td>
</tr>
<tr>
<th>カラー：</th><td>木目タイプ：ミルキーオーク、ヘーゼルナッツ、ブラウニーオーク、キャラメルオーク、スモーキーオーク<br>
ストーンタイプ：グレーストーン</td>
</tr>
<tr>
<th>重　量：</th><td>木目タイプ：約0.9kg<br>
ストーンタイプ：約1.2kg
</td>
</tr>
<tr>
<th>梱包サイズ：</th><td>木目タイプ：幅95x奥行19x高さ7cm (約12.8kg)<br>
ストーンタイプ：幅35x奥行65x高さ5cm (約13.8kg)</td>
</tr>
<tr>
<th>備　考：</th><td>※本製品は温度の影響を受けやすい為、タイルの突き上げを防ぐ目的として施工時に5～8mm厚の硬い板を数箇所端に挟んでから施工して下さい。<br>
※床暖房の上には敷かないで下さい。
</td>
</tr>
</table>
</div>

<!-- 確認事項 -->
<div class=""cartRap"">
<h3>ご購入前にご確認ください</h3>
<ul>
<li><div id=""haisoin"">玄関まで</div></li>
<li><div id=""debit"">デビットカード</div></li>
<li>※北海道本島：通常送料＋別途1100円 (1個ご購入の場合のお見積りです)</li>
<li>※沖縄県・離島は別途送料お見積り</li>
</ul>
</div>

<!-- 注意書き -->
<div id=""attention"">
<div id=""relay"">中継料</div>
<div id=""designChange"">デザイン変更</div>
</div>

<!-- 商品コード -->
<p class=""smalltxt"">【商品コード】フルアー</p>",[フロアタイル]【送料無料】 フローリングタイル フローリング材 フローリングマット フロアタイル 床材 接着剤不要 木目 ウッド調 コンクリート調 ストーン フロアマット クッションフロア 床 DIY 店舗 送料込：家具通販のロウヤ,リクライニングチェアパソコンチェアオフィスチェアソファテーブル照明収納家具座椅子デスク机テレビ台食器棚ダイニングテーブルベッドガーデン家具ロフトベッドパソコンデスクソファー着る毛布グルーニー[フロアタイル]【送料無料】 フローリングタイル フローリング材 フローリングマット フロアタイル 床材 接着剤不要 木目 ウッド調 コンクリート調 ストーン フロアマット クッションフロア 床 DIY 店舗 送料込,賃貸OKのフローリングタイル。[フロアタイル]【送料無料】 フローリングタイル フローリング材 フローリングマット フロアタイル 床材 接着剤不要 木目 ウッド調 コンクリート調 ストーン フロアマット クッションフロア 床 DIY 店舗 送料込
7-2760,http://tshop.r10s.jp/low-ya/cabinet/img4/others/lukaku-400-top01.jpg?fitin=700:700,8140.8000,,花・ガーデン・DIY > 住宅建材・設備 > 床材 > その他,クッションフロア ★貼って剥がせるフローリングフロアマット★のり、両面テープ等の接着剤不要！ 4m 400cm 幅89cm 洋風 フローリング フロアマット DIY リフォーム 送料無料 送料込,クッションフロア 床 シート 4m 400cm,"<!--  div#cartBox  -->
<div id=""cartBox"">


<!--  レビューバナー //
<div class=""rev_bana"">

</div>-->
</div>

<!-- 商品詳細 -->
<div class=""cartRap"">
<h3>商品のご紹介</h3>
<p>お部屋を簡単リフォームできる敷くだけフロアマットの<font color=""#FF6666""><b>【1M】</b></font>です！</p>
<table>
<tr>
<th>サイズ：</th><td>幅89x奥行100cm</td>
</tr>
<tr>
<th>素　材：</th><td>表面：塩化ビニル樹脂<br>
中材：塩ビ発砲層<br>
裏面：ガラス機材PET(ガイド付き)<br>
粘着：アクリル系エラストマー樹脂<br>
保護フィルム：PET</td>
</tr>
<tr>
<th>カラー：</th><td>フレンチホワイト、シンプルナチュラル、オールドブラウン、アメリカンウォルナット、モダンウエンジ</td>
</tr>
<tr>
<th>重　量：</th><td>約1kg</td>
</tr>
<tr>
<th>梱包サイズ：</th><td>幅9x奥行9x高さ90cm(約1.6kg)</td>
</tr>
<tr>
<th>生産国：</th><td>日本</td>
</tr>
<tr>
<th>備　考：</th><td>※床面の凸凹や使用状況により、滑りにくい加工の効果に差が生じます。<br>
※床面のワックスなどは良く拭き取り、乾ききってからご使用下さい。<br />
 <br />
※当商品の配送について※<br />
<font color=""#0000FF""><b>お届けまで約1週間～10日以上</b></font>お時間をいただいております。納期に余裕を持ったご注文をお願い致します。<br />
(一部地域についてお届けできない場合があります)<br>
</td>
</tr>
</table>
</div>

<!-- 確認事項 -->
<div class=""cartRap"">
<h3>ご購入前にご確認ください</h3>
<ul>
<li><div id=""haisoin"">玄関まで</div></li>
<li><div id=""debit"">デビットカード</div></li>
<li><div id=""daibiki"">代引き不可</div></li>
<li>※北海道本島・沖縄県・離島は別途送料お見積もり</li>
</ul>
</div>

<!-- 注意書き -->
<div id=""attention"">
<div id=""relay"">中継料</div>
<div id=""designChange"">デザイン変更</div>
</div>

<!-- 商品コード -->
<p class=""smalltxt"">【商品コード】ルカク</p>",クッションフロア ★貼って剥がせるフローリングフロアマット★のり、両面テープ等の接着剤不要！ 4m 400cm 幅89cm 洋風 フローリング フロアマット DIY リフォーム 送料無料 送料込：家具通販のロウヤ,リクライニングチェアパソコンチェアオフィスチェアソファテーブル照明収納家具座椅子デスク机テレビ台食器棚ダイニングテーブルベッドガーデン家具ロフトベッドパソコンデスクソファー着る毛布グルーニークッションフロア ★貼って剥がせるフローリングフロアマット★のり、両面テープ等の接着剤不要！ 4m 400cm 幅89cm 洋風 フローリング フロアマット DIY リフォーム 送料無料 送料込,クッションフロア 床 シート 4m 400cm。クッションフロア ★貼って剥がせるフローリングフロアマット★のり、両面テープ等の接着剤不要！ 4m 400cm 幅89cm 洋風 フローリング フロアマット DIY リフォーム 送料無料 送料込
7-2761,http://tshop.r10s.jp/low-ya/cabinet/img4/others/lukaku-500-top01.jpg?fitin=700:700,10363.2000,,花・ガーデン・DIY > 住宅建材・設備 > 床材 > その他,クッションフロア ★貼って剥がせるフローリングフロアマット★のり、両面テープ等の接着剤不要！ 5m 500cm 幅89cm 洋風 フローリング フロアマット DIY リフォーム 送料無料 送料込,クッションフロア 床 シート 5m 500cm,"<!--  div#cartBox  -->
<div id=""cartBox"">


<!--  レビューバナー //
<div class=""rev_bana"">

</div>-->
</div>

<!-- 商品詳細 -->
<div class=""cartRap"">
<h3>商品のご紹介</h3>
<p>お部屋を簡単リフォームできる敷くだけフロアマットの<font color=""#FF6666""><b>【1M】</b></font>です！</p>
<table>
<tr>
<th>サイズ：</th><td>幅89x奥行100cm</td>
</tr>
<tr>
<th>素　材：</th><td>表面：塩化ビニル樹脂<br>
中材：塩ビ発砲層<br>
裏面：ガラス機材PET(ガイド付き)<br>
粘着：アクリル系エラストマー樹脂<br>
保護フィルム：PET</td>
</tr>
<tr>
<th>カラー：</th><td>フレンチホワイト、シンプルナチュラル、オールドブラウン、アメリカンウォルナット、モダンウエンジ</td>
</tr>
<tr>
<th>重　量：</th><td>約1kg</td>
</tr>
<tr>
<th>梱包サイズ：</th><td>幅9x奥行9x高さ90cm(約1.6kg)</td>
</tr>
<tr>
<th>生産国：</th><td>日本</td>
</tr>
<tr>
<th>備　考：</th><td>※床面の凸凹や使用状況により、滑りにくい加工の効果に差が生じます。<br>
※床面のワックスなどは良く拭き取り、乾ききってからご使用下さい。<br />
 <br />
※当商品の配送について※<br />
<font color=""#0000FF""><b>お届けまで約1週間～10日以上</b></font>お時間をいただいております。納期に余裕を持ったご注文をお願い致します。<br />
(一部地域についてお届けできない場合があります)<br>
</td>
</tr>
</table>
</div>

<!-- 確認事項 -->
<div class=""cartRap"">
<h3>ご購入前にご確認ください</h3>
<ul>
<li><div id=""haisoin"">玄関まで</div></li>
<li><div id=""debit"">デビットカード</div></li>
<li><div id=""daibiki"">代引き不可</div></li>
<li>※北海道本島・沖縄県・離島は別途送料お見積もり</li>
</ul>
</div>

<!-- 注意書き -->
<div id=""attention"">
<div id=""relay"">中継料</div>
<div id=""designChange"">デザイン変更</div>
</div>

<!-- 商品コード -->
<p class=""smalltxt"">【商品コード】ルカク</p>",クッションフロア ★貼って剥がせるフローリングフロアマット★のり、両面テープ等の接着剤不要！ 5m 500cm 幅89cm 洋風 フローリング フロアマット DIY リフォーム 送料無料 送料込：家具通販のロウヤ,リクライニングチェアパソコンチェアオフィスチェアソファテーブル照明収納家具座椅子デスク机テレビ台食器棚ダイニングテーブルベッドガーデン家具ロフトベッドパソコンデスクソファー着る毛布グルーニークッションフロア ★貼って剥がせるフローリングフロアマット★のり、両面テープ等の接着剤不要！ 5m 500cm 幅89cm 洋風 フローリング フロアマット DIY リフォーム 送料無料 送料込,クッションフロア 床 シート 5m 500cm。クッションフロア ★貼って剥がせるフローリングフロアマット★のり、両面テープ等の接着剤不要！ 5m 500cm 幅89cm 洋風 フローリング フロアマット DIY リフォーム 送料無料 送料込
7-2762,http://tshop.r10s.jp/low-ya/cabinet/img4/others/lukaku-1000-top01.jpg?fitin=700:700,20733.6000,,花・ガーデン・DIY > 住宅建材・設備 > 床材 > その他,クッションフロア ★貼って剥がせるフローリングフロアマット★のり、両面テープ等の接着剤不要！ 10m 1000cm 幅89cm 洋風 フローリング フロアマット DIY リフォーム 送料無料 送料込,クッションフロア 床 シート 10m 1000cm,"<!--  div#cartBox  -->
<div id=""cartBox"">


<!--  レビューバナー //
<div class=""rev_bana"">

</div>-->
</div>

<!-- 商品詳細 -->
<div class=""cartRap"">
<h3>商品のご紹介</h3>
<p>お部屋を簡単リフォームできる敷くだけフロアマットの<font color=""#FF6666""><b>【1M】</b></font>です！</p>
<table>
<tr>
<th>サイズ：</th><td>幅89x奥行100cm</td>
</tr>
<tr>
<th>素　材：</th><td>表面：塩化ビニル樹脂<br>
中材：塩ビ発砲層<br>
裏面：ガラス機材PET(ガイド付き)<br>
粘着：アクリル系エラストマー樹脂<br>
保護フィルム：PET</td>
</tr>
<tr>
<th>カラー：</th><td>フレンチホワイト、シンプルナチュラル、オールドブラウン、アメリカンウォルナット、モダンウエンジ</td>
</tr>
<tr>
<th>重　量：</th><td>約1kg</td>
</tr>
<tr>
<th>梱包サイズ：</th><td>幅9x奥行9x高さ90cm(約1.6kg)</td>
</tr>
<tr>
<th>生産国：</th><td>日本</td>
</tr>
<tr>
<th>備　考：</th><td>※床面の凸凹や使用状況により、滑りにくい加工の効果に差が生じます。<br>
※床面のワックスなどは良く拭き取り、乾ききってからご使用下さい。<br />
 <br />
※当商品の配送について※<br />
<font color=""#0000FF""><b>お届けまで約1週間～10日以上</b></font>お時間をいただいております。納期に余裕を持ったご注文をお願い致します。<br />
(一部地域についてお届けできない場合があります)<br>
</td>
</tr>
</table>
</div>

<!-- 確認事項 -->
<div class=""cartRap"">
<h3>ご購入前にご確認ください</h3>
<ul>
<li><div id=""haisoin"">玄関まで</div></li>
<li><div id=""debit"">デビットカード</div></li>
<li><div id=""daibiki"">代引き不可</div></li>
<li>※北海道本島・沖縄県・離島は別途送料お見積もり</li>
</ul>
</div>

<!-- 注意書き -->
<div id=""attention"">
<div id=""relay"">中継料</div>
<div id=""designChange"">デザイン変更</div>
</div>

<!-- 商品コード -->
<p class=""smalltxt"">【商品コード】ルカク</p>",クッションフロア ★貼って剥がせるフローリングフロアマット★のり、両面テープ等の接着剤不要！ 10m 1000cm 幅89cm 洋風 フローリング フロアマット DIY リフォーム 送料無料 送料込：家具通販のロウヤ,リクライニングチェアパソコンチェアオフィスチェアソファテーブル照明収納家具座椅子デスク机テレビ台食器棚ダイニングテーブルベッドガーデン家具ロフトベッドパソコンデスクソファー着る毛布グルーニークッションフロア ★貼って剥がせるフローリングフロアマット★のり、両面テープ等の接着剤不要！ 10m 1000cm 幅89cm 洋風 フローリング フロアマット DIY リフォーム 送料無料 送料込,クッションフロア 床 シート 10m 1000cm。クッションフロア ★貼って剥がせるフローリングフロアマット★のり、両面テープ等の接着剤不要！ 10m 1000cm 幅89cm 洋風 フローリング フロアマット DIY リフォーム 送料無料 送料込
7-2763,http://tshop.r10s.jp/d-shop1one/cabinet/7761257c3c0238f8f3/ab-1022691.jpg?fitin=700:700,916.0000,,花・ガーデン・DIY > 住宅建材・設備 > 床材 > その他,畳なおすシール　TC16700101,畳の色4色対応♪お手軽な補修グッズ!,"<font color=""red""> 【注】※メーカー直送の為、ご注文後のキャンセルはできませんので予めご了承下さい。</font><br>【※納期に関して通常土日祝日を除いた営業日での出荷予定ですが、<br>欠品やメーカー終了の可能性もあり、その場合は別途メールにてご連絡いたします】<br><br>【※在庫切れの場合、ご注文をキャンセルとさせて頂く場合がございますので予めご了承ください。】<br><br>【※お届け先が沖縄・北海道・離島の場合、別途料金が発生する場合がございます。】<br><br>【※商品１個ごとに送料がかかる可能性がございます。ご了承ください。】<br><br><table width=""300"" border=""0"" cellspacing=""0"" cellpadding=""0""><tr><td><font color=""#333333"" size=""-1"">タバコの焼穴・キズ穴・ほつれたタタミの上から貼るだけ!畳の補修にお使いください。</font></td></tr></table><br><table width=""300"" border=""0"" cellpadding=""5"" cellspacing=""1"" bgcolor=""#666666""><tr bgcolor=""#FFFFFF""><td align=""center"" nowrap bgcolor=""#FFFFCC""><font color=""#333333"" size=""-1"">サイズ</font></td><td align=""left""><font color=""#333333"" size=""-1"">個装サイズ：10×20×0cm</font></td></tr><tr bgcolor=""#FFFFFF""><td align=""center"" nowrap bgcolor=""#FFFFCC""><font color=""#333333"" size=""-1"">重量</font></td><td align=""left""><font color=""#333333"" size=""-1"">個装重量：15g</font></td></tr><tr bgcolor=""#FFFFFF""><td align=""center"" nowrap bgcolor=""#FFFFCC""><font color=""#333333"" size=""-1"">素材・材質</font></td><td align=""left""><font color=""#333333"" size=""-1"">シール:合成紙(畳表を写真製版しエンボス加工)<br>粘着剤:アクリル系粘着剤<br>裏紙:紙</font></td></tr><tr bgcolor=""#FFFFFF""><td align=""center"" nowrap bgcolor=""#FFFFCC""><font color=""#333333"" size=""-1"">セット内容</font></td><td align=""left""><font color=""#333333"" size=""-1"">A:新しそうな畳色(97×90mm)<br>B:ちょっと赤みのかかった畳色(109×90mm)<br>C:青っぽい畳色(121×90mm)<br>D:年数の経ったような畳色(160×90mm)</font></td></tr><tr bgcolor=""#FFFFFF""><td align=""center"" nowrap bgcolor=""#FFFFCC""><font color=""#333333"" size=""-1"">製造国</font></td><td align=""left""><font color=""#333333"" size=""-1"">日本</font></td></tr></table><style>

/*納期*/
div#rakutenLimitedId_aroundCart td font[size=""3""] {
  color: #ff8c00;
  font-size: 20px;
  font-weight: bold;
　margin-bottom:10px;

}


select[name=""choice""]{
	height:30px;
	margin-bottom:30px;
}

.choice{
	display:block;
	margin:0px 0px 0px 10px;
	border-width:0px 0px 0px 0px;
	border-style:solid;
	border-color:#900;
        font:12px;
	background-image:url("""");
	background-repeat:no-repeat;
	background-position:left;
	width:300px;
	height:18px;
	padding:8px 0px 0px 10px;
}

/*商品ページレフトナビとの間隔*/
#left{
margin-right:10px;
}

element.style {
font-size: 10;
font-weight: bold;
padding-left: 25px;
height: 25;
background-image: url(http://image.rakuten.co.jp/d-shop1one/cabinet/sozai/imgrc0062794455.jpg);
background-repeat: no-repeat;
}


/*パンくずリスト*/
td.sdtext {
font-size: 12px;
font-weight: bold;
padding-left: 25px;
height: 25;
background-image: url(http://image.rakuten.co.jp/d-shop1one/cabinet/sozai/imgrc0062794455.jpg);
background-repeat: no-repeat;
}


/*IE対応*/
*html input {
  width:1pt;
  overflow:visible;
  padding-top:8px;
  padding-bottom:8px;
  padding-left:40px;
  background:url(http://image.rakuten.co.jp/d-shop1one/cabinet/sozai/bgimg_cart.jpg) #ffffff no-repeat 20px 23px;
}
 

   
/*個数入力*/
input#units {
  border:solid #ccc 1px;
  background:#fff!important;
  width:30px;
  height:30px;
  cursor:auto;
  padding:7px 7px 7px 3px;
}
 
/*お問い合わせボタン*/
font input {
  background:#fcfcfc 10px 5px 10px 0;
  background-image:none;
  margin-bottom:5px;
  padding:7px;
}
 /*IE対応*/
*html font input {
  background:#fcfcfc no-repeat 9px 8px;
  margin-bottom:6px;
}   

/* お気に入り商品差し替えタグ */
#rakutenLimitedId_aroundCart #serviceTableSml td.favorite {
padding-top: 5px;
width:320px !important;
}
#rakutenLimitedId_aroundCart div.bookmarkArea div.bkm {
width: 155px !important;
height:30px !important;
padding: 0px 0px 10px 0px !important;
}
#rakutenLimitedId_aroundCart div.bookmarkArea div.bkm a.addBkm {
width: 155px !important;
height:30px !important;
}
#rakutenLimitedId_aroundCart div.bookmarkArea div.bkm a.addBkm span.bkmStar {
display: inline-block !important;
width: 155px !important;
height:30px !important;
margin:0px 0px 10px 0px !important;
background: url(""http://image.rakuten.co.jp/d-shop1one/cabinet/sozai/bgimg_favprod.jpg"") no-repeat !important;
}

/* お気に入りショップ差し替えタグ */
div.bookmarkArea {
width: 155px !important;
float:left !important;
}
div.shopbookmarkArea {
width: 155px !important;
float:right !important;
margin:0 !important;
}
#rakutenLimitedId_aroundCart div.shopBookmarkArea div.shopBkm {
width: 155px !important;
height:30px !important;
padding: 0px 0px !important;
padding-left: 0px !important;
}
#rakutenLimitedId_aroundCart div.shopBookmarkArea div.shopBkm a.addShopBkm span.shopBkmStar {
display: inline-block !important;
width: 155px !important;
height:30px !important;
margin-right: 0px !important;
background: url(""http://image.rakuten.co.jp/d-shop1one/cabinet/sozai/bgimg_favshop.jpg"") no-repeat !important;
}


</style>


<style type=""text/css"">
<!--

span.catch_copy,
span.item_name {
  line-height: 180%;
}

/* キャッチコピー上部にラベルがつく */
span.catch_copy:before {
    content: ""全商品送料無料！（対象外あり）""; /*ラベル内の文言*/
    width: 200px; /*ラベルのサイズ*/
    background-color: #bf0000; /*ラベルの色*/
    font-size: 11px;
    color: #fff;
    text-align: center;
    display: block;
    padding: 1px 4px;
    margin-bottom: 4px;
    border-radius: 2px;
    clear: both;
}

/* 商品名下に境界線が入る */
span.item_name {
    display: block;
    border-bottom: 2px dotted #ddd;
    padding-bottom: 8px;
}

/* 価格に枠線がつく */
table#rakutenLimitedId_cart {
    background-color: #f8f8f8;
    border: 1px solid #ddd;
    padding: 8px;
    margin: 16px 0;
}

span.price1 {
    color: #333 !important;
    font-weight: bold;
    font-size: 80% !important;
    line-height: 30px;
    display: inline-block;
    margin-right: 16px;
}


#rakutenLimitedId_aroundCart input[value=""お買い物かごに入れる""] {
        background: url(""http://image.rakuten.co.jp/d-shop1one/cabinet/sozai/imgrc0064031374.jpg"") left top no-repeat;
        width: 240px; /*幅*/
        height: 50px; /*高さ*/
        text-indent: 100%;
        white-space: nowrap;
        overflow: hidden;
        border: none;
        padding: 0;
        margin-top: 5px 0;
        cursor: pointer;
        }

-->
</style>



</div><!--mnew_wrap end-->
<!--mcat_wrap end-->
 <div style=""line-height: 12pt;""> <font color=""#cc0000""><small><small>※
当店では、併用販売を行っているため急激な需要により注文が集中した場合やメーカー直送品などは在庫切れとなる場
合がございます。<br>
&nbsp; &nbsp;
商品在庫数の更新は毎日行っておりますが、ご注文をいただいた後に在庫切れとなる場合がございますのであらかじめご了承ください。<br>
また、配送中のトラブルや予期せぬトラブルなどによる遅延の可能性もございます。<br>
その際当店にて責任を負うことはできませんので必ず日程に余裕をもってご注文ください。<br>
※家電などの保証につきましては直接メーカーへお問合せください。当店での対応はお届け後7日間の初期不良のみとなります。<br>
</small></small></font>
</div><br>


<br><br>



<br><br>

<br><br>",畳なおすシール　TC16700101：D-SHOP ONE,輸入家電インポート輸入雑貨輸入品　通販輸入キッチン家電日本未発売家電オーディオ輸入DVD輸入盤北米版並行輸入LEGO輸入カー用品デロンギ レゴYongnuoディズニースチーマー&quot;google-site-verification&quot; content=&quot;FBb7lGkyE8WX5jo8UKp3VzJJ0-0wCmjOU1qOhH7FmnY&quot; /通販畳なおすシール　TC16700101,畳の色4色対応♪お手軽な補修グッズ!。畳なおすシール　TC16700101
7-2764,http://tshop.r10s.jp/lamd/cabinet/04877143/imgrc0068161472.jpg?fitin=700:700,874.4000,,花・ガーデン・DIY > 住宅建材・設備 > 床材 > その他,ジョイントマット　PI60×60　4枚組　ピンク「洗面所、トイレ、キッチン、ペット用マットなどに」,,"<P>
<IMG SRC=""http://image.rakuten.co.jp/lamd/cabinet/04877143/imgrc0068161473.jpg"">
</P>


<TABLE border=""0"" cellpadding=""4"" cellspacing=""1"" bgcolor=""#000000"">
  <TBODY>
    <TR>
      <TD align=""center"" colspan=""4"" height=""30""><FONT color=""#fffff6"" size=""4"">ジョイントマット　4枚組</FONT></TD>
    </TR>
    <TR>
      <TD bgcolor=""#ffffff"" colspan=""4"" align=""left"" height=""100""><FONT size=""3"">組立簡単、外れにくい！厚みタップリ12mm！弾力性・保温性・遮音性に優れています。<BR>
      スペースにあわせて組み合わせ自由自在。<BR>
      洗面所・トイレ・キッチン用マットに！<BR>
      お子様の遊びスペ-スのマットに！ <BR>
      ペット用マットに！</FONT></TD>
    </TR>
    <TR>
      <TD bgcolor=""#dbdbdb"" width=""100"" align=""center""><FONT size=""2"">商品サイズ</FONT></TD>
      <TD bgcolor=""#ffffff"" width=""220"" align=""left""><FONT size=""2"">（約）巾60×奥行60×厚み1.2cm
</FONT></TD>
      <TD bgcolor=""#dbdbdb"" width=""100"" align=""center""><FONT size=""2"">耐熱温度</FONT></TD>
      <TD bgcolor=""#ffffff"" width=""220"" align=""left""><FONT size=""2"">160℃</FONT></TD>
    </TR>
    <TR>
      <TD bgcolor=""#dbdbdb"" width=""100"" align=""center""><FONT size=""2"">カラー</FONT></TD>
      <TD bgcolor=""#ffffff"" width=""220"" align=""left""><FONT size=""2"">ピンク    
</FONT></TD>
      <TD bgcolor=""#dbdbdb"" width=""100"" align=""center""><FONT size=""2"">耐冷温度</FONT></TD>
      <TD bgcolor=""#ffffff"" width=""220"" align=""left""><FONT size=""2"">-20℃</FONT></TD>
    </TR>
    <TR>
      <TD bgcolor=""#dbdbdb"" align=""center"" width=""100""><FONT size=""2"">生産国</FONT></TD>
      <TD bgcolor=""#ffffff"" align=""left"" width=""220""><FONT size=""2"">中国</FONT></TD>
      <TD bgcolor=""#dbdbdb"" align=""center"" width=""100""><FONT size=""2"">材質</FONT></TD>
      <TD bgcolor=""#ffffff"" align=""left"" width=""220""><FONT size=""2"">ＥＶＡ(エチレン・酢酸ビニル樹脂)
</FONT></TD>
    </TR>
    <TR>
      <TD colspan=""4"" bgcolor=""#ffffff"" align=""left"" height=""40""><FONT size=""2"">※品質向上のため予告無く仕様を変更する場合がございます。 <BR>
      ※商品画像の色合いは、画像処理上　若干異なる場合がございます。予めご了承下さい。</FONT></TD>
    </TR>
    <TR>
      <TD colspan=""4"" align=""left"" height=""20""><FONT size=""2"" color=""#fffff6"">販売元：アークランドサカモト株式会社</FONT></TD>
    </TR>
  </TBODY>
</TABLE>
<BR>
<BR><TABLE border=""0"" bgcolor=""#ff0000"">
  <TBODY>
    <TR>
      <TD align=""center"" bgcolor=""#ff0000""><FONT size=""+1"" color=""#ffffff""><B>送料について</B></FONT></TD>
    </TR>
    <TR>
      <TD bgcolor=""#ffffff""><FONT size=""-1"">複数の商品をご購入した場合、送料が自動計算されないため、注文手続き画面では確定できません。<BR>
      ご注文を受付する際に送料を確定させていただきます。予めご了承ください。</FONT></TD>
    </TR>
  </TBODY>
</TABLE>",ジョイントマット　PI60&times;60　4枚組　ピンク「洗面所、トイレ、キッチン、ペット用マットなどに」：アークランド楽天市場ショップ,工具塗料・接着・補修作業用品園芸用品農業用品水道用品エクステリアペット用品照明インテリア収納家庭用品カー用品アウトドア防犯防災クラフト電材ガーデン安全用品サイクル用品ジョイントマット　PI60&times;60　4枚組　ピンク「洗面所、トイレ、キッチン、ペット用マットなどに」,ジョイントマット　PI60&times;60　4枚組　ピンク「洗面所、トイレ、キッチン、ペット用マットなどに」
7-2765,http://tshop.r10s.jp/lamd/cabinet/04877143/imgrc0068162253.jpg?fitin=700:700,1968.0000,,花・ガーデン・DIY > 住宅建材・設備 > 床材 > その他,パッチングデッキ ブルー×10枚入［ケース販売］「ジョイントマット　水はけのいい」「ベランダ　軒下　倉庫などに」,,"<TABLE border=""0"" cellpadding=""4"" cellspacing=""1"" bgcolor=""#000000"">
  <TBODY>
    <TR>
      <TD align=""center"" colspan=""4"" height=""30""><FONT color=""#fffff6"" size=""4"">パッチングデッキ　10枚入　　　          
</FONT></TD>
    </TR>
    <TR>
      <TD bgcolor=""#ffffff"" colspan=""4"" align=""left"" height=""50""><FONT size=""3"">ベランダ、物置内の下敷きにおススメ！<br>
      組立簡単、敷いて繋げるだけ。水はけも抜群！ </FONT></TD>
    </TR>
    <TR>
      <TD bgcolor=""#dbdbdb"" width=""100"" align=""center""><FONT size=""2"">商品サイズ</FONT></TD>
      <TD bgcolor=""#ffffff"" width=""220"" align=""left""><FONT size=""2"">（約）巾295×奥行295×厚み1.3mm
</FONT></TD>
      <TD bgcolor=""#dbdbdb"" width=""100"" align=""center""><FONT size=""2"">梱包サイズ  
</FONT></TD>
      <TD bgcolor=""#ffffff"" width=""220"" align=""left""><FONT size=""2"">-</FONT></TD>
    </TR>
    <TR>
      <TD bgcolor=""#dbdbdb"" width=""100"" align=""center""><FONT size=""2"">カラー</FONT></TD>
      <TD bgcolor=""#ffffff"" width=""220"" align=""left""><FONT size=""2"">ブルー      
</FONT></TD>
      <TD bgcolor=""#dbdbdb"" width=""100"" align=""center""><FONT size=""2"">梱包重量 
</FONT></TD>
      <TD bgcolor=""#ffffff"" width=""220"" align=""left""><FONT size=""2"">-</FONT></TD>
    </TR>
    <TR>
      <TD bgcolor=""#dbdbdb"" align=""center"" width=""100""><FONT size=""2"">生産国</FONT></TD>
      <TD bgcolor=""#ffffff"" align=""left"" width=""220""><FONT size=""2"">台湾
</FONT></TD>
      <TD bgcolor=""#dbdbdb"" align=""center"" width=""100""><FONT size=""2"">材質</FONT></TD>
      <TD bgcolor=""#ffffff"" align=""left"" width=""220""><FONT size=""2"">PVC(ポリ塩化ビニル)
</FONT></TD>
    </TR>
    <TR>
      <TD colspan=""4"" bgcolor=""#ffffff"" align=""left"" height=""40"">  <FONT size=""2"">※長時間直射日光が当たる場所でのご使用は色あせや変形の原因となりますのでご注意ください。<BR>
※本品の上で走ったり、飛び跳ねたりすると転倒の可能性がありますのでご注意ください。<BR>
 
※本品は足下用のジョイントタイプのマットです。本来の目的以外にご使用にならないでください。 
<BR>
      <FONT size=""2"">※品質向上のため予告無く仕様を変更する場合がございます。 <BR>
      ※商品画像の色合いは、画像処理上　若干異なる場合がございます。予めご了承下さい。</FONT></FONT></TD>
    </TR>
    <TR>
      <TD colspan=""4"" align=""left"" height=""20""><FONT size=""2"" color=""#fffff6"">販売元：アークランドサカモト株式会社</FONT></TD>
    </TR>
  </TBODY>
</TABLE>
<BR>
<BR><TABLE border=""0"" bgcolor=""#ff0000"">
  <TBODY>
    <TR>
      <TD align=""center"" bgcolor=""#ff0000""><FONT size=""+1"" color=""#ffffff""><B>送料について</B></FONT></TD>
    </TR>
    <TR>
      <TD bgcolor=""#ffffff""><FONT size=""-1"">複数の商品をご購入した場合、送料が自動計算されないため、注文手続き画面では確定できません。<BR>
      ご注文を受付する際に送料を確定させていただきます。予めご了承ください。</FONT></TD>
    </TR>
  </TBODY>
</TABLE>",パッチングデッキ ブルー&times;10枚入［ケース販売］「ジョイントマット　水はけのいい」「ベランダ　軒下　倉庫などに」：アークランド楽天市場ショップ,工具塗料・接着・補修作業用品園芸用品農業用品水道用品エクステリアペット用品照明インテリア収納家庭用品カー用品アウトドア防犯防災クラフト電材ガーデン安全用品サイクル用品パッチングデッキ ブルー&times;10枚入［ケース販売］「ジョイントマット　水はけのいい」「ベランダ　軒下　倉庫などに」,パッチングデッキ ブルー&times;10枚入［ケース販売］「ジョイントマット　水はけのいい」「ベランダ　軒下　倉庫などに」
7-2766,http://tshop.r10s.jp/lamd/cabinet/04877143/imgrc0068162231.jpg?fitin=700:700,874.4000,,花・ガーデン・DIY > 住宅建材・設備 > 床材 > その他,ジョイントマット　YE60×60　4枚組　イエロー「洗面所、トイレ、キッチン、ペット用マットなどに」,,"<P>
<IMG SRC=""http://image.rakuten.co.jp/lamd/cabinet/04877143/imgrc0068161473.jpg"">
</P>


<TABLE border=""0"" cellpadding=""4"" cellspacing=""1"" bgcolor=""#000000"">
  <TBODY>
    <TR>
      <TD align=""center"" colspan=""4"" height=""30""><FONT color=""#fffff6"" size=""4"">ジョイントマット　4枚組</FONT></TD>
    </TR>
    <TR>
      <TD bgcolor=""#ffffff"" colspan=""4"" align=""left"" height=""100""><FONT size=""3"">組立簡単、外れにくい！厚みタップリ12mm！弾力性・保温性・遮音性に優れています。<BR>
      スペースにあわせて組み合わせ自由自在。<BR>
      洗面所・トイレ・キッチン用マットに！<BR>
      お子様の遊びスペ-スのマットに！ <BR>
      ペット用マットに！</FONT></TD>
    </TR>
    <TR>
      <TD bgcolor=""#dbdbdb"" width=""100"" align=""center""><FONT size=""2"">商品サイズ</FONT></TD>
      <TD bgcolor=""#ffffff"" width=""220"" align=""left""><FONT size=""2"">（約）巾60×奥行60×厚み1.2cm
</FONT></TD>
      <TD bgcolor=""#dbdbdb"" width=""100"" align=""center""><FONT size=""2"">耐熱温度</FONT></TD>
      <TD bgcolor=""#ffffff"" width=""220"" align=""left""><FONT size=""2"">160℃</FONT></TD>
    </TR>
    <TR>
      <TD bgcolor=""#dbdbdb"" width=""100"" align=""center""><FONT size=""2"">カラー</FONT></TD>
      <TD bgcolor=""#ffffff"" width=""220"" align=""left""><FONT size=""2"">イエロー    
</FONT></TD>
      <TD bgcolor=""#dbdbdb"" width=""100"" align=""center""><FONT size=""2"">耐冷温度</FONT></TD>
      <TD bgcolor=""#ffffff"" width=""220"" align=""left""><FONT size=""2"">-20℃</FONT></TD>
    </TR>
    <TR>
      <TD bgcolor=""#dbdbdb"" align=""center"" width=""100""><FONT size=""2"">生産国</FONT></TD>
      <TD bgcolor=""#ffffff"" align=""left"" width=""220""><FONT size=""2"">中国</FONT></TD>
      <TD bgcolor=""#dbdbdb"" align=""center"" width=""100""><FONT size=""2"">材質</FONT></TD>
      <TD bgcolor=""#ffffff"" align=""left"" width=""220""><FONT size=""2"">ＥＶＡ(エチレン・酢酸ビニル樹脂)
</FONT></TD>
    </TR>
    <TR>
      <TD colspan=""4"" bgcolor=""#ffffff"" align=""left"" height=""40""><FONT size=""2"">※品質向上のため予告無く仕様を変更する場合がございます。 <BR>
      ※商品画像の色合いは、画像処理上　若干異なる場合がございます。予めご了承下さい。</FONT></TD>
    </TR>
    <TR>
      <TD colspan=""4"" align=""left"" height=""20""><FONT size=""2"" color=""#fffff6"">販売元：アークランドサカモト株式会社</FONT></TD>
    </TR>
  </TBODY>
</TABLE>
<BR>
<BR><TABLE border=""0"" bgcolor=""#ff0000"">
  <TBODY>
    <TR>
      <TD align=""center"" bgcolor=""#ff0000""><FONT size=""+1"" color=""#ffffff""><B>送料について</B></FONT></TD>
    </TR>
    <TR>
      <TD bgcolor=""#ffffff""><FONT size=""-1"">複数の商品をご購入した場合、送料が自動計算されないため、注文手続き画面では確定できません。<BR>
      ご注文を受付する際に送料を確定させていただきます。予めご了承ください。</FONT></TD>
    </TR>
  </TBODY>
</TABLE>",ジョイントマット　YE60&times;60　4枚組　イエロー「洗面所、トイレ、キッチン、ペット用マットなどに」：アークランド楽天市場ショップ,工具塗料・接着・補修作業用品園芸用品農業用品水道用品エクステリアペット用品照明インテリア収納家庭用品カー用品アウトドア防犯防災クラフト電材ガーデン安全用品サイクル用品ジョイントマット　YE60&times;60　4枚組　イエロー「洗面所、トイレ、キッチン、ペット用マットなどに」,ジョイントマット　YE60&times;60　4枚組　イエロー「洗面所、トイレ、キッチン、ペット用マットなどに」
7-2767,http://tshop.r10s.jp/hstsuge/cabinet/00916408/img55828050.jpg?fitin=700:700,960.0000,,花・ガーデン・DIY > 住宅建材・設備 > 床材 > その他,飛騨の森から健康の贈り物♪セラミック炭　床下調湿材　飛騨炭（約450×600ｍｍ１袋売り）施工目安：１坪・約１２枚必要ですセラミック炭が湿度を調節！遠赤効果！シロアリ・カビの抑制に：P16Sep15:02P03Dec19,,"<TABLE border=""1"" bgcolor=""#ffff33"">
  <TBODY>
    <TR>
      <TD width=""530""><B><FONT color=""#ff0000""><BR>
      本商品はご注文後、商品の発送までに２日から１０日程掛かります。</FONT></B><BR>
      <FONT size=""-1""><B>(当店・製造メーカー長期休暇時を除く）<BR>
      ※銀行振込決済の場合はご入金確認後<BR>
      ※お届けまでの日数はお届けご住所により異なります。<BR>
      ※ご注文を頂きました後、発送予定について別途ご連絡させて頂きます。</B></FONT><BR>
      <BR>
      <FONT color=""#ff0000""><B>本商品は他の商品と同梱出来ません<BR>
      </B><BR>
      </FONT>おわかりにくい点・ご質問等御座いましたらお気軽に当店までお問い合わせ下さい。&nbsp;</TD>
    </TR>
    <TR>
      <TD bgcolor=""#ffffff""><FONT size=""-2"">床下建材・炭建材・湿気対策・セラミック炭・床下調湿材&nbsp;</FONT></TD>
    </TR>
  </TBODY>
</TABLE><table border=""0"">
  <tbody>
    <TR>
      <td align=""left"" bgcolor=""#ffffff"" valign=""middle"" height=""136"">
      <table border=""0"" bgcolor=""#666666"">
        <TBODY>
          <TR>
            <td height=""98"" bgcolor=""#ffffff"" width=""640""><FONT color=""#ff0000""><FONT size=""-1"">●商品の在庫について</FONT></FONT><BR>
            <FONT size=""-1"">　当店に掲載されております商品は、ご購入可能状態の場合でも、必ずしも在庫を当店にて保有している<br>
            　商品とは限りません。<br>
            　複数のお客様のご注文が重なった場合や、当店の在庫数を超えるご注文を頂いた場合などは、お取り寄せ<br>
            　商品と表示されていない商品の場合でも、当店の在庫状況によってはお取り寄せとなる場合も御座いますの<br>
            　で、予めご了承下さい。<br>
            　その場合は、商品をご注文頂いた際に、当店より送らせて頂いておりますメールにて商品の納期をお知らせ<br>
            　させて頂いております。<br>
            　在庫限り表示がされております商品については、その時点にて当店に在庫があり、今後の入荷の見通しに<br>
            　ついて未確定の商品または、同価格での入荷販売が困難な可能性がある商品に記載させて頂いております。<br>
            　出来る限り次回入荷の努力等させて頂きたく考えておりますので、在庫限りとなっていても再度入荷販売させ<br>
            　て頂く場合もございますし、また表記通り再販不可となる場合も御座いますので、ご理解・ご了承ください。<br>
            　また、実店舗と連動販売致しております商品も御座います関係で、実店舗にて販売させて頂き、在庫切れと<br>
            　なりました場合、反映のタイミングによっては、在庫有りの場合でも在庫切れとなる場合が御座います。<br>
            　その場合当店よりお電話・メール等でご連絡させて頂き、誠に申し訳御座いませんが、キャンセル処理をさせ<br>
            　て頂く場合が御座います。<br>
            　商品お急ぎで商品をご希望の場合は、お電話・メールにてお気軽に納期をお問い合わせ下さい。<BR>
            　（お電話受付時間9：30-18：00木曜定休　メールでのお問い合わせの場合お時間が掛かる場合が御座います）<br>
            <br>
            </FONT><font size=""-1"" color=""#ff0000"">●商品の画像・表示等について●</font><font size=""-1""><br>
            　表示は基本的にはメーカー表示に基づき記載させて頂いております。<br>
            　商品画像につきましてはイメージ画像となっておりますので、ご覧頂く環境等により、実際の商品と色合い<br>
            　等若干干異なる場合が御座いますので予めご了承下さい。<br>
            　また、当店商品画像はお客様へのご説明文が記載されている場合が御座いますが、必ずしも商品にその<br>
            　文字が記載されているものでは御座いませんし、映り込み全ての物が商品ではない場合が御座います<br>
            　(例えばフライパンの商品画像等に写っている食材等は商品に含まれまれておりません)ので、ご心配な<br>
            　場合は事前お気軽にお問い合わせ下さい。<br>
            　特にご質問等無く、お客様の思い込み等によるご返品には応じられませんので、ご注意ください。<br>
            <br>
            </font><font size=""-1"" color=""#ff0000"">●商品の配送(配送日時間帯指定・大型商品配送等)について</font><font size=""-1""><br>
            　配送日時間帯指定は、基本的には備考欄にてお受け賜っておりますが、宅配サイズ3辺合計160ｃｍを<br>
            　超える商品や、同梱・複数個数ご購入となりました場合で、梱包サイズが160ｃｍを超えました場合は、<br>
            　宅配便荷物では無く、大型商品となります関係で、配送業者が限られます。<br>
            　その為、お届けに日数が掛かる場合や、お届け自体が出来ない事態が生じる場合が御座います。<br>
            　また、配送日時記載頂いた場合でも、お届けご地域、商品内容、その他事例により、全てのご希望に添<br>
            　えない場合が御座います。その際もあす楽のお詫び保証以外は、当店では保証いたしかねますので、<br>
            　予めご了承ください。<br>
            <br>
            </font><font size=""-1"" COLOR=""#ff0000"">●キャンセル・変更・返品等について</font><font size=""-1""><br>
            　キャンセル・返品等につきましては、当店の規約に基づきご対応させて頂きます。規約はPCページ上部<br>
            　バナー及び、当店からのメールの下部に記載させて頂いております。スマホページは、TOPページ及び、<br>
            　上部メニュー内の会社概要・決済方法・配送方法よりご確認可能となりますので、必ず事前にご確認頂け<br>
            　ます様、宜しくお願い致します。<br>
            　キャンセル・ご注文内容のご変更はご注文後、１定時間内は、購入履歴からキャンセル・変更も可能となり<br>
            　ますが、店舗受付のタイミングにより、ご変更ができなくなる場合が御座いますので、予めご了承下さい。<br>
            　店舗規約をお読みください→こちらから<br>
            　<br>
            </font></td>
                 
          
        
          
          
          
          
          
          
          <TR>
            <td bgcolor=""#ffffff"" align=""center""><img src=""http://image.rakuten.co.jp/hstsuge/cabinet/imgrc0085557412.jpg"" width=""638"" height=""200"" border=""0""></td>
          
        
        
          
        
          
        </TBODY>
      </table>
      </td>
    
    
  </tbody>
</table>",飛騨の森から健康の贈り物♪セラミック炭　床下調湿材　飛騨炭（約450&times;600ｍｍ１袋売り）施工目安：１坪・約１２枚必要ですセラミック炭が湿度を調節！遠赤効果！シロアリ・カビの抑制に：P16Sep15:02P03Dec19：ホームショップつげ,トヨトミ石油ストーブ　灯油ストーブ　ストーブ　替え芯　替芯トヨトミ石油ファンヒーター　灯油ファンヒーター　ファンヒーターリフォームトイレ　両用　和風　据置ホームショップつげアウトレットストーブ・ファンヒーターアイデア商品イナバ物置　タクボ物置フライパン　ティファール　ダイヤモンド扇風機　冷風扇加湿器　除湿機ペール　ゴミ箱　ＴＯＮＢＯ　新輝合成固形洗剤　キラーすだれ　ヨシズ　よしず　葦簀ポータブルトイレポイレット　トイレ用紙バッグベランダ目隠し　目かくし　シェード　ダイオベール　かくれんぼ正座　椅子　いす　イスサンシェード　オーニング湯たんぽ　湯タンポ簡易トイレ　災害トイレ　緊急トイレ飛騨の森から健康の贈り物♪セラミック炭　床下調湿材　飛騨炭（約450&times;600ｍｍ１袋売り）施工目安：１坪・約１２枚必要ですセラミック炭が湿度を調節！遠赤効果！シロアリ・カビの抑制に：P16Sep15:02P03Dec19,飛騨の森から健康の贈り物♪セラミック炭　床下調湿材　飛騨炭（約450&times;600ｍｍ１袋売り）施工目安：１坪・約１２枚必要ですセラミック炭が湿度を調節！遠赤効果！シロアリ・カビの抑制に：P16Sep15:02P03Dec19
7-2768,http://tshop.r10s.jp/hstsuge/cabinet/00916408/img55828050.jpg?fitin=700:700,12800.0000,,花・ガーデン・DIY > 住宅建材・設備 > 床材 > その他,【送料無料】飛騨の森から健康の贈り物♪セラミック炭　床下調湿材　飛騨炭18袋セット施工目安：1.5坪です。セラミック炭が湿度を調節！遠赤効果！シロアリ・カビの抑制に：【マラソン201402_送料無料】P16Sep15:02P03Dec19,,"<TABLE border=""1"" bgcolor=""#ffff33"">
  <TBODY>
    <TR>
      <TD width=""530""><B><FONT color=""#ff0000""><BR>
      本商品は送料無料商品ですが、沖縄・一部離島では別途送料が掛かります。<BR>
      <BR>
      本商品はご注文後、商品の発送までに２日から１０日程掛かります。</FONT></B><BR>
      <FONT size=""-1""><B>(当店・製造メーカー長期休暇時を除く）<BR>
      ※銀行振込決済の場合はご入金確認後<BR>
      ※お届けまでの日数はお届けご住所により異なります。<BR>
      ※ご注文を頂きました後、発送予定について別途ご連絡させて頂きます。</B></FONT><BR>
      <BR>
      <FONT color=""#ff0000""><B>本商品は他の商品と同梱出来ません<BR>
      </B><BR>
      </FONT>おわかりにくい点・ご質問等御座いましたらお気軽に当店までお問い合わせ下さい。&nbsp;</TD>
    </TR>
    <TR>
      <TD><FONT size=""-2"">床下建材・炭建材・湿気対策・セラミック炭・床下調湿材&nbsp;</FONT>&nbsp;</TD>
    </TR>
  </TBODY>
</TABLE><table border=""0"">
  <tbody>
    <TR>
      <td align=""left"" bgcolor=""#ffffff"" valign=""middle"" height=""136"">
      <table border=""0"" bgcolor=""#666666"">
        <TBODY>
          <TR>
            <td height=""98"" bgcolor=""#ffffff"" width=""640""><FONT color=""#ff0000""><FONT size=""-1"">●商品の在庫について</FONT></FONT><BR>
            <FONT size=""-1"">　当店に掲載されております商品は、ご購入可能状態の場合でも、必ずしも在庫を当店にて保有している<br>
            　商品とは限りません。<br>
            　複数のお客様のご注文が重なった場合や、当店の在庫数を超えるご注文を頂いた場合などは、お取り寄せ<br>
            　商品と表示されていない商品の場合でも、当店の在庫状況によってはお取り寄せとなる場合も御座いますの<br>
            　で、予めご了承下さい。<br>
            　その場合は、商品をご注文頂いた際に、当店より送らせて頂いておりますメールにて商品の納期をお知らせ<br>
            　させて頂いております。<br>
            　在庫限り表示がされております商品については、その時点にて当店に在庫があり、今後の入荷の見通しに<br>
            　ついて未確定の商品または、同価格での入荷販売が困難な可能性がある商品に記載させて頂いております。<br>
            　出来る限り次回入荷の努力等させて頂きたく考えておりますので、在庫限りとなっていても再度入荷販売させ<br>
            　て頂く場合もございますし、また表記通り再販不可となる場合も御座いますので、ご理解・ご了承ください。<br>
            　また、実店舗と連動販売致しております商品も御座います関係で、実店舗にて販売させて頂き、在庫切れと<br>
            　なりました場合、反映のタイミングによっては、在庫有りの場合でも在庫切れとなる場合が御座います。<br>
            　その場合当店よりお電話・メール等でご連絡させて頂き、誠に申し訳御座いませんが、キャンセル処理をさせ<br>
            　て頂く場合が御座います。<br>
            　商品お急ぎで商品をご希望の場合は、お電話・メールにてお気軽に納期をお問い合わせ下さい。<BR>
            　（お電話受付時間9：30-18：00木曜定休　メールでのお問い合わせの場合お時間が掛かる場合が御座います）<br>
            <br>
            </FONT><font size=""-1"" color=""#ff0000"">●商品の画像・表示等について●</font><font size=""-1""><br>
            　表示は基本的にはメーカー表示に基づき記載させて頂いております。<br>
            　商品画像につきましてはイメージ画像となっておりますので、ご覧頂く環境等により、実際の商品と色合い<br>
            　等若干干異なる場合が御座いますので予めご了承下さい。<br>
            　また、当店商品画像はお客様へのご説明文が記載されている場合が御座いますが、必ずしも商品にその<br>
            　文字が記載されているものでは御座いませんし、映り込み全ての物が商品ではない場合が御座います<br>
            　(例えばフライパンの商品画像等に写っている食材等は商品に含まれまれておりません)ので、ご心配な<br>
            　場合は事前お気軽にお問い合わせ下さい。<br>
            　特にご質問等無く、お客様の思い込み等によるご返品には応じられませんので、ご注意ください。<br>
            <br>
            </font><font size=""-1"" color=""#ff0000"">●商品の配送(配送日時間帯指定・大型商品配送等)について</font><font size=""-1""><br>
            　配送日時間帯指定は、基本的には備考欄にてお受け賜っておりますが、宅配サイズ3辺合計160ｃｍを<br>
            　超える商品や、同梱・複数個数ご購入となりました場合で、梱包サイズが160ｃｍを超えました場合は、<br>
            　宅配便荷物では無く、大型商品となります関係で、配送業者が限られます。<br>
            　その為、お届けに日数が掛かる場合や、お届け自体が出来ない事態が生じる場合が御座います。<br>
            　また、配送日時記載頂いた場合でも、お届けご地域、商品内容、その他事例により、全てのご希望に添<br>
            　えない場合が御座います。その際もあす楽のお詫び保証以外は、当店では保証いたしかねますので、<br>
            　予めご了承ください。<br>
            <br>
            </font><font size=""-1"" COLOR=""#ff0000"">●キャンセル・変更・返品等について</font><font size=""-1""><br>
            　キャンセル・返品等につきましては、当店の規約に基づきご対応させて頂きます。規約はPCページ上部<br>
            　バナー及び、当店からのメールの下部に記載させて頂いております。スマホページは、TOPページ及び、<br>
            　上部メニュー内の会社概要・決済方法・配送方法よりご確認可能となりますので、必ず事前にご確認頂け<br>
            　ます様、宜しくお願い致します。<br>
            　キャンセル・ご注文内容のご変更はご注文後、１定時間内は、購入履歴からキャンセル・変更も可能となり<br>
            　ますが、店舗受付のタイミングにより、ご変更ができなくなる場合が御座いますので、予めご了承下さい。<br>
            　店舗規約をお読みください→こちらから<br>
            　<br>
            </font></td>
                 
          
        
          
          
          
          
          
          
          <TR>
            <td bgcolor=""#ffffff"" align=""center""><img src=""http://image.rakuten.co.jp/hstsuge/cabinet/imgrc0085557412.jpg"" width=""638"" height=""200"" border=""0""></td>
          
        
        
          
        
          
        </TBODY>
      </table>
      </td>
    
    
  </tbody>
</table>",【送料無料】飛騨の森から健康の贈り物♪セラミック炭　床下調湿材　飛騨炭18袋セット施工目安：1.5坪です。セラミック炭が湿度を調節！遠赤効果！シロアリ・カビの抑制に：【マラソン201402_送料無料】P16Sep15:02P03Dec19：ホームショップつげ,トヨトミ石油ストーブ　灯油ストーブ　ストーブ　替え芯　替芯トヨトミ石油ファンヒーター　灯油ファンヒーター　ファンヒーターリフォームトイレ　両用　和風　据置ホームショップつげアウトレットストーブ・ファンヒーターアイデア商品イナバ物置　タクボ物置フライパン　ティファール　ダイヤモンド扇風機　冷風扇加湿器　除湿機ペール　ゴミ箱　ＴＯＮＢＯ　新輝合成固形洗剤　キラーすだれ　ヨシズ　よしず　葦簀ポータブルトイレポイレット　トイレ用紙バッグベランダ目隠し　目かくし　シェード　ダイオベール　かくれんぼ正座　椅子　いす　イスサンシェード　オーニング湯たんぽ　湯タンポ簡易トイレ　災害トイレ　緊急トイレ【送料無料】飛騨の森から健康の贈り物♪セラミック炭　床下調湿材　飛騨炭18袋セット施工目安：1.5坪です。セラミック炭が湿度を調節！遠赤効果！シロアリ・カビの抑制に：【マラソン201402_送料無料】P16Sep15:02P03Dec19,【送料無料】飛騨の森から健康の贈り物♪セラミック炭　床下調湿材　飛騨炭18袋セット施工目安：1.5坪です。セラミック炭が湿度を調節！遠赤効果！シロアリ・カビの抑制に：【マラソン201402_送料無料】P16Sep15:02P03Dec19
7-2769,http://tshop.r10s.jp/coreari/cabinet/01102193/img60598041.jpg?fitin=700:700,22856.8000,,花・ガーデン・DIY > 住宅建材・設備 > 床材 > その他,【送料無料】ペット建材フローリング床DAIKENダイケンマンション・集合住宅ワンラブオトユカ3ＳＦ４５アッシュ柄スーパーペール（YB10345-MH)床暖房対応,愛犬の足もとに気くばりを！！すべりにくい・おていれ簡単・,"<TABLE id=""HPB_TABLE_2_B_140520163330"" HEIGHT=""250"" CELLPADDING=""2"" CELLSPACING=""0"" BGCOLOR=""#666666"" cellspacing=""0"" cellpadding=""2"" class=""hpb-cnt-tb2"" border=""1"">
    <TBODY>
      <TR>
        <TD WIDTH=""590"" HEIGHT=""100"" NOWRAP="""" BGCOLOR=""#ffffff"" class=""hpb-cnt-tb-cell3"">

<br>【※Panasonicパナソニック　宅配ボックス　在庫数確認のお願い】<br>
<br><font color=""#FF0000""> 現在宅配ボックスの欠品状態が続いております。</font><br>
<br>宅配ボックスを購入予定の際には必ず在庫及び納期確認をしてからの、<br>ご購入をおすすめいたします。<br>在庫がない場合は８週間程度納期をお待ちいただく場合もございます。<br>
<br>ご迷惑をおかけいたしますがよろしくお願い致します。</font><br>
    </TBODY>
  </TABLE",【送料無料】ペット建材フローリング床DAIKENダイケンマンション・集合住宅ワンラブオトユカ3ＳＦ４５アッシュ柄スーパーペール（YB10345-MH)床暖房対応：これありマーケット,【送料無料】ペット建材フローリング床DAIKENダイケンマンション・集合住宅ワンラブオトユカ3ＳＦ４５アッシュ柄スーパーペール（YB10345-MH)床暖房対応,愛犬の足もとに気くばりを！！すべりにくい・おていれ簡単・。【送料無料】ペット建材フローリング床DAIKENダイケンマンション・集合住宅ワンラブオトユカ3ＳＦ４５アッシュ柄スーパーペール（YB10345-MH)床暖房対応
7-2770,http://tshop.r10s.jp/coreari/cabinet/01102193/img60598042.jpg?fitin=700:700,22856.8000,,花・ガーデン・DIY > 住宅建材・設備 > 床材 > その他,【送料無料】ペット建材フローリング床DAIKENダイケンマンション・集合住宅ワンラブオトユカ3ＳＦ４５ウォールナット柄ライト（YB10345-72)床暖房対応,愛犬の足もとに気くばりを！！すべりにくい・おていれ簡単・,"<TABLE id=""HPB_TABLE_2_B_140520163330"" HEIGHT=""250"" CELLPADDING=""2"" CELLSPACING=""0"" BGCOLOR=""#666666"" cellspacing=""0"" cellpadding=""2"" class=""hpb-cnt-tb2"" border=""1"">
    <TBODY>
      <TR>
        <TD WIDTH=""590"" HEIGHT=""100"" NOWRAP="""" BGCOLOR=""#ffffff"" class=""hpb-cnt-tb-cell3"">

<br>【※Panasonicパナソニック　宅配ボックス　在庫数確認のお願い】<br>
<br><font color=""#FF0000""> 現在宅配ボックスの欠品状態が続いております。</font><br>
<br>宅配ボックスを購入予定の際には必ず在庫及び納期確認をしてからの、<br>ご購入をおすすめいたします。<br>在庫がない場合は８週間程度納期をお待ちいただく場合もございます。<br>
<br>ご迷惑をおかけいたしますがよろしくお願い致します。</font><br>
    </TBODY>
  </TABLE",【送料無料】ペット建材フローリング床DAIKENダイケンマンション・集合住宅ワンラブオトユカ3ＳＦ４５ウォールナット柄ライト（YB10345-72)床暖房対応：これありマーケット,【送料無料】ペット建材フローリング床DAIKENダイケンマンション・集合住宅ワンラブオトユカ3ＳＦ４５ウォールナット柄ライト（YB10345-72)床暖房対応,愛犬の足もとに気くばりを！！すべりにくい・おていれ簡単・。【送料無料】ペット建材フローリング床DAIKENダイケンマンション・集合住宅ワンラブオトユカ3ＳＦ４５ウォールナット柄ライト（YB10345-72)床暖房対応
7-2771,http://tshop.r10s.jp/coreari/cabinet/01102193/img60598043.jpg?fitin=700:700,22856.8000,,花・ガーデン・DIY > 住宅建材・設備 > 床材 > その他,【送料無料】ペット建材フローリング床DAIKENダイケンマンション・集合住宅ワンラブオトユカ3ＳＦ４５ウォールナット柄ダーク（YB10345-73)床暖房対応,愛犬の足もとに気くばりを！！すべりにくい・おていれ簡単・,"<TABLE id=""HPB_TABLE_2_B_140520163330"" HEIGHT=""250"" CELLPADDING=""2"" CELLSPACING=""0"" BGCOLOR=""#666666"" cellspacing=""0"" cellpadding=""2"" class=""hpb-cnt-tb2"" border=""1"">
    <TBODY>
      <TR>
        <TD WIDTH=""590"" HEIGHT=""100"" NOWRAP="""" BGCOLOR=""#ffffff"" class=""hpb-cnt-tb-cell3"">

<br>【※Panasonicパナソニック　宅配ボックス　在庫数確認のお願い】<br>
<br><font color=""#FF0000""> 現在宅配ボックスの欠品状態が続いております。</font><br>
<br>宅配ボックスを購入予定の際には必ず在庫及び納期確認をしてからの、<br>ご購入をおすすめいたします。<br>在庫がない場合は８週間程度納期をお待ちいただく場合もございます。<br>
<br>ご迷惑をおかけいたしますがよろしくお願い致します。</font><br>
    </TBODY>
  </TABLE",【送料無料】ペット建材フローリング床DAIKENダイケンマンション・集合住宅ワンラブオトユカ3ＳＦ４５ウォールナット柄ダーク（YB10345-73)床暖房対応：これありマーケット,【送料無料】ペット建材フローリング床DAIKENダイケンマンション・集合住宅ワンラブオトユカ3ＳＦ４５ウォールナット柄ダーク（YB10345-73)床暖房対応,愛犬の足もとに気くばりを！！すべりにくい・おていれ簡単・。【送料無料】ペット建材フローリング床DAIKENダイケンマンション・集合住宅ワンラブオトユカ3ＳＦ４５ウォールナット柄ダーク（YB10345-73)床暖房対応
7-2772,http://tshop.r10s.jp/coreari/cabinet/dareyasuisen/img62948304.jpg?fitin=700:700,7111.2000,,花・ガーデン・DIY > 住宅建材・設備 > 床材 > その他,ぶらーんぶらん711-015-13ＤａＲｅｙａアイキャッチ水栓おもしろ蛇口居酒屋カフェ洗面所保育園・幼稚園水道親子・子供送料別途必要です,ＫＡＫＵＤＡＩ　Da Reya ぶらーん　711-015-13(送料別途),"<TABLE id=""HPB_TABLE_2_B_140520163330"" HEIGHT=""250"" CELLPADDING=""2"" CELLSPACING=""0"" BGCOLOR=""#666666"" cellspacing=""0"" cellpadding=""2"" class=""hpb-cnt-tb2"" border=""1"">
    <TBODY>
      <TR>
        <TD WIDTH=""590"" HEIGHT=""100"" NOWRAP="""" BGCOLOR=""#ffffff"" class=""hpb-cnt-tb-cell3"">

<br>【※Panasonicパナソニック　宅配ボックス　在庫数確認のお願い】<br>
<br><font color=""#FF0000""> 現在宅配ボックスの欠品状態が続いております。</font><br>
<br>宅配ボックスを購入予定の際には必ず在庫及び納期確認をしてからの、<br>ご購入をおすすめいたします。<br>在庫がない場合は８週間程度納期をお待ちいただく場合もございます。<br>
<br>ご迷惑をおかけいたしますがよろしくお願い致します。</font><br>
    </TBODY>
  </TABLE",ぶらーんぶらん711-015-13ＤａＲｅｙａアイキャッチ水栓おもしろ蛇口居酒屋カフェ洗面所保育園・幼稚園水道親子・子供送料別途必要です：これありマーケット,ぶらーんぶらん711-015-13ＤａＲｅｙａアイキャッチ水栓おもしろ蛇口居酒屋カフェ洗面所保育園・幼稚園水道親子・子供送料別途必要です,ＫＡＫＵＤＡＩ　Da Reya ぶらーん　711-015-13(送料別途)。ぶらーんぶらん711-015-13ＤａＲｅｙａアイキャッチ水栓おもしろ蛇口居酒屋カフェ洗面所保育園・幼稚園水道親子・子供送料別途必要です
7-2773,http://tshop.r10s.jp/coreari/cabinet/dareyasuisen/img62948308.jpg?fitin=700:700,11852.0000,,花・ガーデン・DIY > 住宅建材・設備 > 床材 > その他,びよーんびよん711-023-13ＤａＲｅｙａアイキャッチ水栓おもしろ蛇口居酒屋カフェ洗面所保育園・幼稚園水道親子・子供送料別途必要です,,"<TABLE id=""HPB_TABLE_2_B_140520163330"" HEIGHT=""250"" CELLPADDING=""2"" CELLSPACING=""0"" BGCOLOR=""#666666"" cellspacing=""0"" cellpadding=""2"" class=""hpb-cnt-tb2"" border=""1"">
    <TBODY>
      <TR>
        <TD WIDTH=""590"" HEIGHT=""100"" NOWRAP="""" BGCOLOR=""#ffffff"" class=""hpb-cnt-tb-cell3"">

<br>【※Panasonicパナソニック　宅配ボックス　在庫数確認のお願い】<br>
<br><font color=""#FF0000""> 現在宅配ボックスの欠品状態が続いております。</font><br>
<br>宅配ボックスを購入予定の際には必ず在庫及び納期確認をしてからの、<br>ご購入をおすすめいたします。<br>在庫がない場合は８週間程度納期をお待ちいただく場合もございます。<br>
<br>ご迷惑をおかけいたしますがよろしくお願い致します。</font><br>
    </TBODY>
  </TABLE",びよーんびよん711-023-13ＤａＲｅｙａアイキャッチ水栓おもしろ蛇口居酒屋カフェ洗面所保育園・幼稚園水道親子・子供送料別途必要です：これありマーケット,びよーんびよん711-023-13ＤａＲｅｙａアイキャッチ水栓おもしろ蛇口居酒屋カフェ洗面所保育園・幼稚園水道親子・子供送料別途必要です,びよーんびよん711-023-13ＤａＲｅｙａアイキャッチ水栓おもしろ蛇口居酒屋カフェ洗面所保育園・幼稚園水道親子・子供送料別途必要です
7-2774,http://tshop.r10s.jp/akibamac/cabinet/04002247/4906186315432.jpg?fitin=700:700,9709.6000,,日用品雑貨・文房具・手芸 > 文房具・事務用品 > ラベル・ステッカー > ラベル用紙,【送料無料】A-one31543 (ラベルシール/マルチ/A4/2面/500シート(1000片)),,"<table border=""0"" cellpadding=""0"" cellspacing=""0"" width=""710"" style=""line-height:140%;""><tr><td><font size=""2"">環境面に配慮したFSC認証紙、無塩素漂白パルプを使用しています。スムーズ給紙を可能にした静電気防止加工を施しています。<br><br></font></td></tr></table><style type=""text/css"">
<!--
.rakuten-camp {
	width: 725px;
	border: 2px solid #3399FF;
	padding-top: 5px;
	-moz-border-radius:4px; /*Firefox*/
	-webkit-border-radius: 4px; /*Safari,Chrome*/
	border-radius:4px; /*Opera,Chrome*/
	margin:0 10px 10px 0;
}

/* 価格に枠線がつく */
table#rakutenLimitedId_cart {
    background-color: #f8f8f8;
    border: 1px solid #ddd;
    padding: 8px;
    margin: 16px 0;
}

span.price1 {
    color: #333 !important;
    font-weight: bold;
    font-size: 80% !important;
    line-height: 30px;
    display: inline-block;
    margin-right: 16px;
}

-->
</style>

<!--バナーエリア-->

<!--【消すな！】★★★ height=""380"" で設定してください。★★★-->
<!--バナーエリアここまで-->

<!--楽天キャンペーン-->

<h2 style=""margin:20px 0 10px 0;""><img src=""http://www.rakuten.ne.jp/gold/akibamac/frame/images/rakuten_title2.gif"" alt=""楽天市場のお得なキャンペーン"" width=""730"" height=""42"" border=""0""></h2>
<div class=""rakuten-camp"" style=""margin:0 0 0 0;"">


<!--楽天キャンペーン@ここまで-->",【送料無料】A-one31543 (ラベルシール/マルチ/A4/2面/500シート(1000片))：ソフマップ　デジタルコレクション,ソフマップ デジタルコレクションSofmap Digital CollectionパソコンタブレットPCHDDアセンブリパーツパソコンパーツテレビゲームブルーレイソフトDVDソフト液晶テレビブルーレイディスクレコーダーデジタル一眼レフカメラデジタルカメラ家電時計中古　ソフトアウトレット中古ノートパソコン中古パソコン【送料無料】A-one31543 (ラベルシール/マルチ/A4/2面/500シート(1000片)),【送料無料】A-one31543 (ラベルシール/マルチ/A4/2面/500シート(1000片))
7-2775,http://tshop.r10s.jp/akibamac/cabinet/01893481/4906186292870.jpg?fitin=700:700,587.2000,,日用品雑貨・文房具・手芸 > 文房具・事務用品 > ラベル・ステッカー > ラベル用紙,A-one 29287　（インクジェットプリンタラベル/ノーカット/A4サイズ/5シート）,,"<table border=""0"" width="" 595"" id=""ItemInfo""><tr><td width=""100%""><font size=""2"">●パールホワイト調のメタリックラベル！<br>●高級感あふれるラベル作りが楽しめます。<br>●乾きが早く、にじまないので小さな文字や線もクッキリ印刷。 <br><br><TABLE border=""1"" cellspacing=""1"" cellpadding=""4"" width=""100%"" bordercolor=""#111111"" style=""border-collapse: collapse""><tr><td width=180 bgcolor =""#F0F0F0""><font size=""2"">色</td><td width=400><font size=""2""> パールホワイト</td></tr><tr><td width=180 bgcolor =""#F0F0F0""><font size=""2"">シートサイズ</td><td width=400><font size=""2""> A4サイズ（210×297mm）</td></tr><tr><td width=180 bgcolor =""#F0F0F0""><font size=""2"">入数</td><td width=400><font size=""2""> 5シート</td></tr><tr><td width=180 bgcolor =""#F0F0F0""><font size=""2"">紙厚</td><td width=400><font size=""2""> 0.15mm</td></tr><tr><td width=180 bgcolor =""#F0F0F0""><font size=""2"">紙質</td><td width=400><font size=""2""> ポリエステルフィルム</td></tr><tr><td width=180 bgcolor =""#F0F0F0""><font size=""2"">タイプ・特性</td><td width=400><font size=""2""> 光沢</td></tr><tr><td width=180 bgcolor =""#F0F0F0""><font size=""2"">対応プリンタ</td><td width=400><font size=""2""> インクジェット</td></tr><tr><td width=180 bgcolor =""#F0F0F0""><font size=""2"">対応インク</td><td width=400><font size=""2""> 染料</td></tr><tr><td width=180 bgcolor =""#F0F0F0""><font size=""2"">種類</td><td width=400><font size=""2"">ラベル・タックシール＞ フィルムラベル</td></tr></TABLE></font></TABLE></td></tr></table><style type=""text/css"">
<!--
.rakuten-camp {
	width: 725px;
	border: 2px solid #3399FF;
	padding-top: 5px;
	-moz-border-radius:4px; /*Firefox*/
	-webkit-border-radius: 4px; /*Safari,Chrome*/
	border-radius:4px; /*Opera,Chrome*/
	margin:0 10px 10px 0;
}

/* 価格に枠線がつく */
table#rakutenLimitedId_cart {
    background-color: #f8f8f8;
    border: 1px solid #ddd;
    padding: 8px;
    margin: 16px 0;
}

span.price1 {
    color: #333 !important;
    font-weight: bold;
    font-size: 80% !important;
    line-height: 30px;
    display: inline-block;
    margin-right: 16px;
}

-->
</style>

<!--バナーエリア-->

<!--【消すな！】★★★ height=""380"" で設定してください。★★★-->
<!--バナーエリアここまで-->

<!--楽天キャンペーン-->

<h2 style=""margin:20px 0 10px 0;""><img src=""http://www.rakuten.ne.jp/gold/akibamac/frame/images/rakuten_title2.gif"" alt=""楽天市場のお得なキャンペーン"" width=""730"" height=""42"" border=""0""></h2>
<div class=""rakuten-camp"" style=""margin:0 0 0 0;"">


<!--楽天キャンペーン@ここまで-->",A-one 29287　（インクジェットプリンタラベル/ノーカット/A4サイズ/5シート）：ソフマップ　デジタルコレクション,ソフマップ デジタルコレクションSofmap Digital CollectionパソコンタブレットPCHDDアセンブリパーツパソコンパーツテレビゲームブルーレイソフトDVDソフト液晶テレビブルーレイディスクレコーダーデジタル一眼レフカメラデジタルカメラ家電時計中古　ソフトアウトレット中古ノートパソコン中古パソコンA-one 29287　（インクジェットプリンタラベル/ノーカット/A4サイズ/5シート）,A-one 29287　（インクジェットプリンタラベル/ノーカット/A4サイズ/5シート）
7-2776,http://tshop.r10s.jp/akibamac/cabinet/04002247/4906186292252.jpg?fitin=700:700,514.4000,,日用品雑貨・文房具・手芸 > 文房具・事務用品 > ラベル・ステッカー > ラベル用紙,A-one29225 （インクジェット用光沢紙ラベル/60mmφ表示/A4サイズ/12面/10シート）,,"<table border=""0"" cellpadding=""0"" cellspacing=""0"" width=""710"" style=""line-height:140%;""><tr><td><font size=""2"">■光沢のある印刷面が出力した画像をより美しく色鮮やかに再現。■デジタルカメラの写真や画像の出力に最適。■乾きが早く、にじまないので小さな文字や線もクッキリ印刷。■A4判 12面（3列×4段） 丸型60mmφ、10シート（120片）<br><br></font></td></tr></table><style type=""text/css"">
<!--
.rakuten-camp {
	width: 725px;
	border: 2px solid #3399FF;
	padding-top: 5px;
	-moz-border-radius:4px; /*Firefox*/
	-webkit-border-radius: 4px; /*Safari,Chrome*/
	border-radius:4px; /*Opera,Chrome*/
	margin:0 10px 10px 0;
}

/* 価格に枠線がつく */
table#rakutenLimitedId_cart {
    background-color: #f8f8f8;
    border: 1px solid #ddd;
    padding: 8px;
    margin: 16px 0;
}

span.price1 {
    color: #333 !important;
    font-weight: bold;
    font-size: 80% !important;
    line-height: 30px;
    display: inline-block;
    margin-right: 16px;
}

-->
</style>

<!--バナーエリア-->

<!--【消すな！】★★★ height=""380"" で設定してください。★★★-->
<!--バナーエリアここまで-->

<!--楽天キャンペーン-->

<h2 style=""margin:20px 0 10px 0;""><img src=""http://www.rakuten.ne.jp/gold/akibamac/frame/images/rakuten_title2.gif"" alt=""楽天市場のお得なキャンペーン"" width=""730"" height=""42"" border=""0""></h2>
<div class=""rakuten-camp"" style=""margin:0 0 0 0;"">


<!--楽天キャンペーン@ここまで-->",A-one29225 （インクジェット用光沢紙ラベル/60mmφ表示/A4サイズ/12面/10シート）：ソフマップ　デジタルコレクション,ソフマップ デジタルコレクションSofmap Digital CollectionパソコンタブレットPCHDDアセンブリパーツパソコンパーツテレビゲームブルーレイソフトDVDソフト液晶テレビブルーレイディスクレコーダーデジタル一眼レフカメラデジタルカメラ家電時計中古　ソフトアウトレット中古ノートパソコン中古パソコンA-one29225 （インクジェット用光沢紙ラベル/60mmφ表示/A4サイズ/12面/10シート）,A-one29225 （インクジェット用光沢紙ラベル/60mmφ表示/A4サイズ/12面/10シート）
7-2777,http://tshop.r10s.jp/akibamac/cabinet/04002247/4906186293303.jpg?fitin=700:700,256.0000,,日用品雑貨・文房具・手芸 > 文房具・事務用品 > ラベル・ステッカー > ラベル用紙,A-one29330 （はがきサイズのプリンタラベル/写真用丸型/はがきサイズ/16面/12シート）,,"<table border=""0"" cellpadding=""0"" cellspacing=""0"" width=""710"" style=""line-height:140%;""><tr><td><font size=""2"">●写真シールが少量でも手軽に作れるはがきサイズ<br>●光沢のある印刷面が出力した画像をより美しく色鮮やかに再現！<br>●乾きが早く、にじまないので小さな文字や線もクッキリ印刷。<br><br></font></td></tr></table><table cellspacing=""0"" cellpadding=""4"" border=""1"" width=""710"" bordercolor=""#cccccc""><tr><td width=""180"" bgcolor=""#efefef""><font size=""2"">備考1</font></td><td width=""530""><font size=""2"">登録無料！ケータイやデジカメで撮った画像が印刷できる「ＭＹプリ☆ネット」。ソフト無しで気軽にプリントできます！</font></td></tr></table><style type=""text/css"">
<!--
.rakuten-camp {
	width: 725px;
	border: 2px solid #3399FF;
	padding-top: 5px;
	-moz-border-radius:4px; /*Firefox*/
	-webkit-border-radius: 4px; /*Safari,Chrome*/
	border-radius:4px; /*Opera,Chrome*/
	margin:0 10px 10px 0;
}

/* 価格に枠線がつく */
table#rakutenLimitedId_cart {
    background-color: #f8f8f8;
    border: 1px solid #ddd;
    padding: 8px;
    margin: 16px 0;
}

span.price1 {
    color: #333 !important;
    font-weight: bold;
    font-size: 80% !important;
    line-height: 30px;
    display: inline-block;
    margin-right: 16px;
}

-->
</style>

<!--バナーエリア-->

<!--【消すな！】★★★ height=""380"" で設定してください。★★★-->
<!--バナーエリアここまで-->

<!--楽天キャンペーン-->

<h2 style=""margin:20px 0 10px 0;""><img src=""http://www.rakuten.ne.jp/gold/akibamac/frame/images/rakuten_title2.gif"" alt=""楽天市場のお得なキャンペーン"" width=""730"" height=""42"" border=""0""></h2>
<div class=""rakuten-camp"" style=""margin:0 0 0 0;"">


<!--楽天キャンペーン@ここまで-->",A-one29330 （はがきサイズのプリンタラベル/写真用丸型/はがきサイズ/16面/12シート）：ソフマップ　デジタルコレクション,ソフマップ デジタルコレクションSofmap Digital CollectionパソコンタブレットPCHDDアセンブリパーツパソコンパーツテレビゲームブルーレイソフトDVDソフト液晶テレビブルーレイディスクレコーダーデジタル一眼レフカメラデジタルカメラ家電時計中古　ソフトアウトレット中古ノートパソコン中古パソコンA-one29330 （はがきサイズのプリンタラベル/写真用丸型/はがきサイズ/16面/12シート）,A-one29330 （はがきサイズのプリンタラベル/写真用丸型/はがきサイズ/16面/12シート）
7-2778,http://tshop.r10s.jp/akibamac/cabinet/04002247/4906186292375.jpg?fitin=700:700,514.4000,,日用品雑貨・文房具・手芸 > 文房具・事務用品 > ラベル・ステッカー > ラベル用紙,A-one29237 （インクジェットプリンタラベル/光沢紙ラベル/A4サイズ/2面/10シート）,,"<table border=""0"" cellpadding=""0"" cellspacing=""0"" width=""710"" style=""line-height:140%;""><tr><td><font size=""2"">光沢のある印刷面が出力した画像をより美しく色鮮やかに再現！ プレートやファイルなどのラベルが気軽にキレイに作れます。 乾きが早く、にじまないので小さな文字や線もクッキリ印刷。<br><br></font></td></tr></table><style type=""text/css"">
<!--
.rakuten-camp {
	width: 725px;
	border: 2px solid #3399FF;
	padding-top: 5px;
	-moz-border-radius:4px; /*Firefox*/
	-webkit-border-radius: 4px; /*Safari,Chrome*/
	border-radius:4px; /*Opera,Chrome*/
	margin:0 10px 10px 0;
}

/* 価格に枠線がつく */
table#rakutenLimitedId_cart {
    background-color: #f8f8f8;
    border: 1px solid #ddd;
    padding: 8px;
    margin: 16px 0;
}

span.price1 {
    color: #333 !important;
    font-weight: bold;
    font-size: 80% !important;
    line-height: 30px;
    display: inline-block;
    margin-right: 16px;
}

-->
</style>

<!--バナーエリア-->

<!--【消すな！】★★★ height=""380"" で設定してください。★★★-->
<!--バナーエリアここまで-->

<!--楽天キャンペーン-->

<h2 style=""margin:20px 0 10px 0;""><img src=""http://www.rakuten.ne.jp/gold/akibamac/frame/images/rakuten_title2.gif"" alt=""楽天市場のお得なキャンペーン"" width=""730"" height=""42"" border=""0""></h2>
<div class=""rakuten-camp"" style=""margin:0 0 0 0;"">


<!--楽天キャンペーン@ここまで-->",A-one29237 （インクジェットプリンタラベル/光沢紙ラベル/A4サイズ/2面/10シート）：ソフマップ　デジタルコレクション,ソフマップ デジタルコレクションSofmap Digital CollectionパソコンタブレットPCHDDアセンブリパーツパソコンパーツテレビゲームブルーレイソフトDVDソフト液晶テレビブルーレイディスクレコーダーデジタル一眼レフカメラデジタルカメラ家電時計中古　ソフトアウトレット中古ノートパソコン中古パソコンA-one29237 （インクジェットプリンタラベル/光沢紙ラベル/A4サイズ/2面/10シート）,A-one29237 （インクジェットプリンタラベル/光沢紙ラベル/A4サイズ/2面/10シート）
7-2779,http://tshop.r10s.jp/akibamac/cabinet/01893481/4906186288941.jpg?fitin=700:700,756.0000,,日用品雑貨・文房具・手芸 > 文房具・事務用品 > ラベル・ステッカー > ラベル用紙,A-one 28894　（手作りステッカー/高画質タイプ/A4サイズ/3セット）,,"<table border=""0"" width="" 595"" id=""ItemInfo""><tr><td width=""100%""><font size=""2""><b>“高画質タイプ ホワイトフィルムラベル＋透明保護フィルムラベル”<br>ステッカー作りに最適！耐水性・耐光性に優れたラベル。（A4サイズ・3セット）</b><br><br>■ 高光沢で写真に最適!!鮮やかな発色の高画質タイプ。<br>■ 透明保護フィルムラベルがセットになっているので、耐久性も抜群。<br><br>【対応ソフト一覧はこちら↓】<br><br><TABLE border=""1"" cellspacing=""1"" cellpadding=""4"" width=""100%"" bordercolor=""#111111"" style=""border-collapse: collapse""><tr><td width=180 bgcolor =""#F0F0F0""><font size=""2"">シートサイズ</td><td width=400><font size=""2""> A4判（210×297mm）</td></tr><tr><td width=180 bgcolor =""#F0F0F0""><font size=""2"">入数</td><td width=400><font size=""2""> 3セット（各3シート）</td></tr><tr><td width=180 bgcolor =""#F0F0F0""><font size=""2"">紙厚</td><td width=400><font size=""2""> 『ホワイトフィルムラベル』厚み：0.19mm、ラベル・カード厚み：0.15mm、『透明保護フィルムラベル』ラベル・カード厚み：0.05mm</td></tr><tr><td width=180 bgcolor =""#F0F0F0""><font size=""2"">紙質</td><td width=400><font size=""2""> 材質：ポリエステルフィルム</td></tr><tr><td width=180 bgcolor =""#F0F0F0""><font size=""2"">タイプ・特性</td><td width=400><font size=""2""> 【強く貼れる】【光沢】発色がよく、メリハリのある色調に仕上がります。 【水に強い】水に濡れてもインクがにじまない性質を持った素材を使用しています。【ホワイトフィルムラベル：フィルム】丈夫なフィルム素材を使用しています。【透明保護フィルムラベル：透明フィルム】下地を活かせる透明なフィルム素材を使用しています。【はくり紙に切り込み線 ○】</td></tr><tr><td width=180 bgcolor =""#F0F0F0""><font size=""2"">対応プリンタ</td><td width=400><font size=""2""> インクジェットプリンタ</td></tr><tr><td width=180 bgcolor =""#F0F0F0""><font size=""2"">対応インク</td><td width=400><font size=""2""> 顔料・染料　※顔料インクでは、表面素材の特性上、インクが乾きにくいので、印刷面にはできるだけ触れないようにしてください。</td></tr><tr><td width=180 bgcolor =""#F0F0F0""><font size=""2"">種類</td><td width=400><font size=""2"">ラベル・タックシール＞ ステッカー</td></tr></TABLE></font></TABLE></td></tr></table><style type=""text/css"">
<!--
.rakuten-camp {
	width: 725px;
	border: 2px solid #3399FF;
	padding-top: 5px;
	-moz-border-radius:4px; /*Firefox*/
	-webkit-border-radius: 4px; /*Safari,Chrome*/
	border-radius:4px; /*Opera,Chrome*/
	margin:0 10px 10px 0;
}

/* 価格に枠線がつく */
table#rakutenLimitedId_cart {
    background-color: #f8f8f8;
    border: 1px solid #ddd;
    padding: 8px;
    margin: 16px 0;
}

span.price1 {
    color: #333 !important;
    font-weight: bold;
    font-size: 80% !important;
    line-height: 30px;
    display: inline-block;
    margin-right: 16px;
}

-->
</style>

<!--バナーエリア-->

<!--【消すな！】★★★ height=""380"" で設定してください。★★★-->
<!--バナーエリアここまで-->

<!--楽天キャンペーン-->

<h2 style=""margin:20px 0 10px 0;""><img src=""http://www.rakuten.ne.jp/gold/akibamac/frame/images/rakuten_title2.gif"" alt=""楽天市場のお得なキャンペーン"" width=""730"" height=""42"" border=""0""></h2>
<div class=""rakuten-camp"" style=""margin:0 0 0 0;"">


<!--楽天キャンペーン@ここまで-->",A-one 28894　（手作りステッカー/高画質タイプ/A4サイズ/3セット）：ソフマップ　デジタルコレクション,ソフマップ デジタルコレクションSofmap Digital CollectionパソコンタブレットPCHDDアセンブリパーツパソコンパーツテレビゲームブルーレイソフトDVDソフト液晶テレビブルーレイディスクレコーダーデジタル一眼レフカメラデジタルカメラ家電時計中古　ソフトアウトレット中古ノートパソコン中古パソコンA-one 28894　（手作りステッカー/高画質タイプ/A4サイズ/3セット）,A-one 28894　（手作りステッカー/高画質タイプ/A4サイズ/3セット）
7-2780,http://tshop.r10s.jp/akibamac/cabinet/01893481/4906186288750.jpg?fitin=700:700,543.2000,,日用品雑貨・文房具・手芸 > 文房具・事務用品 > ラベル・ステッカー > ラベル用紙,エーワン 28875　（手作りステッカー/下地が透けないタイプ/A4サイズ/3セット）,,"<table border=""0"" width="" 595"" id=""ItemInfo""><tr><td width=""100%""><font size=""2""><b>“ホワイトフィルムラベル＋透明保護フィルムラベル”<br>ステッカー作りに最適！柄の上に貼っても下地が透けないラベル。（A4サイズ・3セット）</b><br><br>■ インクジェットプリンタでの印字適性に優れたラベルです。<br>■ 柄の上に貼っても下地が透けない！しっかり貼れる強粘着。<br>■ ステッカー作りに最適！耐水性・耐光性に優れたラベルです。<br>■ 透明保護フィルムラベルがセットになっているので、耐久性も抜群。<br><br>【対応ソフト一覧はこちら↓】<br><br><TABLE border=""1"" cellspacing=""1"" cellpadding=""4"" width=""100%"" bordercolor=""#111111"" style=""border-collapse: collapse""><tr><td width=180 bgcolor =""#F0F0F0""><font size=""2"">シートサイズ</td><td width=400><font size=""2""> A4判（210×297mm）</td></tr><tr><td width=180 bgcolor =""#F0F0F0""><font size=""2"">入数</td><td width=400><font size=""2""> 3セット（各3シート）</td></tr><tr><td width=180 bgcolor =""#F0F0F0""><font size=""2"">紙厚</td><td width=400><font size=""2""> 『ホワイトフィルムラベル 下地が透けないタイプ』厚み：0.18mm、ラベル・カード厚み：0.10mm、『透明保護フィルム』ラベル・カード厚み：0.07mm</td></tr><tr><td width=180 bgcolor =""#F0F0F0""><font size=""2"">紙質</td><td width=400><font size=""2""> 材質：ポリエステルフィルム</td></tr><tr><td width=180 bgcolor =""#F0F0F0""><font size=""2"">タイプ・特性</td><td width=400><font size=""2""> 【強く貼れる】【光沢】発色がよく、メリハリのある色調に仕上がります。【水に強い】水に濡れてもインクがにじまない性質を持った素材を使用。【ホワイトフィルムラベル：下地がかくせる】印刷物の修正に便利な、下地がかくせるラベルです。【ホワイトフィルムラベル：フィルム】丈夫なフィルム素材を使用。【透明保護フィルムラベル：透明フィルム】下地を活かせる透明なフィルム素材を使用。【はくり紙に切り込み線 ○】</td></tr><tr><td width=180 bgcolor =""#F0F0F0""><font size=""2"">対応プリンタ</td><td width=400><font size=""2""> インクジェットプリンタ</td></tr><tr><td width=180 bgcolor =""#F0F0F0""><font size=""2"">対応インク</td><td width=400><font size=""2""> 顔料・染料　※顔料インクでは、表面素材の特性上、インクが乾きにくいので、印刷面にはできるだけ触れないようにしてください。</td></tr><tr><td width=180 bgcolor =""#F0F0F0""><font size=""2"">種類</td><td width=400><font size=""2"">ラベル・タックシール＞ ステッカー</td></tr></TABLE></font></TABLE></td></tr></table><style type=""text/css"">
<!--
.rakuten-camp {
	width: 725px;
	border: 2px solid #3399FF;
	padding-top: 5px;
	-moz-border-radius:4px; /*Firefox*/
	-webkit-border-radius: 4px; /*Safari,Chrome*/
	border-radius:4px; /*Opera,Chrome*/
	margin:0 10px 10px 0;
}

/* 価格に枠線がつく */
table#rakutenLimitedId_cart {
    background-color: #f8f8f8;
    border: 1px solid #ddd;
    padding: 8px;
    margin: 16px 0;
}

span.price1 {
    color: #333 !important;
    font-weight: bold;
    font-size: 80% !important;
    line-height: 30px;
    display: inline-block;
    margin-right: 16px;
}

-->
</style>

<!--バナーエリア-->

<!--【消すな！】★★★ height=""380"" で設定してください。★★★-->
<!--バナーエリアここまで-->

<!--楽天キャンペーン-->

<h2 style=""margin:20px 0 10px 0;""><img src=""http://www.rakuten.ne.jp/gold/akibamac/frame/images/rakuten_title2.gif"" alt=""楽天市場のお得なキャンペーン"" width=""730"" height=""42"" border=""0""></h2>
<div class=""rakuten-camp"" style=""margin:0 0 0 0;"">


<!--楽天キャンペーン@ここまで-->",エーワン 28875　（手作りステッカー/下地が透けないタイプ/A4サイズ/3セット）：ソフマップ　デジタルコレクション,ソフマップ デジタルコレクションSofmap Digital CollectionパソコンタブレットPCHDDアセンブリパーツパソコンパーツテレビゲームブルーレイソフトDVDソフト液晶テレビブルーレイディスクレコーダーデジタル一眼レフカメラデジタルカメラ家電時計中古　ソフトアウトレット中古ノートパソコン中古パソコンエーワン 28875　（手作りステッカー/下地が透けないタイプ/A4サイズ/3セット）,エーワン 28875　（手作りステッカー/下地が透けないタイプ/A4サイズ/3セット）
7-2781,http://tshop.r10s.jp/akibamac/cabinet/01893481/4906186288125.jpg?fitin=700:700,636.0000,,日用品雑貨・文房具・手芸 > 文房具・事務用品 > ラベル・ステッカー > ラベル用紙,エーワン 手作りステッカー キラキラタイプ （A4サイズ・2セット）　28812,,"<table border=""0"" width="" 595"" id=""ItemInfo""><tr><td width=""100%""><font size=""2""><b>“ホワイトフィルムラベル＋ホログラムフィルムラベル”<br>ステッカー作りに最適！キラキラした存在感のあるステッカーを作成できるラベル。（A4サイズ・2セット）</b><br><br>■ インクジェットプリンタでの印字適性に優れたラベルです。<br>■ ホワイトフィルムラベルに印刷した後、ホログラムカバーフィルムを貼りあわせることで、キラキラした存在感のあるステッカーを作成できます。<br>■ 水に強い耐水タイプのフィルムラベルなので、水まわりの持ち物にも貼ることができます。<br><br>【対応ソフト一覧はこちら↓】<br><br><TABLE border=""1"" cellspacing=""1"" cellpadding=""4"" width=""100%"" bordercolor=""#111111"" style=""border-collapse: collapse""><tr><td width=180 bgcolor =""#F0F0F0""><font size=""2"">シートサイズ</td><td width=400><font size=""2""> A4判（210×297mm）</td></tr><tr><td width=180 bgcolor =""#F0F0F0""><font size=""2"">入数</td><td width=400><font size=""2""> 2セット（各2シート）</td></tr><tr><td width=180 bgcolor =""#F0F0F0""><font size=""2"">紙厚</td><td width=400><font size=""2""> 『ホワイトフィルムラベル』厚み：0.15mm、ラベル・カード厚み：0.10mm、『ホログラムフィルムラベル』厚み：0.23mm、ラベル・カード厚み：0.07mm</td></tr><tr><td width=180 bgcolor =""#F0F0F0""><font size=""2"">紙質</td><td width=400><font size=""2""> 材質：ポリエステルフィルム</td></tr><tr><td width=180 bgcolor =""#F0F0F0""><font size=""2"">タイプ・特性</td><td width=400><font size=""2""> 【強く貼れる】【光沢】発色がよく、メリハリのある色調に仕上がります。 【水に強い】水に濡れてもインクがにじまない性質を持った素材を使用しています。【ホワイトフィルムラベル：フィルム】丈夫なフィルム素材を使用しています。【ホログラムフィルムラベル：透明フィルム】下地を活かせる透明なフィルム素材を使用しています。【ホログラムフィルムラベル：はくり紙に切り込み線 ○】</td></tr><tr><td width=180 bgcolor =""#F0F0F0""><font size=""2"">対応プリンタ</td><td width=400><font size=""2""> インクジェットプリンタ</td></tr><tr><td width=180 bgcolor =""#F0F0F0""><font size=""2"">対応インク</td><td width=400><font size=""2""> 顔料・染料　※顔料インクでは、表面素材の特性上、インクが乾きにくいので、印刷面にはできるだけ触れないようにしてください。</td></tr><tr><td width=180 bgcolor =""#F0F0F0""><font size=""2"">種類</td><td width=400><font size=""2"">ラベル・タックシール＞ ステッカー</td></tr></TABLE></font></TABLE></td></tr></table><style type=""text/css"">
<!--
.rakuten-camp {
	width: 725px;
	border: 2px solid #3399FF;
	padding-top: 5px;
	-moz-border-radius:4px; /*Firefox*/
	-webkit-border-radius: 4px; /*Safari,Chrome*/
	border-radius:4px; /*Opera,Chrome*/
	margin:0 10px 10px 0;
}

/* 価格に枠線がつく */
table#rakutenLimitedId_cart {
    background-color: #f8f8f8;
    border: 1px solid #ddd;
    padding: 8px;
    margin: 16px 0;
}

span.price1 {
    color: #333 !important;
    font-weight: bold;
    font-size: 80% !important;
    line-height: 30px;
    display: inline-block;
    margin-right: 16px;
}

-->
</style>

<!--バナーエリア-->

<!--【消すな！】★★★ height=""380"" で設定してください。★★★-->
<!--バナーエリアここまで-->

<!--楽天キャンペーン-->

<h2 style=""margin:20px 0 10px 0;""><img src=""http://www.rakuten.ne.jp/gold/akibamac/frame/images/rakuten_title2.gif"" alt=""楽天市場のお得なキャンペーン"" width=""730"" height=""42"" border=""0""></h2>
<div class=""rakuten-camp"" style=""margin:0 0 0 0;"">


<!--楽天キャンペーン@ここまで-->",エーワン 手作りステッカー キラキラタイプ （A4サイズ・2セット）　28812：ソフマップ　デジタルコレクション,ソフマップ デジタルコレクションSofmap Digital CollectionパソコンタブレットPCHDDアセンブリパーツパソコンパーツテレビゲームブルーレイソフトDVDソフト液晶テレビブルーレイディスクレコーダーデジタル一眼レフカメラデジタルカメラ家電時計中古　ソフトアウトレット中古ノートパソコン中古パソコンエーワン 手作りステッカー キラキラタイプ （A4サイズ・2セット）　28812,エーワン 手作りステッカー キラキラタイプ （A4サイズ・2セット）　28812
7-2782,http://tshop.r10s.jp/akibamac/cabinet/01893481/4906186288927.jpg?fitin=700:700,756.0000,,日用品雑貨・文房具・手芸 > 文房具・事務用品 > ラベル・ステッカー > ラベル用紙,エーワン 手作りステッカー メタリックシルバータイプ （A4サイズ・3セット）　28892,,"<table border=""0"" width="" 595"" id=""ItemInfo""><tr><td width=""100%""><font size=""2""><b>“メタリックシルバータイプ シルバーフィルムラベル＋透明保護フィルムラベル”<br>ステッカー作りに最適！耐水性・耐光性に優れたラベル。（A4サイズ・3セット）</b><br><br>■ 光に反射して輝くメタリックシルバー！薄いラベルで、はがれにくく、なじみやすい<br>■ 透明保護フィルムラベルがセットになっているので、耐久性も抜群。<br><br>【対応ソフト一覧はこちら↓】<br><br><TABLE border=""1"" cellspacing=""1"" cellpadding=""4"" width=""100%"" bordercolor=""#111111"" style=""border-collapse: collapse""><tr><td width=180 bgcolor =""#F0F0F0""><font size=""2"">色</td><td width=400><font size=""2""> メタリックシルバー</td></tr><tr><td width=180 bgcolor =""#F0F0F0""><font size=""2"">シートサイズ</td><td width=400><font size=""2""> A4判（210×297mm）</td></tr><tr><td width=180 bgcolor =""#F0F0F0""><font size=""2"">入数</td><td width=400><font size=""2""> 3セット（各3シート）</td></tr><tr><td width=180 bgcolor =""#F0F0F0""><font size=""2"">紙厚</td><td width=400><font size=""2""> 『シルバーフィルムラベル』厚み：0.17mm、ラベル・カード厚み：0.10mm、『透明保護フィルムラベル』ラベル・カード厚み：0.05mm</td></tr><tr><td width=180 bgcolor =""#F0F0F0""><font size=""2"">紙質</td><td width=400><font size=""2""> 材質：ポリエステルフィルム</td></tr><tr><td width=180 bgcolor =""#F0F0F0""><font size=""2"">タイプ・特性</td><td width=400><font size=""2""> 【強く貼れる】【光沢】発色がよく、メリハリのある色調に仕上がります。 【水に強い】水に濡れてもインクがにじまない性質を持った素材を使用しています。【透明保護フィルムラベル：透明フィルム】下地を活かせる透明なフィルム素材を使用しています。【シルバーフィルムラベル：方眼つきはくり紙を使用 ○】【はくり紙に切り込み線 ○】</td></tr><tr><td width=180 bgcolor =""#F0F0F0""><font size=""2"">対応プリンタ</td><td width=400><font size=""2""> インクジェットプリンタ</td></tr><tr><td width=180 bgcolor =""#F0F0F0""><font size=""2"">対応インク</td><td width=400><font size=""2""> 顔料・染料　※顔料インクでは、表面素材の特性上、インクが乾きにくいので、印刷面にはできるだけ触れないようにしてください。</td></tr><tr><td width=180 bgcolor =""#F0F0F0""><font size=""2"">種類</td><td width=400><font size=""2"">ラベル・タックシール＞ ステッカー</td></tr></TABLE></font></TABLE></td></tr></table><style type=""text/css"">
<!--
.rakuten-camp {
	width: 725px;
	border: 2px solid #3399FF;
	padding-top: 5px;
	-moz-border-radius:4px; /*Firefox*/
	-webkit-border-radius: 4px; /*Safari,Chrome*/
	border-radius:4px; /*Opera,Chrome*/
	margin:0 10px 10px 0;
}

/* 価格に枠線がつく */
table#rakutenLimitedId_cart {
    background-color: #f8f8f8;
    border: 1px solid #ddd;
    padding: 8px;
    margin: 16px 0;
}

span.price1 {
    color: #333 !important;
    font-weight: bold;
    font-size: 80% !important;
    line-height: 30px;
    display: inline-block;
    margin-right: 16px;
}

-->
</style>

<!--バナーエリア-->

<!--【消すな！】★★★ height=""380"" で設定してください。★★★-->
<!--バナーエリアここまで-->

<!--楽天キャンペーン-->

<h2 style=""margin:20px 0 10px 0;""><img src=""http://www.rakuten.ne.jp/gold/akibamac/frame/images/rakuten_title2.gif"" alt=""楽天市場のお得なキャンペーン"" width=""730"" height=""42"" border=""0""></h2>
<div class=""rakuten-camp"" style=""margin:0 0 0 0;"">


<!--楽天キャンペーン@ここまで-->",エーワン 手作りステッカー メタリックシルバータイプ （A4サイズ・3セット）　28892：ソフマップ　デジタルコレクション,ソフマップ デジタルコレクションSofmap Digital CollectionパソコンタブレットPCHDDアセンブリパーツパソコンパーツテレビゲームブルーレイソフトDVDソフト液晶テレビブルーレイディスクレコーダーデジタル一眼レフカメラデジタルカメラ家電時計中古　ソフトアウトレット中古ノートパソコン中古パソコンエーワン 手作りステッカー メタリックシルバータイプ （A4サイズ・3セット）　28892,エーワン 手作りステッカー メタリックシルバータイプ （A4サイズ・3セット）　28892
7-2783,http://tshop.r10s.jp/akibamac/cabinet/01893481/4906186288934.jpg?fitin=700:700,713.6000,,日用品雑貨・文房具・手芸 > 文房具・事務用品 > ラベル・ステッカー > ラベル用紙,エーワン 手作りステッカー メタリックゴールドタイプ （A4サイズ・3セット）　28893,,"<table border=""0"" width="" 595"" id=""ItemInfo""><tr><td width=""100%""><font size=""2""><b>“メタリックゴールドタイプ ゴールドフィルムラベル＋透明保護フィルムラベル”<br>ステッカー作りに最適！耐水性・耐光性に優れたラベル。（A4サイズ・3セット）</b><br><br>■ 光に反射して輝くメタリックゴールド！薄いラベルで、はがれにくく、なじみやすい<br>■ 透明保護フィルムラベルがセットになっているので、耐久性も抜群。<br><br>【対応ソフト一覧はこちら↓】<br><br><TABLE border=""1"" cellspacing=""1"" cellpadding=""4"" width=""100%"" bordercolor=""#111111"" style=""border-collapse: collapse""><tr><td width=180 bgcolor =""#F0F0F0""><font size=""2"">色</td><td width=400><font size=""2""> メタリックゴールド</td></tr><tr><td width=180 bgcolor =""#F0F0F0""><font size=""2"">シートサイズ</td><td width=400><font size=""2""> A4判（210×297mm）</td></tr><tr><td width=180 bgcolor =""#F0F0F0""><font size=""2"">入数</td><td width=400><font size=""2""> 3セット（各3シート）</td></tr><tr><td width=180 bgcolor =""#F0F0F0""><font size=""2"">紙厚</td><td width=400><font size=""2""> 『ゴールドフィルムラベル』厚み：0.17mm、ラベル・カード厚み：0.10mm、『透明保護フィルムラベル』ラベル・カード厚み：0.05mm</td></tr><tr><td width=180 bgcolor =""#F0F0F0""><font size=""2"">紙質</td><td width=400><font size=""2""> 材質：ポリエステルフィルム</td></tr><tr><td width=180 bgcolor =""#F0F0F0""><font size=""2"">タイプ・特性</td><td width=400><font size=""2""> 【強く貼れる】【光沢】発色がよく、メリハリのある色調に仕上がります。 【水に強い】水に濡れてもインクがにじまない性質を持った素材を使用しています。【透明保護フィルムラベル：透明フィルム】下地を活かせる透明なフィルム素材を使用しています。【ゴールドフィルムラベル：方眼つきはくり紙を使用 ○】【はくり紙に切り込み線 ○】</td></tr><tr><td width=180 bgcolor =""#F0F0F0""><font size=""2"">対応プリンタ</td><td width=400><font size=""2""> インクジェットプリンタ</td></tr><tr><td width=180 bgcolor =""#F0F0F0""><font size=""2"">対応インク</td><td width=400><font size=""2""> 顔料・染料　※顔料インクでは、表面素材の特性上、インクが乾きにくいので、印刷面にはできるだけ触れないようにしてください。</td></tr><tr><td width=180 bgcolor =""#F0F0F0""><font size=""2"">種類</td><td width=400><font size=""2"">ラベル・タックシール＞ ステッカー</td></tr></TABLE></font></TABLE></td></tr></table><style type=""text/css"">
<!--
.rakuten-camp {
	width: 725px;
	border: 2px solid #3399FF;
	padding-top: 5px;
	-moz-border-radius:4px; /*Firefox*/
	-webkit-border-radius: 4px; /*Safari,Chrome*/
	border-radius:4px; /*Opera,Chrome*/
	margin:0 10px 10px 0;
}

/* 価格に枠線がつく */
table#rakutenLimitedId_cart {
    background-color: #f8f8f8;
    border: 1px solid #ddd;
    padding: 8px;
    margin: 16px 0;
}

span.price1 {
    color: #333 !important;
    font-weight: bold;
    font-size: 80% !important;
    line-height: 30px;
    display: inline-block;
    margin-right: 16px;
}

-->
</style>

<!--バナーエリア-->

<!--【消すな！】★★★ height=""380"" で設定してください。★★★-->
<!--バナーエリアここまで-->

<!--楽天キャンペーン-->

<h2 style=""margin:20px 0 10px 0;""><img src=""http://www.rakuten.ne.jp/gold/akibamac/frame/images/rakuten_title2.gif"" alt=""楽天市場のお得なキャンペーン"" width=""730"" height=""42"" border=""0""></h2>
<div class=""rakuten-camp"" style=""margin:0 0 0 0;"">


<!--楽天キャンペーン@ここまで-->",エーワン 手作りステッカー メタリックゴールドタイプ （A4サイズ・3セット）　28893：ソフマップ　デジタルコレクション,ソフマップ デジタルコレクションSofmap Digital CollectionパソコンタブレットPCHDDアセンブリパーツパソコンパーツテレビゲームブルーレイソフトDVDソフト液晶テレビブルーレイディスクレコーダーデジタル一眼レフカメラデジタルカメラ家電時計中古　ソフトアウトレット中古ノートパソコン中古パソコンエーワン 手作りステッカー メタリックゴールドタイプ （A4サイズ・3セット）　28893,エーワン 手作りステッカー メタリックゴールドタイプ （A4サイズ・3セット）　28893
7-2784,http://tshop.r10s.jp/akibamac/cabinet/01893481/4906186335317.jpg?fitin=700:700,259.2000,,日用品雑貨・文房具・手芸 > 文房具・事務用品 > ラベル・ステッカー > ラベル用紙,エーワン インクジェット対応 アイロン接着タイプ （はがきサイズ ノーカット・3シート）　33531,,"<table border=""0"" width="" 595"" id=""ItemInfo""><tr><td width=""100%""><font size=""2"">●アイロンで簡単に接着できます。<br>●洗濯ＯＫ！色が落ちにくい加工を施しています。<br>●特殊加工技術で文字や写真がにじまず、くっきり鮮やかに印刷できます。<br><br><TABLE border=""1"" cellspacing=""1"" cellpadding=""4"" width=""100%"" bordercolor=""#111111"" style=""border-collapse: collapse""><tr><td width=180 bgcolor =""#F0F0F0""><font size=""2"">シートサイズ</td><td width=400><font size=""2""> はがきサイズ</td></tr><tr><td width=180 bgcolor =""#F0F0F0""><font size=""2"">入数</td><td width=400><font size=""2""> 3シート</td></tr><tr><td width=180 bgcolor =""#F0F0F0""><font size=""2"">紙厚</td><td width=400><font size=""2""> 0.33mm</td></tr><tr><td width=180 bgcolor =""#F0F0F0""><font size=""2"">対応プリンタ</td><td width=400><font size=""2""> インクジェット</td></tr><tr><td width=180 bgcolor =""#F0F0F0""><font size=""2"">対応インク</td><td width=400><font size=""2""> 顔料・染料</td></tr><tr><td width=180 bgcolor =""#F0F0F0""><font size=""2"">用途</td><td width=400><font size=""2""> アイロンプリント</td></tr><tr><td width=180 bgcolor =""#F0F0F0""><font size=""2"">種類</td><td width=400><font size=""2"">その他OA用紙＞ アイロン転写（ハガキサイズ）</td></tr></TABLE></font></TABLE></td></tr></table><style type=""text/css"">
<!--
.rakuten-camp {
	width: 725px;
	border: 2px solid #3399FF;
	padding-top: 5px;
	-moz-border-radius:4px; /*Firefox*/
	-webkit-border-radius: 4px; /*Safari,Chrome*/
	border-radius:4px; /*Opera,Chrome*/
	margin:0 10px 10px 0;
}

/* 価格に枠線がつく */
table#rakutenLimitedId_cart {
    background-color: #f8f8f8;
    border: 1px solid #ddd;
    padding: 8px;
    margin: 16px 0;
}

span.price1 {
    color: #333 !important;
    font-weight: bold;
    font-size: 80% !important;
    line-height: 30px;
    display: inline-block;
    margin-right: 16px;
}

-->
</style>

<!--バナーエリア-->

<!--【消すな！】★★★ height=""380"" で設定してください。★★★-->
<!--バナーエリアここまで-->

<!--楽天キャンペーン-->

<h2 style=""margin:20px 0 10px 0;""><img src=""http://www.rakuten.ne.jp/gold/akibamac/frame/images/rakuten_title2.gif"" alt=""楽天市場のお得なキャンペーン"" width=""730"" height=""42"" border=""0""></h2>
<div class=""rakuten-camp"" style=""margin:0 0 0 0;"">


<!--楽天キャンペーン@ここまで-->",エーワン インクジェット対応 アイロン接着タイプ （はがきサイズ ノーカット・3シート）　33531：ソフマップ　デジタルコレクション,ソフマップ デジタルコレクションSofmap Digital CollectionパソコンタブレットPCHDDアセンブリパーツパソコンパーツテレビゲームブルーレイソフトDVDソフト液晶テレビブルーレイディスクレコーダーデジタル一眼レフカメラデジタルカメラ家電時計中古　ソフトアウトレット中古ノートパソコン中古パソコンエーワン インクジェット対応 アイロン接着タイプ （はがきサイズ ノーカット・3シート）　33531,エーワン インクジェット対応 アイロン接着タイプ （はがきサイズ ノーカット・3シート）　33531
7-2785,http://tshop.r10s.jp/akibamac/cabinet/01893481/4906186335331.jpg?fitin=700:700,259.2000,,日用品雑貨・文房具・手芸 > 文房具・事務用品 > ラベル・ステッカー > ラベル用紙,エーワン インクジェット対応 アイロン接着タイプ （はがきサイズ 8面・3シート）　33533,,"<table border=""0"" width="" 595"" id=""ItemInfo""><tr><td width=""100%""><font size=""2"">●アイロンで簡単に接着できます。<br>●洗濯ＯＫ！色が落ちにくい加工を施しています。<br>●特殊加工技術で文字や写真がにじまず、くっきり鮮やかに印刷できます。<br><br><TABLE border=""1"" cellspacing=""1"" cellpadding=""4"" width=""100%"" bordercolor=""#111111"" style=""border-collapse: collapse""><tr><td width=180 bgcolor =""#F0F0F0""><font size=""2"">シートサイズ</td><td width=400><font size=""2""> はがきサイズ</td></tr><tr><td width=180 bgcolor =""#F0F0F0""><font size=""2"">面付き</td><td width=400><font size=""2""> 8面（4列×2段）</td></tr><tr><td width=180 bgcolor =""#F0F0F0""><font size=""2"">一片サイズ</td><td width=400><font size=""2""> 20×60mm</td></tr><tr><td width=180 bgcolor =""#F0F0F0""><font size=""2"">入数</td><td width=400><font size=""2""> 3シート</td></tr><tr><td width=180 bgcolor =""#F0F0F0""><font size=""2"">紙厚</td><td width=400><font size=""2""> 0.33mm</td></tr><tr><td width=180 bgcolor =""#F0F0F0""><font size=""2"">対応プリンタ</td><td width=400><font size=""2""> インクジェット</td></tr><tr><td width=180 bgcolor =""#F0F0F0""><font size=""2"">対応インク</td><td width=400><font size=""2""> 顔料・染料</td></tr><tr><td width=180 bgcolor =""#F0F0F0""><font size=""2"">用途</td><td width=400><font size=""2""> アイロンプリント</td></tr><tr><td width=180 bgcolor =""#F0F0F0""><font size=""2"">種類</td><td width=400><font size=""2"">その他OA用紙＞ アイロン転写（ハガキサイズ）</td></tr></TABLE></font></TABLE></td></tr></table><style type=""text/css"">
<!--
.rakuten-camp {
	width: 725px;
	border: 2px solid #3399FF;
	padding-top: 5px;
	-moz-border-radius:4px; /*Firefox*/
	-webkit-border-radius: 4px; /*Safari,Chrome*/
	border-radius:4px; /*Opera,Chrome*/
	margin:0 10px 10px 0;
}

/* 価格に枠線がつく */
table#rakutenLimitedId_cart {
    background-color: #f8f8f8;
    border: 1px solid #ddd;
    padding: 8px;
    margin: 16px 0;
}

span.price1 {
    color: #333 !important;
    font-weight: bold;
    font-size: 80% !important;
    line-height: 30px;
    display: inline-block;
    margin-right: 16px;
}

-->
</style>

<!--バナーエリア-->

<!--【消すな！】★★★ height=""380"" で設定してください。★★★-->
<!--バナーエリアここまで-->

<!--楽天キャンペーン-->

<h2 style=""margin:20px 0 10px 0;""><img src=""http://www.rakuten.ne.jp/gold/akibamac/frame/images/rakuten_title2.gif"" alt=""楽天市場のお得なキャンペーン"" width=""730"" height=""42"" border=""0""></h2>
<div class=""rakuten-camp"" style=""margin:0 0 0 0;"">


<!--楽天キャンペーン@ここまで-->",エーワン インクジェット対応 アイロン接着タイプ （はがきサイズ 8面・3シート）　33533：ソフマップ　デジタルコレクション,ソフマップ デジタルコレクションSofmap Digital CollectionパソコンタブレットPCHDDアセンブリパーツパソコンパーツテレビゲームブルーレイソフトDVDソフト液晶テレビブルーレイディスクレコーダーデジタル一眼レフカメラデジタルカメラ家電時計中古　ソフトアウトレット中古ノートパソコン中古パソコンエーワン インクジェット対応 アイロン接着タイプ （はがきサイズ 8面・3シート）　33533,エーワン インクジェット対応 アイロン接着タイプ （はがきサイズ 8面・3シート）　33533
7-2786,http://tshop.r10s.jp/akibamac/cabinet/01893481/4906186511254.jpg?fitin=700:700,259.2000,,日用品雑貨・文房具・手芸 > 文房具・事務用品 > ラベル・ステッカー > ラベル用紙,エーワン アイロンプリントシート ～白・薄地用～（A4サイズ・2シート） 51125,,"<table border=""0"" width="" 595"" id=""ItemInfo""><tr><td width=""100%""><font size=""2"">●アイロンでカンタンに転写できます。<br>●布地になじみ易く、転写後の違和感がほとんどありません。<br>●身体に有害な物質は一切含まれていないため、安心してお使いいただけます。 <br><br><TABLE border=""1"" cellspacing=""1"" cellpadding=""4"" width=""100%"" bordercolor=""#111111"" style=""border-collapse: collapse""><tr><td width=180 bgcolor =""#F0F0F0""><font size=""2"">シートサイズ</td><td width=400><font size=""2""> A4サイズ（210×297mm）</td></tr><tr><td width=180 bgcolor =""#F0F0F0""><font size=""2"">入数</td><td width=400><font size=""2""> 2シート</td></tr><tr><td width=180 bgcolor =""#F0F0F0""><font size=""2"">紙厚</td><td width=400><font size=""2""> 0.20mm</td></tr><tr><td width=180 bgcolor =""#F0F0F0""><font size=""2"">紙質</td><td width=400><font size=""2""> ホットメルト樹脂</td></tr><tr><td width=180 bgcolor =""#F0F0F0""><font size=""2"">タイプ・特性</td><td width=400><font size=""2""> 写真がキレイ・水に強い</td></tr><tr><td width=180 bgcolor =""#F0F0F0""><font size=""2"">対応プリンタ</td><td width=400><font size=""2""> インクジェット</td></tr><tr><td width=180 bgcolor =""#F0F0F0""><font size=""2"">対応インク</td><td width=400><font size=""2""> 顔料・染料</td></tr><tr><td width=180 bgcolor =""#F0F0F0""><font size=""2"">用途</td><td width=400><font size=""2""> アイロンでカンタンに転写できます</td></tr><tr><td width=180 bgcolor =""#F0F0F0""><font size=""2"">種類</td><td width=400><font size=""2"">その他OA用紙＞ アイロン転写（その他サイズ）</td></tr></TABLE></font></TABLE></td></tr></table><style type=""text/css"">
<!--
.rakuten-camp {
	width: 725px;
	border: 2px solid #3399FF;
	padding-top: 5px;
	-moz-border-radius:4px; /*Firefox*/
	-webkit-border-radius: 4px; /*Safari,Chrome*/
	border-radius:4px; /*Opera,Chrome*/
	margin:0 10px 10px 0;
}

/* 価格に枠線がつく */
table#rakutenLimitedId_cart {
    background-color: #f8f8f8;
    border: 1px solid #ddd;
    padding: 8px;
    margin: 16px 0;
}

span.price1 {
    color: #333 !important;
    font-weight: bold;
    font-size: 80% !important;
    line-height: 30px;
    display: inline-block;
    margin-right: 16px;
}

-->
</style>

<!--バナーエリア-->

<!--【消すな！】★★★ height=""380"" で設定してください。★★★-->
<!--バナーエリアここまで-->

<!--楽天キャンペーン-->

<h2 style=""margin:20px 0 10px 0;""><img src=""http://www.rakuten.ne.jp/gold/akibamac/frame/images/rakuten_title2.gif"" alt=""楽天市場のお得なキャンペーン"" width=""730"" height=""42"" border=""0""></h2>
<div class=""rakuten-camp"" style=""margin:0 0 0 0;"">


<!--楽天キャンペーン@ここまで-->",エーワン アイロンプリントシート ～白・薄地用～（A4サイズ・2シート） 51125：ソフマップ　デジタルコレクション,ソフマップ デジタルコレクションSofmap Digital CollectionパソコンタブレットPCHDDアセンブリパーツパソコンパーツテレビゲームブルーレイソフトDVDソフト液晶テレビブルーレイディスクレコーダーデジタル一眼レフカメラデジタルカメラ家電時計中古　ソフトアウトレット中古ノートパソコン中古パソコンエーワン アイロンプリントシート ～白・薄地用～（A4サイズ・2シート） 51125,エーワン アイロンプリントシート ～白・薄地用～（A4サイズ・2シート） 51125
7-2787,http://tshop.r10s.jp/akibamac/cabinet/01790329/4906186514750.jpg?fitin=700:700,259.2000,,日用品雑貨・文房具・手芸 > 文房具・事務用品 > ラベル・ステッカー > ラベル用紙,A-one51475 （各種プリンタ兼用紙/ピンク/A4判/8面/半券付タイプ）,,"<table border=""0"" cellpadding=""0"" cellspacing=""0"" width=""710"" style=""line-height:140%;""><tr><td><font size=""2"">いろいろなプリンタで印刷できるチケット用紙です。ミシン目部分を山折り谷折りするだけで切り離せるマイクロミシンカットタイプです。代表的なチケット用紙に出来るだけ近い厚みの紙を使用しています。<br><br></font></td></tr></table><table cellspacing=""0"" cellpadding=""4"" border=""1"" width=""710"" bordercolor=""#cccccc""><tr><td width=""180"" bgcolor=""#efefef""><font size=""2"">種類</font></td><td width=""530""><font size=""2"">パソコンで手作りチケット</font></td></tr><tr><td width=""180"" bgcolor=""#efefef""><font size=""2"">サイズ</font></td><td width=""530""><font size=""2"">A4判</font></td></tr><tr><td width=""180"" bgcolor=""#efefef""><font size=""2"">用紙サイズ（寸法）</font></td><td width=""530""><font size=""2"">297×210mm</font></td></tr><tr><td width=""180"" bgcolor=""#efefef""><font size=""2"">枚数</font></td><td width=""530""><font size=""2"">20シート（160枚）</font></td></tr><tr><td width=""180"" bgcolor=""#efefef""><font size=""2"">色</font></td><td width=""530""><font size=""2"">ピンク</font></td></tr><tr><td width=""180"" bgcolor=""#efefef""><font size=""2"">対応機種</font></td><td width=""530""><font size=""2"">インクジェットプリンタ,カラーレーザープリンタ,モノクロレーザープリンタ,モノクロコピー,カラーコピー,熱転写</font></td></tr><tr><td width=""180"" bgcolor=""#efefef""><font size=""2"">備考１</font></td><td width=""530""><font size=""2"">パソコンでオリジナルのチケット・カードが作れます,折り曲げるだけで簡単に切り離せます,チケットに適した厚みとコシのある用紙です</font></td></tr><tr><td width=""180"" bgcolor=""#efefef""><font size=""2"">備考2</font></td><td width=""530""><font size=""2"">半券付タイプ</font></td></tr><tr><td width=""180"" bgcolor=""#efefef""><font size=""2"">備考3</font></td><td width=""530""><font size=""2"">A4判8面</font></td></tr></table><style type=""text/css"">
<!--
.rakuten-camp {
	width: 725px;
	border: 2px solid #3399FF;
	padding-top: 5px;
	-moz-border-radius:4px; /*Firefox*/
	-webkit-border-radius: 4px; /*Safari,Chrome*/
	border-radius:4px; /*Opera,Chrome*/
	margin:0 10px 10px 0;
}

/* 価格に枠線がつく */
table#rakutenLimitedId_cart {
    background-color: #f8f8f8;
    border: 1px solid #ddd;
    padding: 8px;
    margin: 16px 0;
}

span.price1 {
    color: #333 !important;
    font-weight: bold;
    font-size: 80% !important;
    line-height: 30px;
    display: inline-block;
    margin-right: 16px;
}

-->
</style>

<!--バナーエリア-->

<!--【消すな！】★★★ height=""380"" で設定してください。★★★-->
<!--バナーエリアここまで-->

<!--楽天キャンペーン-->

<h2 style=""margin:20px 0 10px 0;""><img src=""http://www.rakuten.ne.jp/gold/akibamac/frame/images/rakuten_title2.gif"" alt=""楽天市場のお得なキャンペーン"" width=""730"" height=""42"" border=""0""></h2>
<div class=""rakuten-camp"" style=""margin:0 0 0 0;"">


<!--楽天キャンペーン@ここまで-->",A-one51475 （各種プリンタ兼用紙/ピンク/A4判/8面/半券付タイプ）：ソフマップ　デジタルコレクション,ソフマップ デジタルコレクションSofmap Digital CollectionパソコンタブレットPCHDDアセンブリパーツパソコンパーツテレビゲームブルーレイソフトDVDソフト液晶テレビブルーレイディスクレコーダーデジタル一眼レフカメラデジタルカメラ家電時計中古　ソフトアウトレット中古ノートパソコン中古パソコンA-one51475 （各種プリンタ兼用紙/ピンク/A4判/8面/半券付タイプ）,A-one51475 （各種プリンタ兼用紙/ピンク/A4判/8面/半券付タイプ）
7-2788,http://tshop.r10s.jp/akibamac/cabinet/01794411/4906186514729.jpg?fitin=700:700,259.2000,,日用品雑貨・文房具・手芸 > 文房具・事務用品 > ラベル・ステッカー > ラベル用紙,エーワン パソコンで手作りチケット（A4判／5面／ピンク／20シート） 51742,,"<table border=""0"" width="" 595"" id=""ItemInfo""><tr><td width=""100%""><font size=""2"">■パソコンでオリジナルのチケット・カードが作れます。<br>■折り曲げるだけで簡単に切り離せます。<br>■チケットに適した、厚みとコシのある用紙です。<br>■5面付20シート（100枚）<br>■色はピンクです。<br><br><TABLE border=""1"" cellspacing=""1"" cellpadding=""4"" width=""100%"" bordercolor=""#111111"" style=""border-collapse: collapse""><tr><td width=180 bgcolor =""#F0F0F0""><font size=""2"">色</td><td width=400><font size=""2""> ピンク</td></tr><tr><td width=180 bgcolor =""#F0F0F0""><font size=""2"">シートサイズ</td><td width=400><font size=""2""> 210×297mm</td></tr><tr><td width=180 bgcolor =""#F0F0F0""><font size=""2"">入数</td><td width=400><font size=""2""> 20シート（100枚）</td></tr><tr><td width=180 bgcolor =""#F0F0F0""><font size=""2"">紙質</td><td width=400><font size=""2""> 上質紙</td></tr><tr><td width=180 bgcolor =""#F0F0F0""><font size=""2"">種類</td><td width=400><font size=""2""> シール／その他</td></tr></TABLE></font></TABLE></td></tr></table><style type=""text/css"">
<!--
.rakuten-camp {
	width: 725px;
	border: 2px solid #3399FF;
	padding-top: 5px;
	-moz-border-radius:4px; /*Firefox*/
	-webkit-border-radius: 4px; /*Safari,Chrome*/
	border-radius:4px; /*Opera,Chrome*/
	margin:0 10px 10px 0;
}

/* 価格に枠線がつく */
table#rakutenLimitedId_cart {
    background-color: #f8f8f8;
    border: 1px solid #ddd;
    padding: 8px;
    margin: 16px 0;
}

span.price1 {
    color: #333 !important;
    font-weight: bold;
    font-size: 80% !important;
    line-height: 30px;
    display: inline-block;
    margin-right: 16px;
}

-->
</style>

<!--バナーエリア-->

<!--【消すな！】★★★ height=""380"" で設定してください。★★★-->
<!--バナーエリアここまで-->

<!--楽天キャンペーン-->

<h2 style=""margin:20px 0 10px 0;""><img src=""http://www.rakuten.ne.jp/gold/akibamac/frame/images/rakuten_title2.gif"" alt=""楽天市場のお得なキャンペーン"" width=""730"" height=""42"" border=""0""></h2>
<div class=""rakuten-camp"" style=""margin:0 0 0 0;"">


<!--楽天キャンペーン@ここまで-->",エーワン パソコンで手作りチケット（A4判／5面／ピンク／20シート） 51742：ソフマップ　デジタルコレクション,ソフマップ デジタルコレクションSofmap Digital CollectionパソコンタブレットPCHDDアセンブリパーツパソコンパーツテレビゲームブルーレイソフトDVDソフト液晶テレビブルーレイディスクレコーダーデジタル一眼レフカメラデジタルカメラ家電時計中古　ソフトアウトレット中古ノートパソコン中古パソコンエーワン パソコンで手作りチケット（A4判／5面／ピンク／20シート） 51742,エーワン パソコンで手作りチケット（A4判／5面／ピンク／20シート） 51742
7-2789,http://tshop.r10s.jp/akibamac/cabinet/04002247/4906186514699.jpg?fitin=700:700,259.2000,,日用品雑貨・文房具・手芸 > 文房具・事務用品 > ラベル・ステッカー > ラベル用紙,A-one51469(手作りキット/チケット/各種プリンタ兼用/連続タイプ/両面印刷/白無地/A4/1シート2列6連/20枚入),,"<table border=""0"" cellpadding=""0"" cellspacing=""0"" width=""710"" style=""line-height:140%;""><tr><td><font size=""2"">いろいろなプリンタで印刷できるチケット用紙です。割引券やクーポン券に最適な連続タイプです。代表的なチケット用紙に出来るだけ近い厚みの紙を使用しています。<br><br></font></td></tr></table><style type=""text/css"">
<!--
.rakuten-camp {
	width: 725px;
	border: 2px solid #3399FF;
	padding-top: 5px;
	-moz-border-radius:4px; /*Firefox*/
	-webkit-border-radius: 4px; /*Safari,Chrome*/
	border-radius:4px; /*Opera,Chrome*/
	margin:0 10px 10px 0;
}

/* 価格に枠線がつく */
table#rakutenLimitedId_cart {
    background-color: #f8f8f8;
    border: 1px solid #ddd;
    padding: 8px;
    margin: 16px 0;
}

span.price1 {
    color: #333 !important;
    font-weight: bold;
    font-size: 80% !important;
    line-height: 30px;
    display: inline-block;
    margin-right: 16px;
}

-->
</style>

<!--バナーエリア-->

<!--【消すな！】★★★ height=""380"" で設定してください。★★★-->
<!--バナーエリアここまで-->

<!--楽天キャンペーン-->

<h2 style=""margin:20px 0 10px 0;""><img src=""http://www.rakuten.ne.jp/gold/akibamac/frame/images/rakuten_title2.gif"" alt=""楽天市場のお得なキャンペーン"" width=""730"" height=""42"" border=""0""></h2>
<div class=""rakuten-camp"" style=""margin:0 0 0 0;"">


<!--楽天キャンペーン@ここまで-->",A-one51469(手作りキット/チケット/各種プリンタ兼用/連続タイプ/両面印刷/白無地/A4/1シート2列6連/20枚入)：ソフマップ　デジタルコレクション,ソフマップ デジタルコレクションSofmap Digital CollectionパソコンタブレットPCHDDアセンブリパーツパソコンパーツテレビゲームブルーレイソフトDVDソフト液晶テレビブルーレイディスクレコーダーデジタル一眼レフカメラデジタルカメラ家電時計中古　ソフトアウトレット中古ノートパソコン中古パソコンA-one51469(手作りキット/チケット/各種プリンタ兼用/連続タイプ/両面印刷/白無地/A4/1シート2列6連/20枚入),A-one51469(手作りキット/チケット/各種プリンタ兼用/連続タイプ/両面印刷/白無地/A4/1シート2列6連/20枚入)
7-2790,http://tshop.r10s.jp/akibamac/cabinet/04002247/4906186514682.jpg?fitin=700:700,259.2000,,日用品雑貨・文房具・手芸 > 文房具・事務用品 > ラベル・ステッカー > ラベル用紙,A-one51468(手作りキット/チケット/各種プリンタ兼用/連続タイプ/両面印刷/白無地/A4/1シート2列5連/20枚入),,"<table border=""0"" cellpadding=""0"" cellspacing=""0"" width=""710"" style=""line-height:140%;""><tr><td><font size=""2"">いろいろなプリンタで印刷できるチケット用紙です。割引券やクーポン券に最適な連続タイプです。代表的なチケット用紙に出来るだけ近い厚みの紙を使用しています。<br><br></font></td></tr></table><style type=""text/css"">
<!--
.rakuten-camp {
	width: 725px;
	border: 2px solid #3399FF;
	padding-top: 5px;
	-moz-border-radius:4px; /*Firefox*/
	-webkit-border-radius: 4px; /*Safari,Chrome*/
	border-radius:4px; /*Opera,Chrome*/
	margin:0 10px 10px 0;
}

/* 価格に枠線がつく */
table#rakutenLimitedId_cart {
    background-color: #f8f8f8;
    border: 1px solid #ddd;
    padding: 8px;
    margin: 16px 0;
}

span.price1 {
    color: #333 !important;
    font-weight: bold;
    font-size: 80% !important;
    line-height: 30px;
    display: inline-block;
    margin-right: 16px;
}

-->
</style>

<!--バナーエリア-->

<!--【消すな！】★★★ height=""380"" で設定してください。★★★-->
<!--バナーエリアここまで-->

<!--楽天キャンペーン-->

<h2 style=""margin:20px 0 10px 0;""><img src=""http://www.rakuten.ne.jp/gold/akibamac/frame/images/rakuten_title2.gif"" alt=""楽天市場のお得なキャンペーン"" width=""730"" height=""42"" border=""0""></h2>
<div class=""rakuten-camp"" style=""margin:0 0 0 0;"">


<!--楽天キャンペーン@ここまで-->",A-one51468(手作りキット/チケット/各種プリンタ兼用/連続タイプ/両面印刷/白無地/A4/1シート2列5連/20枚入)：ソフマップ　デジタルコレクション,ソフマップ デジタルコレクションSofmap Digital CollectionパソコンタブレットPCHDDアセンブリパーツパソコンパーツテレビゲームブルーレイソフトDVDソフト液晶テレビブルーレイディスクレコーダーデジタル一眼レフカメラデジタルカメラ家電時計中古　ソフトアウトレット中古ノートパソコン中古パソコンA-one51468(手作りキット/チケット/各種プリンタ兼用/連続タイプ/両面印刷/白無地/A4/1シート2列5連/20枚入),A-one51468(手作りキット/チケット/各種プリンタ兼用/連続タイプ/両面印刷/白無地/A4/1シート2列5連/20枚入)
7-2791,http://tshop.r10s.jp/akibamac/cabinet/04002247/4906186514767.jpg?fitin=700:700,259.2000,,日用品雑貨・文房具・手芸 > 文房具・事務用品 > ラベル・ステッカー > ラベル用紙,A-one51476 （各種プリンタ兼用紙/ブルー/A4判/8面/半券付タイプ）,,"<table border=""0"" cellpadding=""0"" cellspacing=""0"" width=""710"" style=""line-height:140%;""><tr><td><font size=""2"">いろいろなプリンタで印刷できるチケット用紙です。ミシン目部分を山折り谷折りするだけで切り離せるマイクロミシンカットタイプです。代表的なチケット用紙に出来るだけ近い厚みの紙を使用しています。<br><br></font></td></tr></table><table cellspacing=""0"" cellpadding=""4"" border=""1"" width=""710"" bordercolor=""#cccccc""><tr><td width=""180"" bgcolor=""#efefef""><font size=""2"">種類</font></td><td width=""530""><font size=""2"">パソコンで手作りチケット</font></td></tr><tr><td width=""180"" bgcolor=""#efefef""><font size=""2"">サイズ</font></td><td width=""530""><font size=""2"">A4判</font></td></tr><tr><td width=""180"" bgcolor=""#efefef""><font size=""2"">用紙サイズ（寸法）</font></td><td width=""530""><font size=""2"">297×210mm</font></td></tr><tr><td width=""180"" bgcolor=""#efefef""><font size=""2"">枚数</font></td><td width=""530""><font size=""2"">20シート（160枚）</font></td></tr><tr><td width=""180"" bgcolor=""#efefef""><font size=""2"">色</font></td><td width=""530""><font size=""2"">ブルー</font></td></tr><tr><td width=""180"" bgcolor=""#efefef""><font size=""2"">対応機種</font></td><td width=""530""><font size=""2"">インクジェットプリンタ,カラーレーザープリンタ,モノクロレーザープリンタ,モノクロコピー,カラーコピー,熱転写</font></td></tr><tr><td width=""180"" bgcolor=""#efefef""><font size=""2"">備考１</font></td><td width=""530""><font size=""2"">パソコンでオリジナルのチケット・カードが作れます,折り曲げるだけで簡単に切り離せます,チケットに適した厚みとコシのある用紙です</font></td></tr><tr><td width=""180"" bgcolor=""#efefef""><font size=""2"">備考2</font></td><td width=""530""><font size=""2"">半券付タイプ</font></td></tr><tr><td width=""180"" bgcolor=""#efefef""><font size=""2"">備考3</font></td><td width=""530""><font size=""2"">A4判8面</font></td></tr></table><style type=""text/css"">
<!--
.rakuten-camp {
	width: 725px;
	border: 2px solid #3399FF;
	padding-top: 5px;
	-moz-border-radius:4px; /*Firefox*/
	-webkit-border-radius: 4px; /*Safari,Chrome*/
	border-radius:4px; /*Opera,Chrome*/
	margin:0 10px 10px 0;
}

/* 価格に枠線がつく */
table#rakutenLimitedId_cart {
    background-color: #f8f8f8;
    border: 1px solid #ddd;
    padding: 8px;
    margin: 16px 0;
}

span.price1 {
    color: #333 !important;
    font-weight: bold;
    font-size: 80% !important;
    line-height: 30px;
    display: inline-block;
    margin-right: 16px;
}

-->
</style>

<!--バナーエリア-->

<!--【消すな！】★★★ height=""380"" で設定してください。★★★-->
<!--バナーエリアここまで-->

<!--楽天キャンペーン-->

<h2 style=""margin:20px 0 10px 0;""><img src=""http://www.rakuten.ne.jp/gold/akibamac/frame/images/rakuten_title2.gif"" alt=""楽天市場のお得なキャンペーン"" width=""730"" height=""42"" border=""0""></h2>
<div class=""rakuten-camp"" style=""margin:0 0 0 0;"">


<!--楽天キャンペーン@ここまで-->",A-one51476 （各種プリンタ兼用紙/ブルー/A4判/8面/半券付タイプ）：ソフマップ　デジタルコレクション,ソフマップ デジタルコレクションSofmap Digital CollectionパソコンタブレットPCHDDアセンブリパーツパソコンパーツテレビゲームブルーレイソフトDVDソフト液晶テレビブルーレイディスクレコーダーデジタル一眼レフカメラデジタルカメラ家電時計中古　ソフトアウトレット中古ノートパソコン中古パソコンA-one51476 （各種プリンタ兼用紙/ブルー/A4判/8面/半券付タイプ）,A-one51476 （各種プリンタ兼用紙/ブルー/A4判/8面/半券付タイプ）
7-2792,http://tshop.r10s.jp/akibamac/cabinet/04720173/4906186060066.jpg?fitin=700:700,134.4000,,日用品雑貨・文房具・手芸 > 文房具・事務用品 > ラベル・ステッカー > ラベル用紙,A-one06006 フリーラベル 白無地（12面/15シート/180片）,,"<table border=""0"" cellpadding=""0"" cellspacing=""0"" width=""710"" style=""line-height:140%;""><tr><td><font size=""2"">ラベルの裏紙はリサイクル可能です。<br><br>入数：15シート(180片)<br>シートサイズ：90×150mm<br>一片サイズ：19mm×45mm<br>面付：12面 4列×3段<br>ラベル・カード厚み：0.11mm<br>材質：上質紙<br>用紙特性：マット<br>白色度：80%<br>再生可能なはくり紙を使用：○<br><br></font></td></tr></table><style type=""text/css"">
<!--
.rakuten-camp {
	width: 725px;
	border: 2px solid #3399FF;
	padding-top: 5px;
	-moz-border-radius:4px; /*Firefox*/
	-webkit-border-radius: 4px; /*Safari,Chrome*/
	border-radius:4px; /*Opera,Chrome*/
	margin:0 10px 10px 0;
}

/* 価格に枠線がつく */
table#rakutenLimitedId_cart {
    background-color: #f8f8f8;
    border: 1px solid #ddd;
    padding: 8px;
    margin: 16px 0;
}

span.price1 {
    color: #333 !important;
    font-weight: bold;
    font-size: 80% !important;
    line-height: 30px;
    display: inline-block;
    margin-right: 16px;
}

-->
</style>

<!--バナーエリア-->

<!--【消すな！】★★★ height=""380"" で設定してください。★★★-->
<!--バナーエリアここまで-->

<!--楽天キャンペーン-->

<h2 style=""margin:20px 0 10px 0;""><img src=""http://www.rakuten.ne.jp/gold/akibamac/frame/images/rakuten_title2.gif"" alt=""楽天市場のお得なキャンペーン"" width=""730"" height=""42"" border=""0""></h2>
<div class=""rakuten-camp"" style=""margin:0 0 0 0;"">


<!--楽天キャンペーン@ここまで-->",A-one06006 フリーラベル 白無地（12面/15シート/180片）：ソフマップ　デジタルコレクション,ソフマップ デジタルコレクションSofmap Digital CollectionパソコンタブレットPCHDDアセンブリパーツパソコンパーツテレビゲームブルーレイソフトDVDソフト液晶テレビブルーレイディスクレコーダーデジタル一眼レフカメラデジタルカメラ家電時計中古　ソフトアウトレット中古ノートパソコン中古パソコンA-one06006 フリーラベル 白無地（12面/15シート/180片）,A-one06006 フリーラベル 白無地（12面/15シート/180片）
7-2793,http://tshop.r10s.jp/akibamac/cabinet/03447152/4906186511643.jpg?fitin=700:700,284.8000,,日用品雑貨・文房具・手芸 > 文房具・事務用品 > ラベル・ステッカー > ラベル用紙,A-one/エーワン “マルチカード 各種プリンタ兼用紙”キャッシュカードサイズ(A4判：10面×10シート(100枚)） 51164,,"<table border=""0"" width="" 595"" id=""ItemInfo""><tr><td width=""100%""><font size=""2"">◆いろいろなプリンタで印刷できるタイプの名刺用紙です。<br>◆ミシン目部分を山折り谷折りするだけで切り離せるマイクロミシンカットタイプです。<br>◆診察券、会員証等にもご使用いただけ、白無地タイプでやや厚みのある用紙です。<br><br><br><TABLE border=""1"" cellspacing=""1"" cellpadding=""4"" width=""100%"" bordercolor=""#111111"" style=""border-collapse: collapse""><tr><td width=180 bgcolor =""#F0F0F0""><font size=""2"">シートサイズ</td><td width=400><font size=""2""> A4判 （210×297mm）</td></tr><tr><td width=180 bgcolor =""#F0F0F0""><font size=""2"">面付き</td><td width=400><font size=""2""> 10面 2列×5段</td></tr><tr><td width=180 bgcolor =""#F0F0F0""><font size=""2"">一片サイズ</td><td width=400><font size=""2""> 86mm×54mm</td></tr><tr><td width=180 bgcolor =""#F0F0F0""><font size=""2"">入数</td><td width=400><font size=""2""> 10シート(100枚)</td></tr><tr><td width=180 bgcolor =""#F0F0F0""><font size=""2"">紙質</td><td width=400><font size=""2""> マット上質紙・白無地 厚口タイプ</td></tr><tr><td width=180 bgcolor =""#F0F0F0""><font size=""2"">対応プリンタ</td><td width=400><font size=""2""> インクジェットプリンタ（染料/顔料）、レーザープリンタ、コピー機、熱転写、ドットプリンタ、手書き</td></tr><tr><td width=180 bgcolor =""#F0F0F0""><font size=""2"">用途</td><td width=400><font size=""2""> マット・両面印刷</td></tr></TABLE></font></TABLE></td></tr></table><style type=""text/css"">
<!--
.rakuten-camp {
	width: 725px;
	border: 2px solid #3399FF;
	padding-top: 5px;
	-moz-border-radius:4px; /*Firefox*/
	-webkit-border-radius: 4px; /*Safari,Chrome*/
	border-radius:4px; /*Opera,Chrome*/
	margin:0 10px 10px 0;
}

/* 価格に枠線がつく */
table#rakutenLimitedId_cart {
    background-color: #f8f8f8;
    border: 1px solid #ddd;
    padding: 8px;
    margin: 16px 0;
}

span.price1 {
    color: #333 !important;
    font-weight: bold;
    font-size: 80% !important;
    line-height: 30px;
    display: inline-block;
    margin-right: 16px;
}

-->
</style>

<!--バナーエリア-->

<!--【消すな！】★★★ height=""380"" で設定してください。★★★-->
<!--バナーエリアここまで-->

<!--楽天キャンペーン-->

<h2 style=""margin:20px 0 10px 0;""><img src=""http://www.rakuten.ne.jp/gold/akibamac/frame/images/rakuten_title2.gif"" alt=""楽天市場のお得なキャンペーン"" width=""730"" height=""42"" border=""0""></h2>
<div class=""rakuten-camp"" style=""margin:0 0 0 0;"">


<!--楽天キャンペーン@ここまで-->",A-one/エーワン &ldquo;マルチカード 各種プリンタ兼用紙&rdquo;キャッシュカードサイズ(A4判：10面&times;10シート(100枚)） 51164：ソフマップ　デジタルコレクション,ソフマップ デジタルコレクションSofmap Digital CollectionパソコンタブレットPCHDDアセンブリパーツパソコンパーツテレビゲームブルーレイソフトDVDソフト液晶テレビブルーレイディスクレコーダーデジタル一眼レフカメラデジタルカメラ家電時計中古　ソフトアウトレット中古ノートパソコン中古パソコンA-one/エーワン &ldquo;マルチカード 各種プリンタ兼用紙&rdquo;キャッシュカードサイズ(A4判：10面&times;10シート(100枚)） 51164,A-one/エーワン &ldquo;マルチカード 各種プリンタ兼用紙&rdquo;キャッシュカードサイズ(A4判：10面&times;10シート(100枚)） 51164
7-2794,http://tshop.r10s.jp/akibamac/cabinet/03447152/4906186511681.jpg?fitin=700:700,2251.2000,,日用品雑貨・文房具・手芸 > 文房具・事務用品 > ラベル・ステッカー > ラベル用紙,A-one/エーワン “マルチカード 各種プリンタ兼用紙”キャッシュカードサイズ(A4判：10面×100シート(1000枚)） 51168,,"<table border=""0"" width="" 595"" id=""ItemInfo""><tr><td width=""100%""><font size=""2"">◆いろいろなプリンタで印刷できる、キャッシュカードサイズの用紙です。<BR>◆ミシン目部分を山折り谷折りするだけで切り離せるマイクロミシンカットタイプです。<BR>◆診察券、会員証等にもご使用いただけ、白無地タイプでやや厚みのある用紙です。<br><br><TABLE border=""1"" cellspacing=""1"" cellpadding=""4"" width=""100%"" bordercolor=""#111111"" style=""border-collapse: collapse""><tr><td width=180 bgcolor =""#F0F0F0""><font size=""2"">シートサイズ</td><td width=400><font size=""2""> A4判 （210×297mm）</td></tr><tr><td width=180 bgcolor =""#F0F0F0""><font size=""2"">面付き</td><td width=400><font size=""2""> 10面 2列×5段</td></tr><tr><td width=180 bgcolor =""#F0F0F0""><font size=""2"">一片サイズ</td><td width=400><font size=""2""> 86mm×54mm</td></tr><tr><td width=180 bgcolor =""#F0F0F0""><font size=""2"">入数</td><td width=400><font size=""2""> 100シート(1,000枚)</td></tr><tr><td width=180 bgcolor =""#F0F0F0""><font size=""2"">紙厚</td><td width=400><font size=""2""> 210g/（0.23mm）</td></tr><tr><td width=180 bgcolor =""#F0F0F0""><font size=""2"">紙質</td><td width=400><font size=""2""> 上質紙</td></tr><tr><td width=180 bgcolor =""#F0F0F0""><font size=""2"">対応プリンタ</td><td width=400><font size=""2""> インクジェットプリンタ（染料/顔料）、レーザープリンタ、コピー機、熱転写、ドットプリンタ、手書き</td></tr><tr><td width=180 bgcolor =""#F0F0F0""><font size=""2"">仕様</td><td width=400><font size=""2""> 白無地 厚口タイプ</td></tr></TABLE></font></TABLE></td></tr></table><style type=""text/css"">
<!--
.rakuten-camp {
	width: 725px;
	border: 2px solid #3399FF;
	padding-top: 5px;
	-moz-border-radius:4px; /*Firefox*/
	-webkit-border-radius: 4px; /*Safari,Chrome*/
	border-radius:4px; /*Opera,Chrome*/
	margin:0 10px 10px 0;
}

/* 価格に枠線がつく */
table#rakutenLimitedId_cart {
    background-color: #f8f8f8;
    border: 1px solid #ddd;
    padding: 8px;
    margin: 16px 0;
}

span.price1 {
    color: #333 !important;
    font-weight: bold;
    font-size: 80% !important;
    line-height: 30px;
    display: inline-block;
    margin-right: 16px;
}

-->
</style>

<!--バナーエリア-->

<!--【消すな！】★★★ height=""380"" で設定してください。★★★-->
<!--バナーエリアここまで-->

<!--楽天キャンペーン-->

<h2 style=""margin:20px 0 10px 0;""><img src=""http://www.rakuten.ne.jp/gold/akibamac/frame/images/rakuten_title2.gif"" alt=""楽天市場のお得なキャンペーン"" width=""730"" height=""42"" border=""0""></h2>
<div class=""rakuten-camp"" style=""margin:0 0 0 0;"">


<!--楽天キャンペーン@ここまで-->",A-one/エーワン &ldquo;マルチカード 各種プリンタ兼用紙&rdquo;キャッシュカードサイズ(A4判：10面&times;100シート(1000枚)） 51168：ソフマップ　デジタルコレクション,ソフマップ デジタルコレクションSofmap Digital CollectionパソコンタブレットPCHDDアセンブリパーツパソコンパーツテレビゲームブルーレイソフトDVDソフト液晶テレビブルーレイディスクレコーダーデジタル一眼レフカメラデジタルカメラ家電時計中古　ソフトアウトレット中古ノートパソコン中古パソコンA-one/エーワン &ldquo;マルチカード 各種プリンタ兼用紙&rdquo;キャッシュカードサイズ(A4判：10面&times;100シート(1000枚)） 51168,A-one/エーワン &ldquo;マルチカード 各種プリンタ兼用紙&rdquo;キャッシュカードサイズ(A4判：10面&times;100シート(1000枚)） 51168
7-2795,http://tshop.r10s.jp/akibamac/cabinet/03301095/4953103171787.jpg?fitin=700:700,358.4000,,日用品雑貨・文房具・手芸 > 文房具・事務用品 > ラベル・ステッカー > ラベル用紙,ELECOM/エレコムスーパーファイン CD/DVDラベル （1面・40シート）　EDT-SDVD2S,,"<table border=""0"" width="" 595"" id=""ItemInfo""><tr><td width=""100%""><font size=""2"">●つやを抑えた落ち着いた仕上がりのスーパーファインCD/DVDラベルです。内径17mmの内円小タイプなのでDVDいっぱいに印刷することができます。インクジェットプリンタ専用です。<br>●強粘着のりを採用したラベルで、剥がれにくく安心です。<br><br><TABLE border=""1"" cellspacing=""1"" cellpadding=""4"" width=""100%"" bordercolor=""#111111"" style=""border-collapse: collapse""><tr><td width=180 bgcolor =""#F0F0F0""><font size=""2"">シートサイズ</td><td width=400><font size=""2""> 148cm×148cm</td></tr><tr><td width=180 bgcolor =""#F0F0F0""><font size=""2"">面付き</td><td width=400><font size=""2""> 1面</td></tr><tr><td width=180 bgcolor =""#F0F0F0""><font size=""2"">一片サイズ</td><td width=400><font size=""2""> 直径116mm、内径17mm</td></tr><tr><td width=180 bgcolor =""#F0F0F0""><font size=""2"">入数</td><td width=400><font size=""2""> 40シート</td></tr><tr><td width=180 bgcolor =""#F0F0F0""><font size=""2"">紙厚</td><td width=400><font size=""2""> 0.21mm</td></tr><tr><td width=180 bgcolor =""#F0F0F0""><font size=""2"">紙質</td><td width=400><font size=""2""> マット調</td></tr><tr><td width=180 bgcolor =""#F0F0F0""><font size=""2"">対応プリンタ</td><td width=400><font size=""2""> インクジェットプリンタ</td></tr><tr><td width=180 bgcolor =""#F0F0F0""><font size=""2"">対応インク</td><td width=400><font size=""2""> 顔料・染料</td></tr><tr><td width=180 bgcolor =""#F0F0F0""><font size=""2"">種類</td><td width=400><font size=""2"">ラベル・タックシール＞ CD・DVD用</td></tr></TABLE></font></TABLE></td></tr></table><style type=""text/css"">
<!--
.rakuten-camp {
	width: 725px;
	border: 2px solid #3399FF;
	padding-top: 5px;
	-moz-border-radius:4px; /*Firefox*/
	-webkit-border-radius: 4px; /*Safari,Chrome*/
	border-radius:4px; /*Opera,Chrome*/
	margin:0 10px 10px 0;
}

/* 価格に枠線がつく */
table#rakutenLimitedId_cart {
    background-color: #f8f8f8;
    border: 1px solid #ddd;
    padding: 8px;
    margin: 16px 0;
}

span.price1 {
    color: #333 !important;
    font-weight: bold;
    font-size: 80% !important;
    line-height: 30px;
    display: inline-block;
    margin-right: 16px;
}

-->
</style>

<!--バナーエリア-->

<!--【消すな！】★★★ height=""380"" で設定してください。★★★-->
<!--バナーエリアここまで-->

<!--楽天キャンペーン-->

<h2 style=""margin:20px 0 10px 0;""><img src=""http://www.rakuten.ne.jp/gold/akibamac/frame/images/rakuten_title2.gif"" alt=""楽天市場のお得なキャンペーン"" width=""730"" height=""42"" border=""0""></h2>
<div class=""rakuten-camp"" style=""margin:0 0 0 0;"">


<!--楽天キャンペーン@ここまで-->",ELECOM/エレコムスーパーファイン CD/DVDラベル （1面・40シート）　EDT-SDVD2S：ソフマップ　デジタルコレクション,ソフマップ デジタルコレクションSofmap Digital CollectionパソコンタブレットPCHDDアセンブリパーツパソコンパーツテレビゲームブルーレイソフトDVDソフト液晶テレビブルーレイディスクレコーダーデジタル一眼レフカメラデジタルカメラ家電時計中古　ソフトアウトレット中古ノートパソコン中古パソコンELECOM/エレコムスーパーファイン CD/DVDラベル （1面・40シート）　EDT-SDVD2S,ELECOM/エレコムスーパーファイン CD/DVDラベル （1面・40シート）　EDT-SDVD2S
7-2796,http://tshop.r10s.jp/akibamac/cabinet/01893481/4906186512206.jpg?fitin=700:700,565.6000,,日用品雑貨・文房具・手芸 > 文房具・事務用品 > ラベル・ステッカー > ラベル用紙,A-oneCD/DVDインデックスカード 兼用タイプ マット紙 （A4変型・2面×25シート）　51220,,"<table border=""0"" width="" 595"" id=""ItemInfo""><tr><td width=""100%""><font size=""2"">●パソコンでオリジナルのCD/DVDインデックスカードが作れます。<br>●いろいろなプリンタで印刷できます。<br>●キリトリ線で切り取れば１枚印刷もできます。<br><br><TABLE border=""1"" cellspacing=""1"" cellpadding=""4"" width=""100%"" bordercolor=""#111111"" style=""border-collapse: collapse""><tr><td width=180 bgcolor =""#F0F0F0""><font size=""2"">シートサイズ</td><td width=400><font size=""2""> A4変型（148×296mm）</td></tr><tr><td width=180 bgcolor =""#F0F0F0""><font size=""2"">面付き</td><td width=400><font size=""2""> 2面（1列×2段）</td></tr><tr><td width=180 bgcolor =""#F0F0F0""><font size=""2"">一片サイズ</td><td width=400><font size=""2""> 120×120mm</td></tr><tr><td width=180 bgcolor =""#F0F0F0""><font size=""2"">入数</td><td width=400><font size=""2""> 25シート</td></tr><tr><td width=180 bgcolor =""#F0F0F0""><font size=""2"">紙厚</td><td width=400><font size=""2""> 0.23mm</td></tr><tr><td width=180 bgcolor =""#F0F0F0""><font size=""2"">対応プリンタ</td><td width=400><font size=""2""> インクジェット、カラーレーザー、モノクロレーザー、熱転写</td></tr><tr><td width=180 bgcolor =""#F0F0F0""><font size=""2"">対応インク</td><td width=400><font size=""2""> 顔料・染料</td></tr><tr><td width=180 bgcolor =""#F0F0F0""><font size=""2"">種類</td><td width=400><font size=""2"">その他OA用紙＞ CD・DVD用</td></tr></TABLE></font></TABLE></td></tr></table><style type=""text/css"">
<!--
.rakuten-camp {
	width: 725px;
	border: 2px solid #3399FF;
	padding-top: 5px;
	-moz-border-radius:4px; /*Firefox*/
	-webkit-border-radius: 4px; /*Safari,Chrome*/
	border-radius:4px; /*Opera,Chrome*/
	margin:0 10px 10px 0;
}

/* 価格に枠線がつく */
table#rakutenLimitedId_cart {
    background-color: #f8f8f8;
    border: 1px solid #ddd;
    padding: 8px;
    margin: 16px 0;
}

span.price1 {
    color: #333 !important;
    font-weight: bold;
    font-size: 80% !important;
    line-height: 30px;
    display: inline-block;
    margin-right: 16px;
}

-->
</style>

<!--バナーエリア-->

<!--【消すな！】★★★ height=""380"" で設定してください。★★★-->
<!--バナーエリアここまで-->

<!--楽天キャンペーン-->

<h2 style=""margin:20px 0 10px 0;""><img src=""http://www.rakuten.ne.jp/gold/akibamac/frame/images/rakuten_title2.gif"" alt=""楽天市場のお得なキャンペーン"" width=""730"" height=""42"" border=""0""></h2>
<div class=""rakuten-camp"" style=""margin:0 0 0 0;"">


<!--楽天キャンペーン@ここまで-->",A-oneCD/DVDインデックスカード 兼用タイプ マット紙 （A4変型・2面&times;25シート）　51220：ソフマップ　デジタルコレクション,ソフマップ デジタルコレクションSofmap Digital CollectionパソコンタブレットPCHDDアセンブリパーツパソコンパーツテレビゲームブルーレイソフトDVDソフト液晶テレビブルーレイディスクレコーダーデジタル一眼レフカメラデジタルカメラ家電時計中古　ソフトアウトレット中古ノートパソコン中古パソコンA-oneCD/DVDインデックスカード 兼用タイプ マット紙 （A4変型・2面&times;25シート）　51220,A-oneCD/DVDインデックスカード 兼用タイプ マット紙 （A4変型・2面&times;25シート）　51220
7-2797,http://tshop.r10s.jp/akibamac/cabinet/03301095/4953103171725.jpg?fitin=700:700,310.4000,,日用品雑貨・文房具・手芸 > 文房具・事務用品 > ラベル・ステッカー > ラベル用紙,ELECOM/エレコムフォト光沢 DVDラベル・ジャケットカードセット （A4・10シート）　EDT-KDVDM1,,"<table border=""0"" width="" 595"" id=""ItemInfo""><tr><td width=""100%""><font size=""2"">●DVDトールケースを飾る外装用カードが作れるDVDラベル・ジャケットカードセット（スリムケース専用）です。 デジカメ画像を色鮮やかに印刷できるフォト光沢紙で、両面印刷が可能です（裏面はマット調です）。 インクジェットプリンタ専用です。<br><br><TABLE border=""1"" cellspacing=""1"" cellpadding=""4"" width=""100%"" bordercolor=""#111111"" style=""border-collapse: collapse""><tr><td width=180 bgcolor =""#F0F0F0""><font size=""2"">色</td><td width=400><font size=""2""> ホワイト</td></tr><tr><td width=180 bgcolor =""#F0F0F0""><font size=""2"">シートサイズ</td><td width=400><font size=""2""> A4</td></tr><tr><td width=180 bgcolor =""#F0F0F0""><font size=""2"">入数</td><td width=400><font size=""2""> 10シート</td></tr><tr><td width=180 bgcolor =""#F0F0F0""><font size=""2"">紙厚</td><td width=400><font size=""2""> 0.155mm</td></tr><tr><td width=180 bgcolor =""#F0F0F0""><font size=""2"">紙質</td><td width=400><font size=""2""> フォト光沢用紙</td></tr><tr><td width=180 bgcolor =""#F0F0F0""><font size=""2"">対応プリンタ</td><td width=400><font size=""2""> インクジェットプリンタ</td></tr><tr><td width=180 bgcolor =""#F0F0F0""><font size=""2"">対応インク</td><td width=400><font size=""2""> 染料</td></tr></TABLE></font></TABLE></td></tr></table><style type=""text/css"">
<!--
.rakuten-camp {
	width: 725px;
	border: 2px solid #3399FF;
	padding-top: 5px;
	-moz-border-radius:4px; /*Firefox*/
	-webkit-border-radius: 4px; /*Safari,Chrome*/
	border-radius:4px; /*Opera,Chrome*/
	margin:0 10px 10px 0;
}

/* 価格に枠線がつく */
table#rakutenLimitedId_cart {
    background-color: #f8f8f8;
    border: 1px solid #ddd;
    padding: 8px;
    margin: 16px 0;
}

span.price1 {
    color: #333 !important;
    font-weight: bold;
    font-size: 80% !important;
    line-height: 30px;
    display: inline-block;
    margin-right: 16px;
}

-->
</style>

<!--バナーエリア-->

<!--【消すな！】★★★ height=""380"" で設定してください。★★★-->
<!--バナーエリアここまで-->

<!--楽天キャンペーン-->

<h2 style=""margin:20px 0 10px 0;""><img src=""http://www.rakuten.ne.jp/gold/akibamac/frame/images/rakuten_title2.gif"" alt=""楽天市場のお得なキャンペーン"" width=""730"" height=""42"" border=""0""></h2>
<div class=""rakuten-camp"" style=""margin:0 0 0 0;"">


<!--楽天キャンペーン@ここまで-->",ELECOM/エレコムフォト光沢 DVDラベル・ジャケットカードセット （A4・10シート）　EDT-KDVDM1：ソフマップ　デジタルコレクション,ソフマップ デジタルコレクションSofmap Digital CollectionパソコンタブレットPCHDDアセンブリパーツパソコンパーツテレビゲームブルーレイソフトDVDソフト液晶テレビブルーレイディスクレコーダーデジタル一眼レフカメラデジタルカメラ家電時計中古　ソフトアウトレット中古ノートパソコン中古パソコンELECOM/エレコムフォト光沢 DVDラベル・ジャケットカードセット （A4・10シート）　EDT-KDVDM1,ELECOM/エレコムフォト光沢 DVDラベル・ジャケットカードセット （A4・10シート）　EDT-KDVDM1
7-2798,http://tshop.r10s.jp/akibamac/cabinet/01790329/4969887423639.jpg?fitin=700:700,702.4000,,日用品雑貨・文房具・手芸 > 文房具・事務用品 > ラベル・ステッカー > ラベル用紙,サンワサプライLB-CDR013N50 (インクジェットフォト光沢DVD/CDラベル/内径17mm・フォト光沢） (LBCDR013N50),,"<table border=""0"" cellpadding=""0"" cellspacing=""0"" width=""710"" style=""line-height:140%;""><tr><td><font size=""2"">●DVD・CDを美しく完成させるオリジナルラベルがインクジェットで手軽に作れます。より広く印刷できる内径17mmタイプです。●写真がより美しく映える、ピカピカのつやのあるフォト光沢タイプで、写真画像を特に美しく表現します。●ラベルはドライブ内ではがれにくい強粘着タイプです。<br><br></font></td></tr></table><style type=""text/css"">
<!--
.rakuten-camp {
	width: 725px;
	border: 2px solid #3399FF;
	padding-top: 5px;
	-moz-border-radius:4px; /*Firefox*/
	-webkit-border-radius: 4px; /*Safari,Chrome*/
	border-radius:4px; /*Opera,Chrome*/
	margin:0 10px 10px 0;
}

/* 価格に枠線がつく */
table#rakutenLimitedId_cart {
    background-color: #f8f8f8;
    border: 1px solid #ddd;
    padding: 8px;
    margin: 16px 0;
}

span.price1 {
    color: #333 !important;
    font-weight: bold;
    font-size: 80% !important;
    line-height: 30px;
    display: inline-block;
    margin-right: 16px;
}

-->
</style>

<!--バナーエリア-->

<!--【消すな！】★★★ height=""380"" で設定してください。★★★-->
<!--バナーエリアここまで-->

<!--楽天キャンペーン-->

<h2 style=""margin:20px 0 10px 0;""><img src=""http://www.rakuten.ne.jp/gold/akibamac/frame/images/rakuten_title2.gif"" alt=""楽天市場のお得なキャンペーン"" width=""730"" height=""42"" border=""0""></h2>
<div class=""rakuten-camp"" style=""margin:0 0 0 0;"">


<!--楽天キャンペーン@ここまで-->",サンワサプライLB-CDR013N50 (インクジェットフォト光沢DVD/CDラベル/内径17mm・フォト光沢） (LBCDR013N50)：ソフマップ　デジタルコレクション,ソフマップ デジタルコレクションSofmap Digital CollectionパソコンタブレットPCHDDアセンブリパーツパソコンパーツテレビゲームブルーレイソフトDVDソフト液晶テレビブルーレイディスクレコーダーデジタル一眼レフカメラデジタルカメラ家電時計中古　ソフトアウトレット中古ノートパソコン中古パソコンサンワサプライLB-CDR013N50 (インクジェットフォト光沢DVD/CDラベル/内径17mm・フォト光沢） (LBCDR013N50),サンワサプライLB-CDR013N50 (インクジェットフォト光沢DVD/CDラベル/内径17mm・フォト光沢） (LBCDR013N50)
7-2799,http://tshop.r10s.jp/akibamac/cabinet/04002247/4906186291668.jpg?fitin=700:700,1259.2000,,日用品雑貨・文房具・手芸 > 文房具・事務用品 > ラベル・ステッカー > ラベル用紙,A-one29166 （CD/DVDラベル インクジェット専用タイプ/光沢紙タイプ/A4判変形2面CD/DVD内径小タイプ用/50シート入り）,,"<table border=""0"" cellpadding=""0"" cellspacing=""0"" width=""710"" style=""line-height:140%;""><tr><td><font size=""2"">内径が小さいので広々とデザインできます。ムダを省いた新設計のラベルレイアウトで経済的です。厳選された高品質のインクジェット光沢紙を使用。入り数：50シート（100片）。<br><br></font></td></tr></table><table cellspacing=""0"" cellpadding=""4"" border=""1"" width=""710"" bordercolor=""#cccccc""><tr><td width=""180"" bgcolor=""#efefef""><font size=""2"">種類</font></td><td width=""530""><font size=""2"">CD/DVDラベル</font></td></tr><tr><td width=""180"" bgcolor=""#efefef""><font size=""2"">サイズ</font></td><td width=""530""><font size=""2"">A4判変形</font></td></tr><tr><td width=""180"" bgcolor=""#efefef""><font size=""2"">用紙サイズ（寸法）</font></td><td width=""530""><font size=""2"">148×296mm</font></td></tr><tr><td width=""180"" bgcolor=""#efefef""><font size=""2"">枚数</font></td><td width=""530""><font size=""2"">50シート（100片）</font></td></tr><tr><td width=""180"" bgcolor=""#efefef""><font size=""2"">備考１</font></td><td width=""530""><font size=""2"">一片サイズ：φ118mm（外径）,φ17mm（内径）,面付：2面（1列×2段）</font></td></tr><tr><td width=""180"" bgcolor=""#efefef""><font size=""2"">備考2</font></td><td width=""530""><font size=""2"">素材：光沢コート紙,厚み：165g/平方メートル（0.18mm）</font></td></tr><tr><td width=""180"" bgcolor=""#efefef""><font size=""2"">備考3</font></td><td width=""530""><font size=""2"">インクジェットプリンタ対応（顔料インク対応）</font></td></tr></table><style type=""text/css"">
<!--
.rakuten-camp {
	width: 725px;
	border: 2px solid #3399FF;
	padding-top: 5px;
	-moz-border-radius:4px; /*Firefox*/
	-webkit-border-radius: 4px; /*Safari,Chrome*/
	border-radius:4px; /*Opera,Chrome*/
	margin:0 10px 10px 0;
}

/* 価格に枠線がつく */
table#rakutenLimitedId_cart {
    background-color: #f8f8f8;
    border: 1px solid #ddd;
    padding: 8px;
    margin: 16px 0;
}

span.price1 {
    color: #333 !important;
    font-weight: bold;
    font-size: 80% !important;
    line-height: 30px;
    display: inline-block;
    margin-right: 16px;
}

-->
</style>

<!--バナーエリア-->

<!--【消すな！】★★★ height=""380"" で設定してください。★★★-->
<!--バナーエリアここまで-->

<!--楽天キャンペーン-->

<h2 style=""margin:20px 0 10px 0;""><img src=""http://www.rakuten.ne.jp/gold/akibamac/frame/images/rakuten_title2.gif"" alt=""楽天市場のお得なキャンペーン"" width=""730"" height=""42"" border=""0""></h2>
<div class=""rakuten-camp"" style=""margin:0 0 0 0;"">


<!--楽天キャンペーン@ここまで-->",A-one29166 （CD/DVDラベル インクジェット専用タイプ/光沢紙タイプ/A4判変形2面CD/DVD内径小タイプ用/50シート入り）：ソフマップ　デジタルコレクション,ソフマップ デジタルコレクションSofmap Digital CollectionパソコンタブレットPCHDDアセンブリパーツパソコンパーツテレビゲームブルーレイソフトDVDソフト液晶テレビブルーレイディスクレコーダーデジタル一眼レフカメラデジタルカメラ家電時計中古　ソフトアウトレット中古ノートパソコン中古パソコンA-one29166 （CD/DVDラベル インクジェット専用タイプ/光沢紙タイプ/A4判変形2面CD/DVD内径小タイプ用/50シート入り）,A-one29166 （CD/DVDラベル インクジェット専用タイプ/光沢紙タイプ/A4判変形2面CD/DVD内径小タイプ用/50シート入り）
7-2800,http://tshop.r10s.jp/akibamac/cabinet/03301095/4953103096332.jpg?fitin=700:700,181.6000,,日用品雑貨・文房具・手芸 > 文房具・事務用品 > ラベル・ステッカー > ラベル用紙,ELECOM/エレコムDVDラベル （1面・20シート）　EDT-SDVD1S,,"<table border=""0"" width="" 595"" id=""ItemInfo""><tr><td width=""100%""><font size=""2"">●ツヤを抑えた落ち着いた仕上がりのマット調スーパーハイグレードタイプのDVDラベルです。内径17mmの内円小タイプなのでDVDいっぱいに印刷することができます。<br>●強粘着のりを採用したラベルで、剥がれにくく安心です。<br>●印刷のズレの有無や仕上がりを事前にチェックできるテストプリント用紙が1枚付いています。<br><br><TABLE border=""1"" cellspacing=""1"" cellpadding=""4"" width=""100%"" bordercolor=""#111111"" style=""border-collapse: collapse""><tr><td width=180 bgcolor =""#F0F0F0""><font size=""2"">シートサイズ</td><td width=400><font size=""2""> 148cm×148cm</td></tr><tr><td width=180 bgcolor =""#F0F0F0""><font size=""2"">面付き</td><td width=400><font size=""2""> 1面</td></tr><tr><td width=180 bgcolor =""#F0F0F0""><font size=""2"">一片サイズ</td><td width=400><font size=""2""> 直径116mm、内径17mm</td></tr><tr><td width=180 bgcolor =""#F0F0F0""><font size=""2"">入数</td><td width=400><font size=""2""> 20シート</td></tr><tr><td width=180 bgcolor =""#F0F0F0""><font size=""2"">紙厚</td><td width=400><font size=""2""> 0.21mm</td></tr><tr><td width=180 bgcolor =""#F0F0F0""><font size=""2"">紙質</td><td width=400><font size=""2""> マット調</td></tr><tr><td width=180 bgcolor =""#F0F0F0""><font size=""2"">対応プリンタ</td><td width=400><font size=""2""> インクジェットプリンタ</td></tr><tr><td width=180 bgcolor =""#F0F0F0""><font size=""2"">対応インク</td><td width=400><font size=""2""> 顔料・染料</td></tr><tr><td width=180 bgcolor =""#F0F0F0""><font size=""2"">種類</td><td width=400><font size=""2"">ラベル・タックシール＞ CD・DVD用</td></tr></TABLE></font></TABLE></td></tr></table><style type=""text/css"">
<!--
.rakuten-camp {
	width: 725px;
	border: 2px solid #3399FF;
	padding-top: 5px;
	-moz-border-radius:4px; /*Firefox*/
	-webkit-border-radius: 4px; /*Safari,Chrome*/
	border-radius:4px; /*Opera,Chrome*/
	margin:0 10px 10px 0;
}

/* 価格に枠線がつく */
table#rakutenLimitedId_cart {
    background-color: #f8f8f8;
    border: 1px solid #ddd;
    padding: 8px;
    margin: 16px 0;
}

span.price1 {
    color: #333 !important;
    font-weight: bold;
    font-size: 80% !important;
    line-height: 30px;
    display: inline-block;
    margin-right: 16px;
}

-->
</style>

<!--バナーエリア-->

<!--【消すな！】★★★ height=""380"" で設定してください。★★★-->
<!--バナーエリアここまで-->

<!--楽天キャンペーン-->

<h2 style=""margin:20px 0 10px 0;""><img src=""http://www.rakuten.ne.jp/gold/akibamac/frame/images/rakuten_title2.gif"" alt=""楽天市場のお得なキャンペーン"" width=""730"" height=""42"" border=""0""></h2>
<div class=""rakuten-camp"" style=""margin:0 0 0 0;"">


<!--楽天キャンペーン@ここまで-->",ELECOM/エレコムDVDラベル （1面・20シート）　EDT-SDVD1S：ソフマップ　デジタルコレクション,ソフマップ デジタルコレクションSofmap Digital CollectionパソコンタブレットPCHDDアセンブリパーツパソコンパーツテレビゲームブルーレイソフトDVDソフト液晶テレビブルーレイディスクレコーダーデジタル一眼レフカメラデジタルカメラ家電時計中古　ソフトアウトレット中古ノートパソコン中古パソコンELECOM/エレコムDVDラベル （1面・20シート）　EDT-SDVD1S,ELECOM/エレコムDVDラベル （1面・20シート）　EDT-SDVD1S
7-2801,http://tshop.r10s.jp/akibamac/cabinet/03301095/4953103096370.jpg?fitin=700:700,297.6000,,日用品雑貨・文房具・手芸 > 文房具・事務用品 > ラベル・ステッカー > ラベル用紙,ELECOM/エレコムDVDラベル （1面・20シート）　EDT-KUDVD1S,,"<table border=""0"" width="" 595"" id=""ItemInfo""><tr><td width=""100%""><font size=""2"">●デジカメ画像が色鮮やかに印刷できるフォト光沢タイプのDVDラベルです。<br>●表面特殊処理により下地の色や文字が透けません。<br>●印刷のズレの有無や仕上がりを事前にチェックできるテストプリント用紙が1枚付いています。<br><br><TABLE border=""1"" cellspacing=""1"" cellpadding=""4"" width=""100%"" bordercolor=""#111111"" style=""border-collapse: collapse""><tr><td width=180 bgcolor =""#F0F0F0""><font size=""2"">シートサイズ</td><td width=400><font size=""2""> 148cm×148cm</td></tr><tr><td width=180 bgcolor =""#F0F0F0""><font size=""2"">面付き</td><td width=400><font size=""2""> 1面</td></tr><tr><td width=180 bgcolor =""#F0F0F0""><font size=""2"">一片サイズ</td><td width=400><font size=""2""> 直径116mm、内径17mm</td></tr><tr><td width=180 bgcolor =""#F0F0F0""><font size=""2"">入数</td><td width=400><font size=""2""> 20シート</td></tr><tr><td width=180 bgcolor =""#F0F0F0""><font size=""2"">紙厚</td><td width=400><font size=""2""> 0.18mm</td></tr><tr><td width=180 bgcolor =""#F0F0F0""><font size=""2"">紙質</td><td width=400><font size=""2""> フォト光沢</td></tr><tr><td width=180 bgcolor =""#F0F0F0""><font size=""2"">対応プリンタ</td><td width=400><font size=""2""> インクジェットプリンタ</td></tr><tr><td width=180 bgcolor =""#F0F0F0""><font size=""2"">対応インク</td><td width=400><font size=""2""> 染料</td></tr><tr><td width=180 bgcolor =""#F0F0F0""><font size=""2"">種類</td><td width=400><font size=""2"">ラベル・タックシール＞ CD・DVD用</td></tr></TABLE></font></TABLE></td></tr></table><style type=""text/css"">
<!--
.rakuten-camp {
	width: 725px;
	border: 2px solid #3399FF;
	padding-top: 5px;
	-moz-border-radius:4px; /*Firefox*/
	-webkit-border-radius: 4px; /*Safari,Chrome*/
	border-radius:4px; /*Opera,Chrome*/
	margin:0 10px 10px 0;
}

/* 価格に枠線がつく */
table#rakutenLimitedId_cart {
    background-color: #f8f8f8;
    border: 1px solid #ddd;
    padding: 8px;
    margin: 16px 0;
}

span.price1 {
    color: #333 !important;
    font-weight: bold;
    font-size: 80% !important;
    line-height: 30px;
    display: inline-block;
    margin-right: 16px;
}

-->
</style>

<!--バナーエリア-->

<!--【消すな！】★★★ height=""380"" で設定してください。★★★-->
<!--バナーエリアここまで-->

<!--楽天キャンペーン-->

<h2 style=""margin:20px 0 10px 0;""><img src=""http://www.rakuten.ne.jp/gold/akibamac/frame/images/rakuten_title2.gif"" alt=""楽天市場のお得なキャンペーン"" width=""730"" height=""42"" border=""0""></h2>
<div class=""rakuten-camp"" style=""margin:0 0 0 0;"">


<!--楽天キャンペーン@ここまで-->",ELECOM/エレコムDVDラベル （1面・20シート）　EDT-KUDVD1S：ソフマップ　デジタルコレクション,ソフマップ デジタルコレクションSofmap Digital CollectionパソコンタブレットPCHDDアセンブリパーツパソコンパーツテレビゲームブルーレイソフトDVDソフト液晶テレビブルーレイディスクレコーダーデジタル一眼レフカメラデジタルカメラ家電時計中古　ソフトアウトレット中古ノートパソコン中古パソコンELECOM/エレコムDVDラベル （1面・20シート）　EDT-KUDVD1S,ELECOM/エレコムDVDラベル （1面・20シート）　EDT-KUDVD1S
