17-43414,http://tshop.r10s.jp/parts/cabinet/detail-s/sbg-sg960b.jpg?fitin=700:700,7702.4000,,車用品・バイク用品 > カー用品 > 外装パーツ > エアロパーツ > フロントグリル,Europarts(ユーロパーツ) キドニーグリル BMW 3シリーズ E90 後期 09-UP マットブラック,,"黒いキドニーがオシャレ！USではブラックキドニーが当たり前。BMWのドレスアップにはかかせないアイテムです。国内でもブレイク寸前の兆し。流行に敏感なBMWオーナーにはマストアイテムといっても過言ではないでしょう。<br><br>純正グリルを外して付け替えるだけで個性ある精悍な顔つきに変わります。専用設計なので取り付けも簡単です。<br><br>こちらの商品はマットブラック（艶消し黒）になります。<br><br>対応車種：BMW 3シリーズ E90/E91後期 09-UP<br><br>車検対応品<br><br>ボディパーツ | グリル<tr><td colspan=""2"">
<center><img src=""https://image.rakuten.co.jp/parts/cabinet/design/2017summertire2.jpg"" border=""0"" width=""800px""><br>
</td></tr></center>


<!--

<center>
<img src=""http://image.rakuten.co.jp/parts/cabinet/sale/201612ss_45_pc2.gif"" border=""0"" width=""800px"">
</center><br><br>
<center>
<img src=""http://image.rakuten.co.jp/parts/cabinet/sale/conbini201612pc.jpg"" border=""0"" width=""800px""
><br>

-->



<!--

<style type=""text/css"">
body{

background-image: url(""http://image.rakuten.co.jp/parts/cabinet/sale/36_shop_100x600.gif"");

background-repeat:repeat-y;
background-attachment:scroll;
background-position: right;

}
</style>-->",Europarts(ユーロパーツ) キドニーグリル BMW 3シリーズ E90 後期 09-UP マットブラック：ＰＡＲＴＳ,ヘッドライトテールライトコーナーライトサイドマーカーカーボンアンテナドアミラーエアロメーターパネルリップスポイラーウイングホイールカバーペダル車高調ブレーキドライブレコーダーワイパーグリルボンネットローダウンEuroparts(ユーロパーツ) キドニーグリル BMW 3シリーズ E90 後期 09-UP マットブラック,Europarts(ユーロパーツ) キドニーグリル BMW 3シリーズ E90 後期 09-UP マットブラック[rn]
17-43415,http://tshop.r10s.jp/parts/cabinet/detail-aa74/aa74-as001.jpg?fitin=700:700,23999.2000,,車用品・バイク用品 > カー用品 > 外装パーツ > エアロパーツ > フロントグリル,Takeros(タケローズ)200系ハイエース フロントグリル,,"ワゴンをもっとスポーティーに！　ただ走るだけのワゴンじゃツマラナイとお考えのユーザーにおススメな、タケローズのエアロシリーズ。 <br>通称「スーパーラップオデッセイ」で筑波スーパーラップでミニバン最速ラップ更新するなど、走ることへ積極的なタケローズならではのデザインは走りを忘れられないワゴン・ミニバンユーザーの期待を裏切りません。<br>素材：ＦＲＰ製　注意）未塗装のため塗装が必要となります。 <br>対応車種： 200系ハイエース ワイド <br>　<br>ボディパーツ/グリル<tr><td colspan=""2"">
<center><img src=""https://image.rakuten.co.jp/parts/cabinet/design/2017summertire2.jpg"" border=""0"" width=""800px""><br>
</td></tr></center>


<!--

<center>
<img src=""http://image.rakuten.co.jp/parts/cabinet/sale/201612ss_45_pc2.gif"" border=""0"" width=""800px"">
</center><br><br>
<center>
<img src=""http://image.rakuten.co.jp/parts/cabinet/sale/conbini201612pc.jpg"" border=""0"" width=""800px""
><br>

-->



<!--

<style type=""text/css"">
body{

background-image: url(""http://image.rakuten.co.jp/parts/cabinet/sale/36_shop_100x600.gif"");

background-repeat:repeat-y;
background-attachment:scroll;
background-position: right;

}
</style>-->",Takeros(タケローズ)200系ハイエース フロントグリル：ＰＡＲＴＳ,ヘッドライトテールライトコーナーライトサイドマーカーカーボンアンテナドアミラーエアロメーターパネルリップスポイラーウイングホイールカバーペダル車高調ブレーキドライブレコーダーワイパーグリルボンネットローダウンTakeros(タケローズ)200系ハイエース フロントグリル,Takeros(タケローズ)200系ハイエース フロントグリル[rn]
17-43416,http://tshop.r10s.jp/parts/cabinet/detail-aa39/aa39-sls003.jpg?fitin=700:700,24320.0000,,車用品・バイク用品 > カー用品 > 外装パーツ > エアロパーツ > フロントグリル,SKIPPER(スキッパー) スキッパー SKPDEZIGN SLS LEXUS LS460 インレットグリル,　,"LAラクジュアリースタリルならスキッパー。そんなスキッパーのオリジナルエアロなら、高級感漂うムードを演出してくれるはず。　Text by　A.T <br><br>※お車や状況によっては取り付けに加工を要する場合が御座います。 <br>対応車種：LEXUS LS460 <br>　車検対応品<br>ボディパーツ/グリル<tr><td colspan=""2"">
<center><img src=""https://image.rakuten.co.jp/parts/cabinet/design/2017summertire2.jpg"" border=""0"" width=""800px""><br>
</td></tr></center>


<!--

<center>
<img src=""http://image.rakuten.co.jp/parts/cabinet/sale/201612ss_45_pc2.gif"" border=""0"" width=""800px"">
</center><br><br>
<center>
<img src=""http://image.rakuten.co.jp/parts/cabinet/sale/conbini201612pc.jpg"" border=""0"" width=""800px""
><br>

-->



<!--

<style type=""text/css"">
body{

background-image: url(""http://image.rakuten.co.jp/parts/cabinet/sale/36_shop_100x600.gif"");

background-repeat:repeat-y;
background-attachment:scroll;
background-position: right;

}
</style>-->",SKIPPER(スキッパー) スキッパー SKPDEZIGN SLS LEXUS LS460 インレットグリル：ＰＡＲＴＳ,ヘッドライトテールライトコーナーライトサイドマーカーカーボンアンテナドアミラーエアロメーターパネルリップスポイラーウイングホイールカバーペダル車高調ブレーキドライブレコーダーワイパーグリルボンネットローダウンSKIPPER(スキッパー) スキッパー SKPDEZIGN SLS LEXUS LS460 インレットグリル,　。SKIPPER(スキッパー) スキッパー SKPDEZIGN SLS LEXUS LS460 インレットグリル[rn]
17-43417,http://tshop.r10s.jp/parts/cabinet/detail-s/sbgcr-b87.jpg?fitin=700:700,5376.0000,,車用品・バイク用品 > カー用品 > 外装パーツ > エアロパーツ > フロントグリル,Europarts(ユーロパーツ) Mグリル クローム BMW E87 1シリーズ前期,アウトレット！　,"よりゴージャスさを求めるオーナーに！キドニーグリルのふちだけクロームじゃ物足りないBMWオーナーに朗報。純正グリルを外して付け替えるだけで、物足りなさから一遍してラグジュアリーな面持ちを見せるアイテムです。<br><br>純正グリルを外して付け替えるだけで個性ある精悍な顔つきに変わります。専用設計なので取り付けも簡単です。<br><br><br><br>対応車種：04-07/05 BMW E87 1シリーズ前期<br><br>車検対応品<br><br>ボディパーツ | グリル<tr><td colspan=""2"">
<center><img src=""https://image.rakuten.co.jp/parts/cabinet/design/2017summertire2.jpg"" border=""0"" width=""800px""><br>
</td></tr></center>


<!--

<center>
<img src=""http://image.rakuten.co.jp/parts/cabinet/sale/201612ss_45_pc2.gif"" border=""0"" width=""800px"">
</center><br><br>
<center>
<img src=""http://image.rakuten.co.jp/parts/cabinet/sale/conbini201612pc.jpg"" border=""0"" width=""800px""
><br>

-->



<!--

<style type=""text/css"">
body{

background-image: url(""http://image.rakuten.co.jp/parts/cabinet/sale/36_shop_100x600.gif"");

background-repeat:repeat-y;
background-attachment:scroll;
background-position: right;

}
</style>-->",Europarts(ユーロパーツ) Mグリル クローム BMW E87 1シリーズ前期：ＰＡＲＴＳ,ヘッドライトテールライトコーナーライトサイドマーカーカーボンアンテナドアミラーエアロメーターパネルリップスポイラーウイングホイールカバーペダル車高調ブレーキドライブレコーダーワイパーグリルボンネットローダウンEuroparts(ユーロパーツ) Mグリル クローム BMW E87 1シリーズ前期,アウトレット！　。Europarts(ユーロパーツ) Mグリル クローム BMW E87 1シリーズ前期[rn]
17-43418,http://tshop.r10s.jp/parts/cabinet/detail-g/gbg-th200crh.jpg?fitin=700:700,6534.4000,,車用品・バイク用品 > カー用品 > 外装パーツ > エアロパーツ > フロントグリル,Europarts(ユーロパーツ) クロームメッシュグリル 200系 ハイエース 標準,,"精悍な顔つきの200系ハイエースのイメージを決めるメッキグリル！！純正グリルをはずして取り替えるだけで非常にイメージが変わります。こちらの商品のセンター部はメッキ地にパンチング状の穴が開いており、精悍かつスポーティーな仕上げになっております。また、ディーゼル車の場合、インタークーラーへのエアー誘導等、冷却効果も期待できます。<br><br>■純正交換タイプ　<br><br><br><br>対応車種：200系 ハイエース/レジアスエース　※2010年以降の車輌には取り付け不可。<br><br>車検対応品<br><br>ボディパーツ | グリル<tr><td colspan=""2"">
<center><img src=""https://image.rakuten.co.jp/parts/cabinet/design/2017summertire2.jpg"" border=""0"" width=""800px""><br>
</td></tr></center>


<!--

<center>
<img src=""http://image.rakuten.co.jp/parts/cabinet/sale/201612ss_45_pc2.gif"" border=""0"" width=""800px"">
</center><br><br>
<center>
<img src=""http://image.rakuten.co.jp/parts/cabinet/sale/conbini201612pc.jpg"" border=""0"" width=""800px""
><br>

-->



<!--

<style type=""text/css"">
body{

background-image: url(""http://image.rakuten.co.jp/parts/cabinet/sale/36_shop_100x600.gif"");

background-repeat:repeat-y;
background-attachment:scroll;
background-position: right;

}
</style>-->",Europarts(ユーロパーツ) クロームメッシュグリル 200系 ハイエース 標準：ＰＡＲＴＳ,ヘッドライトテールライトコーナーライトサイドマーカーカーボンアンテナドアミラーエアロメーターパネルリップスポイラーウイングホイールカバーペダル車高調ブレーキドライブレコーダーワイパーグリルボンネットローダウンEuroparts(ユーロパーツ) クロームメッシュグリル 200系 ハイエース 標準,Europarts(ユーロパーツ) クロームメッシュグリル 200系 ハイエース 標準[rn]
17-43419,http://tshop.r10s.jp/parts/cabinet/detail-aa95/aa95-00644198.jpg?fitin=700:700,26666.4000,,車用品・バイク用品 > カー用品 > 外装パーツ > エアロパーツ > フロントグリル,KAMEI スポーツグリル 04-UP VW ゴルフトゥーラン  (1T),,"1952年に自動車史上初のフロントリップスポイラーを発表して以来、歴史と共に育んできた商品開発力とクオリティーは純正オプションに採用されるまでにも至っているドイツの老舗ブランド、KAMEI（カーマイ） <br><br>KAMEIの定番アイテムの1つ、スポーツグリル。愛車をスポーティーにイメージチェンジ！　フィッティングもよく取付けも容易なのでおススメです。<br><br>材質：ABS樹脂　　※未塗装 <br><br>対応車種：04-UP VW ゴルフトゥーラン  (1T) <br><br>車検対応品<br><br>ボディパーツ/グリル<BR>※こちらの商品は代引き不可です<tr><td colspan=""2"">
<center><img src=""https://image.rakuten.co.jp/parts/cabinet/design/2017summertire2.jpg"" border=""0"" width=""800px""><br>
</td></tr></center>


<!--

<center>
<img src=""http://image.rakuten.co.jp/parts/cabinet/sale/201612ss_45_pc2.gif"" border=""0"" width=""800px"">
</center><br><br>
<center>
<img src=""http://image.rakuten.co.jp/parts/cabinet/sale/conbini201612pc.jpg"" border=""0"" width=""800px""
><br>

-->



<!--

<style type=""text/css"">
body{

background-image: url(""http://image.rakuten.co.jp/parts/cabinet/sale/36_shop_100x600.gif"");

background-repeat:repeat-y;
background-attachment:scroll;
background-position: right;

}
</style>-->",KAMEI スポーツグリル 04-UP VW ゴルフトゥーラン  (1T)：ＰＡＲＴＳ,ヘッドライトテールライトコーナーライトサイドマーカーカーボンアンテナドアミラーエアロメーターパネルリップスポイラーウイングホイールカバーペダル車高調ブレーキドライブレコーダーワイパーグリルボンネットローダウンKAMEI スポーツグリル 04-UP VW ゴルフトゥーラン  (1T),KAMEI スポーツグリル 04-UP VW ゴルフトゥーラン  (1T)[rn]
17-43420,http://tshop.r10s.jp/parts/cabinet/detail-aa95/aa95-00644190.jpg?fitin=700:700,13714.4000,,車用品・バイク用品 > カー用品 > 外装パーツ > エアロパーツ > フロントグリル,KAMEI スポーツグリル 90-96 VW パサート (3A後期),,"1952年に自動車史上初のフロントリップスポイラーを発表して以来、歴史と共に育んできた商品開発力とクオリティーは純正オプションに採用されるまでにも至っているドイツの老舗ブランド、KAMEI（カーマイ） <br><br>KAMEIの定番アイテムの1つ、スポーツグリル。愛車をスポーティーにイメージチェンジ！　フィッティングもよく取付けも容易なのでおススメです。<br><br>材質：ABS樹脂　　※未塗装 <br><br>対応車種：90-96 VW パサート (3A後期) <br><br>車検対応品<br><br>ボディパーツ/グリル<BR>※こちらの商品は代引き不可です<tr><td colspan=""2"">
<center><img src=""https://image.rakuten.co.jp/parts/cabinet/design/2017summertire2.jpg"" border=""0"" width=""800px""><br>
</td></tr></center>


<!--

<center>
<img src=""http://image.rakuten.co.jp/parts/cabinet/sale/201612ss_45_pc2.gif"" border=""0"" width=""800px"">
</center><br><br>
<center>
<img src=""http://image.rakuten.co.jp/parts/cabinet/sale/conbini201612pc.jpg"" border=""0"" width=""800px""
><br>

-->



<!--

<style type=""text/css"">
body{

background-image: url(""http://image.rakuten.co.jp/parts/cabinet/sale/36_shop_100x600.gif"");

background-repeat:repeat-y;
background-attachment:scroll;
background-position: right;

}
</style>-->",KAMEI スポーツグリル 90-96 VW パサート (3A後期)：ＰＡＲＴＳ,ヘッドライトテールライトコーナーライトサイドマーカーカーボンアンテナドアミラーエアロメーターパネルリップスポイラーウイングホイールカバーペダル車高調ブレーキドライブレコーダーワイパーグリルボンネットローダウンKAMEI スポーツグリル 90-96 VW パサート (3A後期),KAMEI スポーツグリル 90-96 VW パサート (3A後期)[rn]
17-43421,http://tshop.r10s.jp/parts/cabinet/detail-aa05/aa05-8030es92.jpg?fitin=700:700,37440.0000,,車用品・バイク用品 > カー用品 > 外装パーツ > エアロパーツ > フロントグリル,【送料無料】ARQRAY(アーキュレー) BMW E60 5シリーズ ブラックキドニィグリルカバー,アーキュレー製品全品送料無料！　,"純正キドニィグリルの上に被せるカーボン製のグリルカバーです。両面テープで簡単に取付けできます。 <br>フロントマスクのイメージチェンジにいかがでしょうか！<br>材質： ブラックカーボン  <br>適合車種： BMW E60  M5   <br>　<br>ボディパーツ/グリル<tr><td colspan=""2"">
<center><img src=""https://image.rakuten.co.jp/parts/cabinet/design/2017summertire2.jpg"" border=""0"" width=""800px""><br>
</td></tr></center>


<!--

<center>
<img src=""http://image.rakuten.co.jp/parts/cabinet/sale/201612ss_45_pc2.gif"" border=""0"" width=""800px"">
</center><br><br>
<center>
<img src=""http://image.rakuten.co.jp/parts/cabinet/sale/conbini201612pc.jpg"" border=""0"" width=""800px""
><br>

-->



<!--

<style type=""text/css"">
body{

background-image: url(""http://image.rakuten.co.jp/parts/cabinet/sale/36_shop_100x600.gif"");

background-repeat:repeat-y;
background-attachment:scroll;
background-position: right;

}
</style>-->",【送料無料】ARQRAY(アーキュレー) BMW E60 5シリーズ ブラックキドニィグリルカバー：ＰＡＲＴＳ,ヘッドライトテールライトコーナーライトサイドマーカーカーボンアンテナドアミラーエアロメーターパネルリップスポイラーウイングホイールカバーペダル車高調ブレーキドライブレコーダーワイパーグリルボンネットローダウン【送料無料】ARQRAY(アーキュレー) BMW E60 5シリーズ ブラックキドニィグリルカバー,アーキュレー製品全品送料無料！　。【送料無料】ARQRAY(アーキュレー) BMW E60 5シリーズ ブラックキドニィグリルカバー[rn]
17-43422,http://tshop.r10s.jp/parts/cabinet/detail-aa74/aa74-009004.jpg?fitin=700:700,22400.0000,,車用品・バイク用品 > カー用品 > 外装パーツ > エアロパーツ > フロントグリル,Takeros(タケローズ)W30 ラルゴ フロントグリル,,"ワゴンをもっとスポーティーに！　ただ走るだけのワゴンじゃツマラナイとお考えのユーザーにおススメな、タケローズのエアロシリーズ。 <br>通称「スーパーラップオデッセイ」で筑波スーパーラップでミニバン最速ラップ更新するなど、走ることへ積極的なタケローズならではのデザインは走りを忘れられないワゴン・ミニバンユーザーの期待を裏切りません。　<br>素材：ＦＲＰ製　注意）未塗装のため塗装が必要となります。 <br>対応車種： W30 ラルゴ <br>　<br>ボディパーツ/グリル<tr><td colspan=""2"">
<center><img src=""https://image.rakuten.co.jp/parts/cabinet/design/2017summertire2.jpg"" border=""0"" width=""800px""><br>
</td></tr></center>


<!--

<center>
<img src=""http://image.rakuten.co.jp/parts/cabinet/sale/201612ss_45_pc2.gif"" border=""0"" width=""800px"">
</center><br><br>
<center>
<img src=""http://image.rakuten.co.jp/parts/cabinet/sale/conbini201612pc.jpg"" border=""0"" width=""800px""
><br>

-->



<!--

<style type=""text/css"">
body{

background-image: url(""http://image.rakuten.co.jp/parts/cabinet/sale/36_shop_100x600.gif"");

background-repeat:repeat-y;
background-attachment:scroll;
background-position: right;

}
</style>-->",Takeros(タケローズ)W30 ラルゴ フロントグリル：ＰＡＲＴＳ,ヘッドライトテールライトコーナーライトサイドマーカーカーボンアンテナドアミラーエアロメーターパネルリップスポイラーウイングホイールカバーペダル車高調ブレーキドライブレコーダーワイパーグリルボンネットローダウンTakeros(タケローズ)W30 ラルゴ フロントグリル,Takeros(タケローズ)W30 ラルゴ フロントグリル[rn]
17-43423,http://tshop.r10s.jp/parts/cabinet/detail-aa86/aa86-gdba.jpg?fitin=700:700,23200.0000,,車用品・バイク用品 > カー用品 > 外装パーツ > エアロパーツ > フロントグリル,LIBERAL フロントグリル　ＧＤＢ　インプレッサ　Ａ／Ｂ型,,"大人の為のスポーティエレガンスがキーポイントの「アルベロ」から、よりアクティブなスタイリッシュフォルム最新エアロダイナミズムを実現した「リベラル」 <br><br>※取り付けに関しては、お車の状態などにより加工が必要になる場合も御座います。 <br>対応車種：ＧＤＢ　インプレッサ　Ａ／Ｂ型 <br>　車検対応品<br>ボディパーツ/グリル<BR>※こちらの商品は代引き不可です<tr><td colspan=""2"">
<center><img src=""https://image.rakuten.co.jp/parts/cabinet/design/2017summertire2.jpg"" border=""0"" width=""800px""><br>
</td></tr></center>


<!--

<center>
<img src=""http://image.rakuten.co.jp/parts/cabinet/sale/201612ss_45_pc2.gif"" border=""0"" width=""800px"">
</center><br><br>
<center>
<img src=""http://image.rakuten.co.jp/parts/cabinet/sale/conbini201612pc.jpg"" border=""0"" width=""800px""
><br>

-->



<!--

<style type=""text/css"">
body{

background-image: url(""http://image.rakuten.co.jp/parts/cabinet/sale/36_shop_100x600.gif"");

background-repeat:repeat-y;
background-attachment:scroll;
background-position: right;

}
</style>-->",LIBERAL フロントグリル　ＧＤＢ　インプレッサ　Ａ／Ｂ型：ＰＡＲＴＳ,ヘッドライトテールライトコーナーライトサイドマーカーカーボンアンテナドアミラーエアロメーターパネルリップスポイラーウイングホイールカバーペダル車高調ブレーキドライブレコーダーワイパーグリルボンネットローダウンLIBERAL フロントグリル　ＧＤＢ　インプレッサ　Ａ／Ｂ型,LIBERAL フロントグリル　ＧＤＢ　インプレッサ　Ａ／Ｂ型[rn]
17-43424,http://tshop.r10s.jp/parts/cabinet/detail-s/sbgcr-b53.jpg?fitin=700:700,7466.4000,,車用品・バイク用品 > カー用品 > 外装パーツ > エアロパーツ > フロントグリル,Europarts(ユーロパーツ) Mグリル クローム BMW E53 X5 00-03,　,"よりゴージャスさを求めるオーナーに！キドニーグリルのふちだけクロームじゃ物足りないBMWオーナーに朗報。純正グリルを外して付け替えるだけで、物足りなさから一遍してラグジュアリーな面持ちを見せるアイテムです。 <br>純正グリルを外して付け替えるだけで個性ある精悍な顔つきに変わります。専用設計なので取り付けも簡単です。<br> <br>対応車種：00-06 BMW E53 X5シリーズ <br>　車検対応品<br>ボディパーツ/グリル<tr><td colspan=""2"">
<center><img src=""https://image.rakuten.co.jp/parts/cabinet/design/2017summertire2.jpg"" border=""0"" width=""800px""><br>
</td></tr></center>


<!--

<center>
<img src=""http://image.rakuten.co.jp/parts/cabinet/sale/201612ss_45_pc2.gif"" border=""0"" width=""800px"">
</center><br><br>
<center>
<img src=""http://image.rakuten.co.jp/parts/cabinet/sale/conbini201612pc.jpg"" border=""0"" width=""800px""
><br>

-->



<!--

<style type=""text/css"">
body{

background-image: url(""http://image.rakuten.co.jp/parts/cabinet/sale/36_shop_100x600.gif"");

background-repeat:repeat-y;
background-attachment:scroll;
background-position: right;

}
</style>-->",Europarts(ユーロパーツ) Mグリル クローム BMW E53 X5 00-03：ＰＡＲＴＳ,ヘッドライトテールライトコーナーライトサイドマーカーカーボンアンテナドアミラーエアロメーターパネルリップスポイラーウイングホイールカバーペダル車高調ブレーキドライブレコーダーワイパーグリルボンネットローダウンEuroparts(ユーロパーツ) Mグリル クローム BMW E53 X5 00-03,　。Europarts(ユーロパーツ) Mグリル クローム BMW E53 X5 00-03[rn]
17-43425,http://tshop.r10s.jp/parts/cabinet/detail-s/sbg-sg784b.jpg?fitin=700:700,7331.2000,,車用品・バイク用品 > カー用品 > 外装パーツ > エアロパーツ > フロントグリル,Europarts(ユーロパーツ) キドニーグリル BMW 3シリーズ クーペ E92 07-UP マットブラック,,"黒いキドニーがオシャレ！USではブラックキドニーが当たり前。BMWのドレスアップにはかかせないアイテムです。国内でもブレイク寸前の兆し。流行に敏感なBMWオーナーにはマストアイテムといっても過言ではないでしょう。<br><br>純正グリルを外して付け替えるだけで個性ある精悍な顔つきに変わります。専用設計なので取り付けも簡単です。<br><br>こちらの商品はマットブラック（艶消し黒）になります。<br><br>BMW 3シリーズ クーペ E92 07-UP<br><br>車検対応品<br><br>ボディパーツ | グリル<tr><td colspan=""2"">
<center><img src=""https://image.rakuten.co.jp/parts/cabinet/design/2017summertire2.jpg"" border=""0"" width=""800px""><br>
</td></tr></center>


<!--

<center>
<img src=""http://image.rakuten.co.jp/parts/cabinet/sale/201612ss_45_pc2.gif"" border=""0"" width=""800px"">
</center><br><br>
<center>
<img src=""http://image.rakuten.co.jp/parts/cabinet/sale/conbini201612pc.jpg"" border=""0"" width=""800px""
><br>

-->



<!--

<style type=""text/css"">
body{

background-image: url(""http://image.rakuten.co.jp/parts/cabinet/sale/36_shop_100x600.gif"");

background-repeat:repeat-y;
background-attachment:scroll;
background-position: right;

}
</style>-->",Europarts(ユーロパーツ) キドニーグリル BMW 3シリーズ クーペ E92 07-UP マットブラック：ＰＡＲＴＳ,ヘッドライトテールライトコーナーライトサイドマーカーカーボンアンテナドアミラーエアロメーターパネルリップスポイラーウイングホイールカバーペダル車高調ブレーキドライブレコーダーワイパーグリルボンネットローダウンEuroparts(ユーロパーツ) キドニーグリル BMW 3シリーズ クーペ E92 07-UP マットブラック,Europarts(ユーロパーツ) キドニーグリル BMW 3シリーズ クーペ E92 07-UP マットブラック[rn]
17-43426,http://tshop.r10s.jp/parts/cabinet/detail-g/gbg-ovcbbk.jpg?fitin=700:700,3865.6000,,車用品・バイク用品 > カー用品 > 外装パーツ > エアロパーツ > フロントグリル,Europarts(ユーロパーツ) マークレスグリル 95-01 オペル ベクトラB,　,"冷却効果考えたデザイン。グリルネット付きでレーシーにそのまま使用してもＯＫです。塗装もできるのでクールにドレスアップも可能です。 <br>強度・耐久性も抜群です。車種別専用設計なので取り付けも容易で、お手軽にドレスアップできるのも魅力です。<br>カラー：ブラック　　材質：ABS製 <br>対応車種：95-01 オペル ベクトラB <br>　車検対応品<br>ボディパーツ/グリル<tr><td colspan=""2"">
<center><img src=""https://image.rakuten.co.jp/parts/cabinet/design/2017summertire2.jpg"" border=""0"" width=""800px""><br>
</td></tr></center>


<!--

<center>
<img src=""http://image.rakuten.co.jp/parts/cabinet/sale/201612ss_45_pc2.gif"" border=""0"" width=""800px"">
</center><br><br>
<center>
<img src=""http://image.rakuten.co.jp/parts/cabinet/sale/conbini201612pc.jpg"" border=""0"" width=""800px""
><br>

-->



<!--

<style type=""text/css"">
body{

background-image: url(""http://image.rakuten.co.jp/parts/cabinet/sale/36_shop_100x600.gif"");

background-repeat:repeat-y;
background-attachment:scroll;
background-position: right;

}
</style>-->",Europarts(ユーロパーツ) マークレスグリル 95-01 オペル ベクトラB：ＰＡＲＴＳ,ヘッドライトテールライトコーナーライトサイドマーカーカーボンアンテナドアミラーエアロメーターパネルリップスポイラーウイングホイールカバーペダル車高調ブレーキドライブレコーダーワイパーグリルボンネットローダウンEuroparts(ユーロパーツ) マークレスグリル 95-01 オペル ベクトラB,　。Europarts(ユーロパーツ) マークレスグリル 95-01 オペル ベクトラB[rn]
17-43427,http://tshop.r10s.jp/parts/cabinet/detail-d/drbgcb-hcvr06.jpg?fitin=700:700,23938.4000,,車用品・バイク用品 > カー用品 > 外装パーツ > エアロパーツ > フロントグリル,DangunRacing フロントグリル ブラックペイント仕上 FD2 シビック タイプR,　〔代引不可〕,"２０１０年オートメッセ大阪で発表されたダングンレーシングのボディーキット。グリル内のアッパーラインとＨＯＮＤＡバッジを取り払ったマークレスグリル。フェイスの整流フィンも削ってシンプルに成型されているため、フロントフードからのラインも違和感なくレーシーに仕上がります。 <br>フラットブラックのハニカムグリルネットも付属。ブラックペイント仕上げです。<br>●材質：FRP製　　ブラックゲルコート仕上　　※写真はカーボンです。実際の商品はブラックペイント仕上げです。 <br>対応車種： FD2 シビック タイプR <br>　車検対応品<br>ボディパーツ/グリル<tr><td colspan=""2"">
<center><img src=""https://image.rakuten.co.jp/parts/cabinet/design/2017summertire2.jpg"" border=""0"" width=""800px""><br>
</td></tr></center>


<!--

<center>
<img src=""http://image.rakuten.co.jp/parts/cabinet/sale/201612ss_45_pc2.gif"" border=""0"" width=""800px"">
</center><br><br>
<center>
<img src=""http://image.rakuten.co.jp/parts/cabinet/sale/conbini201612pc.jpg"" border=""0"" width=""800px""
><br>

-->



<!--

<style type=""text/css"">
body{

background-image: url(""http://image.rakuten.co.jp/parts/cabinet/sale/36_shop_100x600.gif"");

background-repeat:repeat-y;
background-attachment:scroll;
background-position: right;

}
</style>-->",DangunRacing フロントグリル ブラックペイント仕上 FD2 シビック タイプR：ＰＡＲＴＳ,ヘッドライトテールライトコーナーライトサイドマーカーカーボンアンテナドアミラーエアロメーターパネルリップスポイラーウイングホイールカバーペダル車高調ブレーキドライブレコーダーワイパーグリルボンネットローダウンDangunRacing フロントグリル ブラックペイント仕上 FD2 シビック タイプR,　〔代引不可〕。DangunRacing フロントグリル ブラックペイント仕上 FD2 シビック タイプR[rn]
17-43428,http://tshop.r10s.jp/parts/cabinet/detail-aa87/aa87-f50001.jpg?fitin=700:700,56000.0000,,車用品・バイク用品 > カー用品 > 外装パーツ > エアロパーツ > フロントグリル,GENUINE PARTS インフィニティ　Ｑ４５／シーマ Ｆ５０ ＵＳフロントグリル,　,"ＩＮＦＩＮＩＴＩ　純正ＵＳフロントグリルです。 <br>※インフィニティマーク入りです。<br> <br>対応車種：ＩＮＦＩＮＩＴＩ　Ｑ４５　／　ニッサン　シーマＦ５０ <br>　車検対応品<br>ボディパーツ/グリル<tr><td colspan=""2"">
<center><img src=""https://image.rakuten.co.jp/parts/cabinet/design/2017summertire2.jpg"" border=""0"" width=""800px""><br>
</td></tr></center>


<!--

<center>
<img src=""http://image.rakuten.co.jp/parts/cabinet/sale/201612ss_45_pc2.gif"" border=""0"" width=""800px"">
</center><br><br>
<center>
<img src=""http://image.rakuten.co.jp/parts/cabinet/sale/conbini201612pc.jpg"" border=""0"" width=""800px""
><br>

-->



<!--

<style type=""text/css"">
body{

background-image: url(""http://image.rakuten.co.jp/parts/cabinet/sale/36_shop_100x600.gif"");

background-repeat:repeat-y;
background-attachment:scroll;
background-position: right;

}
</style>-->",GENUINE PARTS インフィニティ　Ｑ４５／シーマ Ｆ５０ ＵＳフロントグリル：ＰＡＲＴＳ,ヘッドライトテールライトコーナーライトサイドマーカーカーボンアンテナドアミラーエアロメーターパネルリップスポイラーウイングホイールカバーペダル車高調ブレーキドライブレコーダーワイパーグリルボンネットローダウンGENUINE PARTS インフィニティ　Ｑ４５／シーマ Ｆ５０ ＵＳフロントグリル,　。GENUINE PARTS インフィニティ　Ｑ４５／シーマ Ｆ５０ ＵＳフロントグリル[rn]
17-43429,http://tshop.r10s.jp/parts/cabinet/detail-s/sbg-sg349sb.jpg?fitin=700:700,6776.0000,,車用品・バイク用品 > カー用品 > 外装パーツ > エアロパーツ > フロントグリル,Europarts(ユーロパーツ) キドニーグリル BMW 5シリーズ E60/E61 Mルック 05-10 グロスブラック,,"黒いキドニーがオシャレ！USではブラックキドニーが当たり前。BMWのドレスアップにはかかせないアイテムです。国内でもブレイク寸前の兆し。流行に敏感なBMWオーナーにはマストアイテムといっても過言ではないでしょう。<br><br>純正グリルを外して付け替えるだけで個性ある精悍な顔つきに変わります。専用設計なので取り付けも簡単です。<br><br>こちらの商品はグロスブラック（艶のある黒）になります。<br><br>対応車種：BMW 5シリーズ E60セダン/E61ツーリング 05-10<br><br>車検対応品<br><br>ボディパーツ | グリル<tr><td colspan=""2"">
<center><img src=""https://image.rakuten.co.jp/parts/cabinet/design/2017summertire2.jpg"" border=""0"" width=""800px""><br>
</td></tr></center>


<!--

<center>
<img src=""http://image.rakuten.co.jp/parts/cabinet/sale/201612ss_45_pc2.gif"" border=""0"" width=""800px"">
</center><br><br>
<center>
<img src=""http://image.rakuten.co.jp/parts/cabinet/sale/conbini201612pc.jpg"" border=""0"" width=""800px""
><br>

-->



<!--

<style type=""text/css"">
body{

background-image: url(""http://image.rakuten.co.jp/parts/cabinet/sale/36_shop_100x600.gif"");

background-repeat:repeat-y;
background-attachment:scroll;
background-position: right;

}
</style>-->",Europarts(ユーロパーツ) キドニーグリル BMW 5シリーズ E60/E61 Mルック 05-10 グロスブラック：ＰＡＲＴＳ,ヘッドライトテールライトコーナーライトサイドマーカーカーボンアンテナドアミラーエアロメーターパネルリップスポイラーウイングホイールカバーペダル車高調ブレーキドライブレコーダーワイパーグリルボンネットローダウンEuroparts(ユーロパーツ) キドニーグリル BMW 5シリーズ E60/E61 Mルック 05-10 グロスブラック,Europarts(ユーロパーツ) キドニーグリル BMW 5シリーズ E60/E61 Mルック 05-10 グロスブラック[rn]
17-43430,http://tshop.r10s.jp/parts/cabinet/detail-g/gblg-ksfsp05bk.jpg?fitin=700:700,4258.4000,,車用品・バイク用品 > カー用品 > 外装パーツ > エアロパーツ > フロントグリル,Europarts(ユーロパーツ)スポーツロアーダクトグリル ブラック ZC31S スイフトスポーツ,　,"スイフトスポーツ純正フロントバンパー用のロアーグリルです。装着は純正グリルと交換するだけでOKです。<br><br>●カラー：マテリアルブラック　●材質：ABS製（メッシュ部一体） ●ノーマルバンパー用<br><br>※ロアグリルの交換にはバンパーの脱着作業が必要となります。<br><br>車検対応品<tr><td colspan=""2"">
<center><img src=""https://image.rakuten.co.jp/parts/cabinet/design/2017summertire2.jpg"" border=""0"" width=""800px""><br>
</td></tr></center>


<!--

<center>
<img src=""http://image.rakuten.co.jp/parts/cabinet/sale/201612ss_45_pc2.gif"" border=""0"" width=""800px"">
</center><br><br>
<center>
<img src=""http://image.rakuten.co.jp/parts/cabinet/sale/conbini201612pc.jpg"" border=""0"" width=""800px""
><br>

-->



<!--

<style type=""text/css"">
body{

background-image: url(""http://image.rakuten.co.jp/parts/cabinet/sale/36_shop_100x600.gif"");

background-repeat:repeat-y;
background-attachment:scroll;
background-position: right;

}
</style>-->",Europarts(ユーロパーツ)スポーツロアーダクトグリル ブラック ZC31S スイフトスポーツ：ＰＡＲＴＳ,ヘッドライトテールライトコーナーライトサイドマーカーカーボンアンテナドアミラーエアロメーターパネルリップスポイラーウイングホイールカバーペダル車高調ブレーキドライブレコーダーワイパーグリルボンネットローダウンEuroparts(ユーロパーツ)スポーツロアーダクトグリル ブラック ZC31S スイフトスポーツ,　。Europarts(ユーロパーツ)スポーツロアーダクトグリル ブラック ZC31S スイフトスポーツ[rn]
17-43431,http://tshop.r10s.jp/parts/cabinet/detail-aa90/aa90-ab-1k0800107.jpg?fitin=700:700,18200.0000,,車用品・バイク用品 > カー用品 > 外装パーツ > エアロパーツ > フロントグリル,ABT VW ゴルフV(1K)  フロントグリル,,"ABT SPORTSLINE は、ドイツKempten に本社を有し、Volkswagen及びAudi の世界NO.1チューナーとしての地位を確立しています。その歴史は40年以上に及び、150人の従業員と60ヶ国を超える国と地域に輸出を行っており、ドイツの代表的なチ ューナーです。 <br>モータースポーツ活動により培ったテクノロジーを市販車用製品にフィードバックし、ABT SPORTSLINE 製品はそのクオリティーの高さから、海外ではVolkswagen及びAudiの正規ディーラーオプションとして扱われており、ノーマルのAudi/Volkswagenの性能では飽き足らないオーナーから絶大な信頼を得ています。<br>Golf V GTI不可ABS製 <br>対応車種： VW ゴルフV(1K)   <br>　<br>ボディパーツ/グリル<tr><td colspan=""2"">
<center><img src=""https://image.rakuten.co.jp/parts/cabinet/design/2017summertire2.jpg"" border=""0"" width=""800px""><br>
</td></tr></center>


<!--

<center>
<img src=""http://image.rakuten.co.jp/parts/cabinet/sale/201612ss_45_pc2.gif"" border=""0"" width=""800px"">
</center><br><br>
<center>
<img src=""http://image.rakuten.co.jp/parts/cabinet/sale/conbini201612pc.jpg"" border=""0"" width=""800px""
><br>

-->



<!--

<style type=""text/css"">
body{

background-image: url(""http://image.rakuten.co.jp/parts/cabinet/sale/36_shop_100x600.gif"");

background-repeat:repeat-y;
background-attachment:scroll;
background-position: right;

}
</style>-->",ABT VW ゴルフV(1K)  フロントグリル：ＰＡＲＴＳ,ヘッドライトテールライトコーナーライトサイドマーカーカーボンアンテナドアミラーエアロメーターパネルリップスポイラーウイングホイールカバーペダル車高調ブレーキドライブレコーダーワイパーグリルボンネットローダウンABT VW ゴルフV(1K)  フロントグリル,ABT VW ゴルフV(1K)  フロントグリル[rn]
17-43432,http://tshop.r10s.jp/parts/cabinet/detail-g/gbg-th200bch.jpg?fitin=700:700,7040.0000,,車用品・バイク用品 > カー用品 > 外装パーツ > エアロパーツ > フロントグリル,Europarts(ユーロパーツ) ブラッククロームメッシュグリル 200系 ハイエース 標準,,"精悍な顔つきの200系ハイエースのイメージを決めるブラックメッキグリル！！純正グリルをはずして取り替えるだけで非常にイメージが変わります。こちらの商品のセンター部はメッキ地にパンチング状の穴が開いており、精悍かつスポーティーな仕上げになっております。また、ディーゼル車の場合、インタークーラーへのエアー誘導等、冷却効果も期待できます。<br><br>■純正交換タイプ　<br><br><br><br>対応車種：200系 ハイエース/レジアスエース　※2010年以降の車輌には取り付け不可。<br><br>車検対応品<br><br>ボディパーツ | グリル<tr><td colspan=""2"">
<center><img src=""https://image.rakuten.co.jp/parts/cabinet/design/2017summertire2.jpg"" border=""0"" width=""800px""><br>
</td></tr></center>


<!--

<center>
<img src=""http://image.rakuten.co.jp/parts/cabinet/sale/201612ss_45_pc2.gif"" border=""0"" width=""800px"">
</center><br><br>
<center>
<img src=""http://image.rakuten.co.jp/parts/cabinet/sale/conbini201612pc.jpg"" border=""0"" width=""800px""
><br>

-->



<!--

<style type=""text/css"">
body{

background-image: url(""http://image.rakuten.co.jp/parts/cabinet/sale/36_shop_100x600.gif"");

background-repeat:repeat-y;
background-attachment:scroll;
background-position: right;

}
</style>-->",Europarts(ユーロパーツ) ブラッククロームメッシュグリル 200系 ハイエース 標準：ＰＡＲＴＳ,ヘッドライトテールライトコーナーライトサイドマーカーカーボンアンテナドアミラーエアロメーターパネルリップスポイラーウイングホイールカバーペダル車高調ブレーキドライブレコーダーワイパーグリルボンネットローダウンEuroparts(ユーロパーツ) ブラッククロームメッシュグリル 200系 ハイエース 標準,Europarts(ユーロパーツ) ブラッククロームメッシュグリル 200系 ハイエース 標準[rn]
17-43433,http://tshop.r10s.jp/parts/cabinet/detail-aa86/aa86-gdbafg.jpg?fitin=700:700,20800.0000,,車用品・バイク用品 > カー用品 > 外装パーツ > エアロパーツ > フロントグリル,LIBERAL フロントグリル　ＧＤＢ　インプレッサ　Ｃ／Ｄ型,,"大人の為のスポーティエレガンスがキーポイントの「アルベロ」から、よりアクティブなスタイリッシュフォルム最新エアロダイナミズムを実現した「リベラル」 <br><br>※取り付けに関しては、お車の状態などにより加工が必要になる場合も御座います。 <br>対応車種：ＧＤＢ　インプレッサ　Ｃ／Ｄ型 <br>　車検対応品<br>ボディパーツ/グリル<BR>※こちらの商品は代引き不可です<tr><td colspan=""2"">
<center><img src=""https://image.rakuten.co.jp/parts/cabinet/design/2017summertire2.jpg"" border=""0"" width=""800px""><br>
</td></tr></center>


<!--

<center>
<img src=""http://image.rakuten.co.jp/parts/cabinet/sale/201612ss_45_pc2.gif"" border=""0"" width=""800px"">
</center><br><br>
<center>
<img src=""http://image.rakuten.co.jp/parts/cabinet/sale/conbini201612pc.jpg"" border=""0"" width=""800px""
><br>

-->



<!--

<style type=""text/css"">
body{

background-image: url(""http://image.rakuten.co.jp/parts/cabinet/sale/36_shop_100x600.gif"");

background-repeat:repeat-y;
background-attachment:scroll;
background-position: right;

}
</style>-->",LIBERAL フロントグリル　ＧＤＢ　インプレッサ　Ｃ／Ｄ型：ＰＡＲＴＳ,ヘッドライトテールライトコーナーライトサイドマーカーカーボンアンテナドアミラーエアロメーターパネルリップスポイラーウイングホイールカバーペダル車高調ブレーキドライブレコーダーワイパーグリルボンネットローダウンLIBERAL フロントグリル　ＧＤＢ　インプレッサ　Ｃ／Ｄ型,LIBERAL フロントグリル　ＧＤＢ　インプレッサ　Ｃ／Ｄ型[rn]
17-43434,http://tshop.r10s.jp/parts/cabinet/detail-s/sbg-sg983sb.jpg?fitin=700:700,10068.0000,,車用品・バイク用品 > カー用品 > 外装パーツ > エアロパーツ > フロントグリル,Europarts(ユーロパーツ) キドニーグリル BMW Z4 E89 09-UP グロスブラック,,"黒いキドニーがオシャレ！USではブラックキドニーが当たり前。BMWのドレスアップにはかかせないアイテムです。国内でもブレイク寸前の兆し。流行に敏感なBMWオーナーにはマストアイテムといっても過言ではないでしょう。<br><br>純正グリルを外して付け替えるだけで個性ある精悍な顔つきに変わります。専用設計なので取り付けも簡単です。<br><br>こちらの商品はグロスブラック（艶のある黒）になります。<br><br>対応車種：BMW Z4 E89 09-UP<br><br>車検対応品<br><br>ボディパーツ | グリル<tr><td colspan=""2"">
<center><img src=""https://image.rakuten.co.jp/parts/cabinet/design/2017summertire2.jpg"" border=""0"" width=""800px""><br>
</td></tr></center>


<!--

<center>
<img src=""http://image.rakuten.co.jp/parts/cabinet/sale/201612ss_45_pc2.gif"" border=""0"" width=""800px"">
</center><br><br>
<center>
<img src=""http://image.rakuten.co.jp/parts/cabinet/sale/conbini201612pc.jpg"" border=""0"" width=""800px""
><br>

-->



<!--

<style type=""text/css"">
body{

background-image: url(""http://image.rakuten.co.jp/parts/cabinet/sale/36_shop_100x600.gif"");

background-repeat:repeat-y;
background-attachment:scroll;
background-position: right;

}
</style>-->",Europarts(ユーロパーツ) キドニーグリル BMW Z4 E89 09-UP グロスブラック：ＰＡＲＴＳ,ヘッドライトテールライトコーナーライトサイドマーカーカーボンアンテナドアミラーエアロメーターパネルリップスポイラーウイングホイールカバーペダル車高調ブレーキドライブレコーダーワイパーグリルボンネットローダウンEuroparts(ユーロパーツ) キドニーグリル BMW Z4 E89 09-UP グロスブラック,Europarts(ユーロパーツ) キドニーグリル BMW Z4 E89 09-UP グロスブラック[rn]
17-43435,http://tshop.r10s.jp/parts/cabinet/detail-aa86/aa86-0064n.jpg?fitin=700:700,30400.0000,,車用品・バイク用品 > カー用品 > 外装パーツ > エアロパーツ > フロントグリル,ALBERO(アルベロ) フロントグリル BP アウトバック D-F型 マットブラック 未塗装品,,"大人の為のスポーティエレガンスがキーポイントの「アルベロ」。 <br>●グリル部には粉体塗装済の黒ネットを使用 ●D-F型専用 ●未塗装品 ●納期：お問い合わせ下さい。<br>※写真はメタル純正色塗装品になります。 ※取り付けに関しては、お車の状態などにより加工が必要になる場合も御座います。 <br>対応車種：BP アウトバック D-F型 <br>　車検対応品<br>ボディパーツ/グリル<BR>※こちらの商品は代引き不可です<tr><td colspan=""2"">
<center><img src=""https://image.rakuten.co.jp/parts/cabinet/design/2017summertire2.jpg"" border=""0"" width=""800px""><br>
</td></tr></center>


<!--

<center>
<img src=""http://image.rakuten.co.jp/parts/cabinet/sale/201612ss_45_pc2.gif"" border=""0"" width=""800px"">
</center><br><br>
<center>
<img src=""http://image.rakuten.co.jp/parts/cabinet/sale/conbini201612pc.jpg"" border=""0"" width=""800px""
><br>

-->



<!--

<style type=""text/css"">
body{

background-image: url(""http://image.rakuten.co.jp/parts/cabinet/sale/36_shop_100x600.gif"");

background-repeat:repeat-y;
background-attachment:scroll;
background-position: right;

}
</style>-->",ALBERO(アルベロ) フロントグリル BP アウトバック D-F型 マットブラック 未塗装品：ＰＡＲＴＳ,ヘッドライトテールライトコーナーライトサイドマーカーカーボンアンテナドアミラーエアロメーターパネルリップスポイラーウイングホイールカバーペダル車高調ブレーキドライブレコーダーワイパーグリルボンネットローダウンALBERO(アルベロ) フロントグリル BP アウトバック D-F型 マットブラック 未塗装品,ALBERO(アルベロ) フロントグリル BP アウトバック D-F型 マットブラック 未塗装品[rn]
17-43436,http://tshop.r10s.jp/parts/cabinet/detail-g/gbg-v497bk.jpg?fitin=700:700,8920.0000,,車用品・バイク用品 > カー用品 > 外装パーツ > エアロパーツ > フロントグリル,Europarts(ユーロパーツ) マークレスグリル ブラック 96-04 ボルボ S40/V40,,"人気のＸＣルックデザイン。グリルネット付きでレーシーにそのまま使用してもＯＫです。塗装もできるのでクールにドレスアップも可能です。<br><br>強度・耐久性も抜群です。車種別専用設計なので取り付けも容易で、お手軽にドレスアップできるのも魅力です。<br><br>カラー：ブラック　　材質：ABS製<br><br>対応車種： ＶＯＬＶＯ　Ｓ４０/Ｖ４０<br><br>車検対応品<br><br>ボディパーツ | グリル<tr><td colspan=""2"">
<center><img src=""https://image.rakuten.co.jp/parts/cabinet/design/2017summertire2.jpg"" border=""0"" width=""800px""><br>
</td></tr></center>


<!--

<center>
<img src=""http://image.rakuten.co.jp/parts/cabinet/sale/201612ss_45_pc2.gif"" border=""0"" width=""800px"">
</center><br><br>
<center>
<img src=""http://image.rakuten.co.jp/parts/cabinet/sale/conbini201612pc.jpg"" border=""0"" width=""800px""
><br>

-->



<!--

<style type=""text/css"">
body{

background-image: url(""http://image.rakuten.co.jp/parts/cabinet/sale/36_shop_100x600.gif"");

background-repeat:repeat-y;
background-attachment:scroll;
background-position: right;

}
</style>-->",Europarts(ユーロパーツ) マークレスグリル ブラック 96-04 ボルボ S40/V40：ＰＡＲＴＳ,ヘッドライトテールライトコーナーライトサイドマーカーカーボンアンテナドアミラーエアロメーターパネルリップスポイラーウイングホイールカバーペダル車高調ブレーキドライブレコーダーワイパーグリルボンネットローダウンEuroparts(ユーロパーツ) マークレスグリル ブラック 96-04 ボルボ S40/V40,Europarts(ユーロパーツ) マークレスグリル ブラック 96-04 ボルボ S40/V40[rn]
17-43437,http://tshop.r10s.jp/parts/cabinet/detail-aa74/aa74-010004.jpg?fitin=700:700,23999.2000,,車用品・バイク用品 > カー用品 > 外装パーツ > エアロパーツ > フロントグリル,Takeros(タケローズ)C24 セレナ フロントグリル,送料についてはお問い合わせ下さい,"ワゴンをもっとスポーティーに！　ただ走るだけのワゴンじゃツマラナイとお考えのユーザーにおススメな、タケローズのエアロシリーズ。 <br>通称「スーパーラップオデッセイ」で筑波スーパーラップでミニバン最速ラップ更新するなど、走ることへ積極的なタケローズならではのデザインは走りを忘れられないワゴン・ミニバンユーザーの期待を裏切りません。　<br>素材：ＦＲＰ製　注意）未塗装のため塗装が必要となります。 <br>対応車種：C24 セレナ <br>　<br>ボディパーツ/グリル<br>※送料は地域や配達場所によって変わりますが、6000円～12000円程度が目安となります。<tr><td colspan=""2"">
<center><img src=""https://image.rakuten.co.jp/parts/cabinet/design/2017summertire2.jpg"" border=""0"" width=""800px""><br>
</td></tr></center>


<!--

<center>
<img src=""http://image.rakuten.co.jp/parts/cabinet/sale/201612ss_45_pc2.gif"" border=""0"" width=""800px"">
</center><br><br>
<center>
<img src=""http://image.rakuten.co.jp/parts/cabinet/sale/conbini201612pc.jpg"" border=""0"" width=""800px""
><br>

-->



<!--

<style type=""text/css"">
body{

background-image: url(""http://image.rakuten.co.jp/parts/cabinet/sale/36_shop_100x600.gif"");

background-repeat:repeat-y;
background-attachment:scroll;
background-position: right;

}
</style>-->",Takeros(タケローズ)C24 セレナ フロントグリル：ＰＡＲＴＳ,ヘッドライトテールライトコーナーライトサイドマーカーカーボンアンテナドアミラーエアロメーターパネルリップスポイラーウイングホイールカバーペダル車高調ブレーキドライブレコーダーワイパーグリルボンネットローダウンTakeros(タケローズ)C24 セレナ フロントグリル,送料についてはお問い合わせ下さい。Takeros(タケローズ)C24 セレナ フロントグリル[rn]
17-43438,http://tshop.r10s.jp/parts/cabinet/detail-aa03/aa03-1601.jpg?fitin=700:700,19200.0000,,車用品・バイク用品 > カー用品 > 外装パーツ > エアロパーツ > フロントグリル,SCRIT(スクリット) パレットSW (MK21S) フロントグリル 未塗装,代金引換不可メーカー直送品☆　,"細部にまでこだわったフォルムはスクリットにしか表現できない！純正と見間違えるほどの高いクオリティはスクリットの妥協のない情熱を表現した証！<br><br>精悍さと走りへの躍動感みなぎるデザインは見るものを魅力し印象づけます。「CUSTOMIZE INNOVATOR」それがスクリットです。<br><br>◆材質：FRP 黒ゲルコート仕上げ（未塗装）　　<br><br>対応車種： パレットSW (MK21S)<br><br>車検対応品<br><br>ボディパーツ | グリル<tr><td colspan=""2"">
<center><img src=""https://image.rakuten.co.jp/parts/cabinet/design/2017summertire2.jpg"" border=""0"" width=""800px""><br>
</td></tr></center>


<!--

<center>
<img src=""http://image.rakuten.co.jp/parts/cabinet/sale/201612ss_45_pc2.gif"" border=""0"" width=""800px"">
</center><br><br>
<center>
<img src=""http://image.rakuten.co.jp/parts/cabinet/sale/conbini201612pc.jpg"" border=""0"" width=""800px""
><br>

-->



<!--

<style type=""text/css"">
body{

background-image: url(""http://image.rakuten.co.jp/parts/cabinet/sale/36_shop_100x600.gif"");

background-repeat:repeat-y;
background-attachment:scroll;
background-position: right;

}
</style>-->",SCRIT(スクリット) パレットSW (MK21S) フロントグリル 未塗装：ＰＡＲＴＳ,ヘッドライトテールライトコーナーライトサイドマーカーカーボンアンテナドアミラーエアロメーターパネルリップスポイラーウイングホイールカバーペダル車高調ブレーキドライブレコーダーワイパーグリルボンネットローダウンSCRIT(スクリット) パレットSW (MK21S) フロントグリル 未塗装,代金引換不可メーカー直送品☆　。SCRIT(スクリット) パレットSW (MK21S) フロントグリル 未塗装[rn]
17-43439,http://tshop.r10s.jp/parts/cabinet/detail-aa95/aa95-00644204.jpg?fitin=700:700,21333.6000,,車用品・バイク用品 > カー用品 > 外装パーツ > エアロパーツ > フロントグリル,KAMEI スポーツグリル 99-00 VW ポロ (6N2),,"1952年に自動車史上初のフロントリップスポイラーを発表して以来、歴史と共に育んできた商品開発力とクオリティーは純正オプションに採用されるまでにも至っているドイツの老舗ブランド、KAMEI（カーマイ） <br><br>KAMEIの定番アイテムの1つ、スポーツグリル。愛車をスポーティーにイメージチェンジ！　フィッティングもよく取付けも容易なのでおススメです。<br><br>材質：ABS樹脂　　※未塗装 <br><br>対応車種：99-00 VW ポロ (6N2) <br><br>車検対応品<br><br>ボディパーツ/グリル<BR>※こちらの商品は代引き不可です<tr><td colspan=""2"">
<center><img src=""https://image.rakuten.co.jp/parts/cabinet/design/2017summertire2.jpg"" border=""0"" width=""800px""><br>
</td></tr></center>


<!--

<center>
<img src=""http://image.rakuten.co.jp/parts/cabinet/sale/201612ss_45_pc2.gif"" border=""0"" width=""800px"">
</center><br><br>
<center>
<img src=""http://image.rakuten.co.jp/parts/cabinet/sale/conbini201612pc.jpg"" border=""0"" width=""800px""
><br>

-->



<!--

<style type=""text/css"">
body{

background-image: url(""http://image.rakuten.co.jp/parts/cabinet/sale/36_shop_100x600.gif"");

background-repeat:repeat-y;
background-attachment:scroll;
background-position: right;

}
</style>-->",KAMEI スポーツグリル 99-00 VW ポロ (6N2)：ＰＡＲＴＳ,ヘッドライトテールライトコーナーライトサイドマーカーカーボンアンテナドアミラーエアロメーターパネルリップスポイラーウイングホイールカバーペダル車高調ブレーキドライブレコーダーワイパーグリルボンネットローダウンKAMEI スポーツグリル 99-00 VW ポロ (6N2),KAMEI スポーツグリル 99-00 VW ポロ (6N2)[rn]
17-43440,http://tshop.r10s.jp/parts/cabinet/detail-aa87/aa87-gs1612.jpg?fitin=700:700,24000.0000,,車用品・バイク用品 > カー用品 > 外装パーツ > エアロパーツ > フロントグリル,GENUINE PARTS レクサス ＵＳスポーツグリル GS300／400／430( ARISTO JZS16# ),　,"ＵＳ純正ディーラーのＵＳ限定メッキグリル（グリルのみ） <br><br>※後期エンブレムが必要になります。　 <br>対応車種：LEXUS GS300／400／430(ARISTO JZS16# ) <br>　車検対応品<br>ボディパーツ/グリル<tr><td colspan=""2"">
<center><img src=""https://image.rakuten.co.jp/parts/cabinet/design/2017summertire2.jpg"" border=""0"" width=""800px""><br>
</td></tr></center>


<!--

<center>
<img src=""http://image.rakuten.co.jp/parts/cabinet/sale/201612ss_45_pc2.gif"" border=""0"" width=""800px"">
</center><br><br>
<center>
<img src=""http://image.rakuten.co.jp/parts/cabinet/sale/conbini201612pc.jpg"" border=""0"" width=""800px""
><br>

-->



<!--

<style type=""text/css"">
body{

background-image: url(""http://image.rakuten.co.jp/parts/cabinet/sale/36_shop_100x600.gif"");

background-repeat:repeat-y;
background-attachment:scroll;
background-position: right;

}
</style>-->",GENUINE PARTS レクサス ＵＳスポーツグリル GS300／400／430( ARISTO JZS16# )：ＰＡＲＴＳ,ヘッドライトテールライトコーナーライトサイドマーカーカーボンアンテナドアミラーエアロメーターパネルリップスポイラーウイングホイールカバーペダル車高調ブレーキドライブレコーダーワイパーグリルボンネットローダウンGENUINE PARTS レクサス ＵＳスポーツグリル GS300／400／430( ARISTO JZS16# ),　。GENUINE PARTS レクサス ＵＳスポーツグリル GS300／400／430( ARISTO JZS16# )[rn]
17-43441,http://tshop.r10s.jp/parts/cabinet/detail-s/sbg-sgf1001bk.jpg?fitin=700:700,8000.0000,,車用品・バイク用品 > カー用品 > 外装パーツ > エアロパーツ > フロントグリル,Europarts(ユーロパーツ) キドニーグリル BMW 5シリーズ F10 M5ルック 09-UP マットブラック,,"黒いキドニーがオシャレ！USではブラックキドニーが当たり前。BMWのドレスアップにはかかせないアイテムです。国内でもブレイク寸前の兆し。流行に敏感なBMWオーナーにはマストアイテムといっても過言ではないでしょう。<br><br>純正グリルを外して付け替えるだけで個性ある精悍な顔つきに変わります。専用設計なので取り付けも簡単です。<br><br>こちらの商品はマットブラック（艶消し黒）になります。<br><br>対応車種：BMW 5シリーズ F10 09-UP<br><br>車検対応品<br><br>ボディパーツ | グリル<tr><td colspan=""2"">
<center><img src=""https://image.rakuten.co.jp/parts/cabinet/design/2017summertire2.jpg"" border=""0"" width=""800px""><br>
</td></tr></center>


<!--

<center>
<img src=""http://image.rakuten.co.jp/parts/cabinet/sale/201612ss_45_pc2.gif"" border=""0"" width=""800px"">
</center><br><br>
<center>
<img src=""http://image.rakuten.co.jp/parts/cabinet/sale/conbini201612pc.jpg"" border=""0"" width=""800px""
><br>

-->



<!--

<style type=""text/css"">
body{

background-image: url(""http://image.rakuten.co.jp/parts/cabinet/sale/36_shop_100x600.gif"");

background-repeat:repeat-y;
background-attachment:scroll;
background-position: right;

}
</style>-->",Europarts(ユーロパーツ) キドニーグリル BMW 5シリーズ F10 M5ルック 09-UP マットブラック：ＰＡＲＴＳ,ヘッドライトテールライトコーナーライトサイドマーカーカーボンアンテナドアミラーエアロメーターパネルリップスポイラーウイングホイールカバーペダル車高調ブレーキドライブレコーダーワイパーグリルボンネットローダウンEuroparts(ユーロパーツ) キドニーグリル BMW 5シリーズ F10 M5ルック 09-UP マットブラック,Europarts(ユーロパーツ) キドニーグリル BMW 5シリーズ F10 M5ルック 09-UP マットブラック[rn]
17-43442,http://tshop.r10s.jp/parts/cabinet/detail-aa95/aa95-00644173.jpg?fitin=700:700,21333.6000,,車用品・バイク用品 > カー用品 > 外装パーツ > エアロパーツ > フロントグリル,KAMEI スポーツグリル 93-00 オペル ヴィータB,,"1952年に自動車史上初のフロントリップスポイラーを発表して以来、歴史と共に育んできた商品開発力とクオリティーは純正オプションに採用されるまでにも至っているドイツの老舗ブランド、KAMEI（カーマイ） <br><br>KAMEIの定番アイテムの1つ、スポーツグリル。愛車をスポーティーにイメージチェンジ！　フィッティングもよく取付けも容易なのでおススメです。<br><br>材質：ABS樹脂　　※未塗装 <br><br>対応車種：93-00 オペル ヴィータB <br><br>車検対応品<br><br>ボディパーツ/グリル<BR>※こちらの商品は代引き不可です<tr><td colspan=""2"">
<center><img src=""https://image.rakuten.co.jp/parts/cabinet/design/2017summertire2.jpg"" border=""0"" width=""800px""><br>
</td></tr></center>


<!--

<center>
<img src=""http://image.rakuten.co.jp/parts/cabinet/sale/201612ss_45_pc2.gif"" border=""0"" width=""800px"">
</center><br><br>
<center>
<img src=""http://image.rakuten.co.jp/parts/cabinet/sale/conbini201612pc.jpg"" border=""0"" width=""800px""
><br>

-->



<!--

<style type=""text/css"">
body{

background-image: url(""http://image.rakuten.co.jp/parts/cabinet/sale/36_shop_100x600.gif"");

background-repeat:repeat-y;
background-attachment:scroll;
background-position: right;

}
</style>-->",KAMEI スポーツグリル 93-00 オペル ヴィータB：ＰＡＲＴＳ,ヘッドライトテールライトコーナーライトサイドマーカーカーボンアンテナドアミラーエアロメーターパネルリップスポイラーウイングホイールカバーペダル車高調ブレーキドライブレコーダーワイパーグリルボンネットローダウンKAMEI スポーツグリル 93-00 オペル ヴィータB,KAMEI スポーツグリル 93-00 オペル ヴィータB[rn]
17-43443,http://tshop.r10s.jp/parts/cabinet/detail-aa95/aa95-00644189.jpg?fitin=700:700,29714.4000,,車用品・バイク用品 > カー用品 > 外装パーツ > エアロパーツ > フロントグリル,KAMEI スポーツグリル 04-UP アウディ A3 (8P),,"1952年に自動車史上初のフロントリップスポイラーを発表して以来、歴史と共に育んできた商品開発力とクオリティーは純正オプションに採用されるまでにも至っているドイツの老舗ブランド、KAMEI（カーマイ） <br><br>KAMEIの定番アイテムの1つ、スポーツグリル。愛車をスポーティーにイメージチェンジ！　フィッティングもよく取付けも容易なのでおススメです。<br><br>材質：ABS樹脂　　※未塗装 <br><br>対応車種：04-UP アウディ A3 (8P) <br><br>車検対応品<br><br>ボディパーツ/グリル<BR>※こちらの商品は代引き不可です<tr><td colspan=""2"">
<center><img src=""https://image.rakuten.co.jp/parts/cabinet/design/2017summertire2.jpg"" border=""0"" width=""800px""><br>
</td></tr></center>


<!--

<center>
<img src=""http://image.rakuten.co.jp/parts/cabinet/sale/201612ss_45_pc2.gif"" border=""0"" width=""800px"">
</center><br><br>
<center>
<img src=""http://image.rakuten.co.jp/parts/cabinet/sale/conbini201612pc.jpg"" border=""0"" width=""800px""
><br>

-->



<!--

<style type=""text/css"">
body{

background-image: url(""http://image.rakuten.co.jp/parts/cabinet/sale/36_shop_100x600.gif"");

background-repeat:repeat-y;
background-attachment:scroll;
background-position: right;

}
</style>-->",KAMEI スポーツグリル 04-UP アウディ A3 (8P)：ＰＡＲＴＳ,ヘッドライトテールライトコーナーライトサイドマーカーカーボンアンテナドアミラーエアロメーターパネルリップスポイラーウイングホイールカバーペダル車高調ブレーキドライブレコーダーワイパーグリルボンネットローダウンKAMEI スポーツグリル 04-UP アウディ A3 (8P),KAMEI スポーツグリル 04-UP アウディ A3 (8P)[rn]
17-43444,http://tshop.r10s.jp/parts/cabinet/detail-g/gbg-wgf5bk.jpg?fitin=700:700,3280.0000,,車用品・バイク用品 > カー用品 > 外装パーツ > エアロパーツ > フロントグリル,Europarts(ユーロパーツ) マークレスグリル 04-08 VW ゴルフ5 (1K),,"VWのドレスアップにおいて欠かせない定番カスタムアイテム。VWバッジの無い引き締まったフロントフェイスがスポーティーさを演出します。製品は車種別専用設計なので取り付けも容易、お手軽にドレスアップできるのが魅力です。強度・耐久性も抜群です。<br><br>●カラー：ブラック（未塗装）●材質：ABS製　※ボンネットのエンブレム穴は別途パテ埋めが必要となります。<br><br>エクステリアカスタムの第一歩にいかが！？<br><br>対応車種：00-08 VW ゴルフ5 （1K）全車<br><br>車検対応<br><br>ボディパーツ | グリル<tr><td colspan=""2"">
<center><img src=""https://image.rakuten.co.jp/parts/cabinet/design/2017summertire2.jpg"" border=""0"" width=""800px""><br>
</td></tr></center>


<!--

<center>
<img src=""http://image.rakuten.co.jp/parts/cabinet/sale/201612ss_45_pc2.gif"" border=""0"" width=""800px"">
</center><br><br>
<center>
<img src=""http://image.rakuten.co.jp/parts/cabinet/sale/conbini201612pc.jpg"" border=""0"" width=""800px""
><br>

-->



<!--

<style type=""text/css"">
body{

background-image: url(""http://image.rakuten.co.jp/parts/cabinet/sale/36_shop_100x600.gif"");

background-repeat:repeat-y;
background-attachment:scroll;
background-position: right;

}
</style>-->",Europarts(ユーロパーツ) マークレスグリル 04-08 VW ゴルフ5 (1K)：ＰＡＲＴＳ,ヘッドライトテールライトコーナーライトサイドマーカーカーボンアンテナドアミラーエアロメーターパネルリップスポイラーウイングホイールカバーペダル車高調ブレーキドライブレコーダーワイパーグリルボンネットローダウンEuroparts(ユーロパーツ) マークレスグリル 04-08 VW ゴルフ5 (1K),Europarts(ユーロパーツ) マークレスグリル 04-08 VW ゴルフ5 (1K)[rn]
17-43445,http://tshop.r10s.jp/parts/cabinet/detail-g/gbg-wjt5r32.jpg?fitin=700:700,6719.2000,,車用品・バイク用品 > カー用品 > 外装パーツ > エアロパーツ > フロントグリル,Europarts(ユーロパーツ) マークレスグリル 06-UP VW ゴルフ5 GTI/GT/ジェッタ5,,"ゴルフ5 GTI/GTとジェッタ5のためのマークレスグリルです。カラーはブラック（素材色）なので塗装しなくても装着可能です。ナンバーは純正のナンバーベースを移植して装着します。ナンバープレートの移設も可能になります。 <br>●材質：ABS樹脂 ●カラー：ブラック（素材色） ●ボンネット用ダミーカバー付<br>※未塗装製品になります。 <br>対応車種：06-UP VW ゴルフ5 GTI/GT/ジェッタ5 <br>　車検対応品<br>ボディパーツ/グリル<tr><td colspan=""2"">
<center><img src=""https://image.rakuten.co.jp/parts/cabinet/design/2017summertire2.jpg"" border=""0"" width=""800px""><br>
</td></tr></center>


<!--

<center>
<img src=""http://image.rakuten.co.jp/parts/cabinet/sale/201612ss_45_pc2.gif"" border=""0"" width=""800px"">
</center><br><br>
<center>
<img src=""http://image.rakuten.co.jp/parts/cabinet/sale/conbini201612pc.jpg"" border=""0"" width=""800px""
><br>

-->



<!--

<style type=""text/css"">
body{

background-image: url(""http://image.rakuten.co.jp/parts/cabinet/sale/36_shop_100x600.gif"");

background-repeat:repeat-y;
background-attachment:scroll;
background-position: right;

}
</style>-->",Europarts(ユーロパーツ) マークレスグリル 06-UP VW ゴルフ5 GTI/GT/ジェッタ5：ＰＡＲＴＳ,ヘッドライトテールライトコーナーライトサイドマーカーカーボンアンテナドアミラーエアロメーターパネルリップスポイラーウイングホイールカバーペダル車高調ブレーキドライブレコーダーワイパーグリルボンネットローダウンEuroparts(ユーロパーツ) マークレスグリル 06-UP VW ゴルフ5 GTI/GT/ジェッタ5,Europarts(ユーロパーツ) マークレスグリル 06-UP VW ゴルフ5 GTI/GT/ジェッタ5[rn]
17-43446,http://tshop.r10s.jp/parts/cabinet/detail-s/sbg-sg576b.jpg?fitin=700:700,6863.2000,,車用品・バイク用品 > カー用品 > 外装パーツ > エアロパーツ > フロントグリル,Europarts(ユーロパーツ) キドニーグリル BMW X5 E53  04-06 マットブラック,,"黒いキドニーがオシャレ！USではブラックキドニーが当たり前。BMWのドレスアップにはかかせないアイテムです。国内でもブレイク寸前の兆し。流行に敏感なBMWオーナーにはマストアイテムといっても過言ではないでしょう。<br><br>純正グリルを外して付け替えるだけで個性ある精悍な顔つきに変わります。専用設計なので取り付けも簡単です。<br><br>こちらの商品はマットブラック（艶消し黒）になります。<br><br>対応車種：BMW X5シリーズ E53 04-06<br><br>車検対応品<br><br>ボディパーツ | グリル<tr><td colspan=""2"">
<center><img src=""https://image.rakuten.co.jp/parts/cabinet/design/2017summertire2.jpg"" border=""0"" width=""800px""><br>
</td></tr></center>


<!--

<center>
<img src=""http://image.rakuten.co.jp/parts/cabinet/sale/201612ss_45_pc2.gif"" border=""0"" width=""800px"">
</center><br><br>
<center>
<img src=""http://image.rakuten.co.jp/parts/cabinet/sale/conbini201612pc.jpg"" border=""0"" width=""800px""
><br>

-->



<!--

<style type=""text/css"">
body{

background-image: url(""http://image.rakuten.co.jp/parts/cabinet/sale/36_shop_100x600.gif"");

background-repeat:repeat-y;
background-attachment:scroll;
background-position: right;

}
</style>-->",Europarts(ユーロパーツ) キドニーグリル BMW X5 E53  04-06 マットブラック：ＰＡＲＴＳ,ヘッドライトテールライトコーナーライトサイドマーカーカーボンアンテナドアミラーエアロメーターパネルリップスポイラーウイングホイールカバーペダル車高調ブレーキドライブレコーダーワイパーグリルボンネットローダウンEuroparts(ユーロパーツ) キドニーグリル BMW X5 E53  04-06 マットブラック,Europarts(ユーロパーツ) キドニーグリル BMW X5 E53  04-06 マットブラック[rn]
17-43447,http://tshop.r10s.jp/parts/cabinet/detail-aa05/aa05-8031es00.jpg?fitin=700:700,51120.0000,,車用品・バイク用品 > カー用品 > 外装パーツ > エアロパーツ > フロントグリル,【送料無料】ARQRAY(アーキュレー) BMW E63 6シリーズ カーボンキドニィグリルカバー,アーキュレー製品全品送料無料！　,"純正のグリルの上に被せるカーボン製のグリルカバーです。両面テープで簡単に取付け出来ます。 <br>フロントマスクのイメージチェンジにいかがでしょうか？<br>材質： ブラックカーボン  <br>適合車種： BMW E63 6シリーズ   <br>　<br>ボディパーツ/グリル<tr><td colspan=""2"">
<center><img src=""https://image.rakuten.co.jp/parts/cabinet/design/2017summertire2.jpg"" border=""0"" width=""800px""><br>
</td></tr></center>


<!--

<center>
<img src=""http://image.rakuten.co.jp/parts/cabinet/sale/201612ss_45_pc2.gif"" border=""0"" width=""800px"">
</center><br><br>
<center>
<img src=""http://image.rakuten.co.jp/parts/cabinet/sale/conbini201612pc.jpg"" border=""0"" width=""800px""
><br>

-->



<!--

<style type=""text/css"">
body{

background-image: url(""http://image.rakuten.co.jp/parts/cabinet/sale/36_shop_100x600.gif"");

background-repeat:repeat-y;
background-attachment:scroll;
background-position: right;

}
</style>-->",【送料無料】ARQRAY(アーキュレー) BMW E63 6シリーズ カーボンキドニィグリルカバー：ＰＡＲＴＳ,ヘッドライトテールライトコーナーライトサイドマーカーカーボンアンテナドアミラーエアロメーターパネルリップスポイラーウイングホイールカバーペダル車高調ブレーキドライブレコーダーワイパーグリルボンネットローダウン【送料無料】ARQRAY(アーキュレー) BMW E63 6シリーズ カーボンキドニィグリルカバー,アーキュレー製品全品送料無料！　。【送料無料】ARQRAY(アーキュレー) BMW E63 6シリーズ カーボンキドニィグリルカバー[rn]
17-43448,http://tshop.r10s.jp/parts/cabinet/detail-s/sbg-sg576bab.jpg?fitin=700:700,4858.4000,,車用品・バイク用品 > カー用品 > 外装パーツ > エアロパーツ > フロントグリル,Europarts(ユーロパーツ) キドニーグリル BMW X5 E53  04-06 グロスリムブラック,,"黒いキドニーがオシャレ！USではブラックキドニーが当たり前。BMWのドレスアップにはかかせないアイテムです。国内でもブレイク寸前の兆し。流行に敏感なBMWオーナーにはマストアイテムといっても過言ではないでしょう。<br><br>純正グリルを外して付け替えるだけで個性ある精悍な顔つきに変わります。専用設計なので取り付けも簡単です。<br><br>こちらの商品はグロスブラック（艶のある黒）になります。<br><br>対応車種：BMW X5シリーズ E53 04-06<br><br>車検対応品<br><br>ボディパーツ | グリル<tr><td colspan=""2"">
<center><img src=""https://image.rakuten.co.jp/parts/cabinet/design/2017summertire2.jpg"" border=""0"" width=""800px""><br>
</td></tr></center>


<!--

<center>
<img src=""http://image.rakuten.co.jp/parts/cabinet/sale/201612ss_45_pc2.gif"" border=""0"" width=""800px"">
</center><br><br>
<center>
<img src=""http://image.rakuten.co.jp/parts/cabinet/sale/conbini201612pc.jpg"" border=""0"" width=""800px""
><br>

-->



<!--

<style type=""text/css"">
body{

background-image: url(""http://image.rakuten.co.jp/parts/cabinet/sale/36_shop_100x600.gif"");

background-repeat:repeat-y;
background-attachment:scroll;
background-position: right;

}
</style>-->",Europarts(ユーロパーツ) キドニーグリル BMW X5 E53  04-06 グロスリムブラック：ＰＡＲＴＳ,ヘッドライトテールライトコーナーライトサイドマーカーカーボンアンテナドアミラーエアロメーターパネルリップスポイラーウイングホイールカバーペダル車高調ブレーキドライブレコーダーワイパーグリルボンネットローダウンEuroparts(ユーロパーツ) キドニーグリル BMW X5 E53  04-06 グロスリムブラック,Europarts(ユーロパーツ) キドニーグリル BMW X5 E53  04-06 グロスリムブラック[rn]
17-43449,http://tshop.r10s.jp/parts/cabinet/detail-c/ca800130.jpg?fitin=700:700,43520.0000,,車用品・バイク用品 > カー用品 > 外装パーツ > エアロパーツ > フロントグリル,CARACTERE キャラクター トゥアレグ / フロントグリル,,"北米、ヨーロッパで大人気のベルギー製エアロメーカー　キャラクター。車のバランスを崩さない美しいデザインとそのフィッティングの良さが好評です。 <br>※在庫が無い場合には、本国取り寄せとなりますのでお届けにお時間が掛かる場合が御座います。<br>材質：ウレタン製 <br>対応車種： VW トワレグ <br>　車検対応品<br>ボディパーツ/グリル<tr><td colspan=""2"">
<center><img src=""https://image.rakuten.co.jp/parts/cabinet/design/2017summertire2.jpg"" border=""0"" width=""800px""><br>
</td></tr></center>


<!--

<center>
<img src=""http://image.rakuten.co.jp/parts/cabinet/sale/201612ss_45_pc2.gif"" border=""0"" width=""800px"">
</center><br><br>
<center>
<img src=""http://image.rakuten.co.jp/parts/cabinet/sale/conbini201612pc.jpg"" border=""0"" width=""800px""
><br>

-->



<!--

<style type=""text/css"">
body{

background-image: url(""http://image.rakuten.co.jp/parts/cabinet/sale/36_shop_100x600.gif"");

background-repeat:repeat-y;
background-attachment:scroll;
background-position: right;

}
</style>-->",CARACTERE キャラクター トゥアレグ / フロントグリル：ＰＡＲＴＳ,ヘッドライトテールライトコーナーライトサイドマーカーカーボンアンテナドアミラーエアロメーターパネルリップスポイラーウイングホイールカバーペダル車高調ブレーキドライブレコーダーワイパーグリルボンネットローダウンCARACTERE キャラクター トゥアレグ / フロントグリル,CARACTERE キャラクター トゥアレグ / フロントグリル[rn]
17-43450,http://tshop.r10s.jp/parts/cabinet/detail-aa90/aa90-caa5300130-2.jpg?fitin=700:700,96768.0000,,車用品・バイク用品 > カー用品 > 外装パーツ > エアロパーツ > フロントグリル,CARACTERE(キャラクター) AUDI　A5　フロントグリル APS付き,　,"1992年に設立された「CARACTERE AUTOMOBILE」社は、本拠をベルギーに置きAUDI / VW / Porscheのエアロパーツの開発、生産、販売を行うと同時に、その高い生産技術とクオリティを世界各国から評価されおり、ヨーロッパチューナーからのOEM製造元としての実績も多数あるエアロパーツ専門メーカーです。<br><br>「CARACTERE AUTOMOBILE」社の長年のノウハウは取り付け説明書に証明されるように詳細に記載されております。これは車両フィッティングにベストマッチする証でもあるのです。「CARACTERE AUTOMOBILE」社が手掛けるAUDI / VW / Porscheのエアロパーツの特徴は、フルバンパータイプのパーツが大半である事です。自動車メーカーが目覚しい進化を遂げている今、個性豊かなドレスアップをお望みの方にご提案するフルバンパータイプエアロをお楽しみいただけると確信しています。<br><br>※未塗装品素材色　別途塗装が必要になりますのでご注意ください。※APS付車用※ご注文前に必ず適合確認をお願い致します。<br><br>対応車種：アウディ　A5スポーツバック　8T系<br><br>車検対応品<br><br>ボディパーツ | グリル<tr><td colspan=""2"">
<center><img src=""https://image.rakuten.co.jp/parts/cabinet/design/2017summertire2.jpg"" border=""0"" width=""800px""><br>
</td></tr></center>


<!--

<center>
<img src=""http://image.rakuten.co.jp/parts/cabinet/sale/201612ss_45_pc2.gif"" border=""0"" width=""800px"">
</center><br><br>
<center>
<img src=""http://image.rakuten.co.jp/parts/cabinet/sale/conbini201612pc.jpg"" border=""0"" width=""800px""
><br>

-->



<!--

<style type=""text/css"">
body{

background-image: url(""http://image.rakuten.co.jp/parts/cabinet/sale/36_shop_100x600.gif"");

background-repeat:repeat-y;
background-attachment:scroll;
background-position: right;

}
</style>-->",CARACTERE(キャラクター) AUDI　A5　フロントグリル APS付き：ＰＡＲＴＳ,ヘッドライトテールライトコーナーライトサイドマーカーカーボンアンテナドアミラーエアロメーターパネルリップスポイラーウイングホイールカバーペダル車高調ブレーキドライブレコーダーワイパーグリルボンネットローダウンCARACTERE(キャラクター) AUDI　A5　フロントグリル APS付き,　。CARACTERE(キャラクター) AUDI　A5　フロントグリル APS付き[rn]
17-43451,http://tshop.r10s.jp/parts/cabinet/detail-aa74/aa74-023004.jpg?fitin=700:700,22400.0000,,車用品・バイク用品 > カー用品 > 外装パーツ > エアロパーツ > フロントグリル,Takeros(タケローズ)ASR/GSR エスティマ フロントグリル,,"ワゴンをもっとスポーティーに！　ただ走るだけのワゴンじゃツマラナイとお考えのユーザーにおススメな、タケローズのエアロシリーズ。 <br>通称「スーパーラップオデッセイ」で筑波スーパーラップでミニバン最速ラップ更新するなど、走ることへ積極的なタケローズならではのデザインは走りを忘れられないワゴン・ミニバンユーザーの期待を裏切りません。　<br>素材：ＦＲＰ製　注意）未塗装のため塗装が必要となります。 <br>対応車種：ASR/GSR エスティマ　アエラス用 <br>　<br>ボディパーツ/グリル<tr><td colspan=""2"">
<center><img src=""https://image.rakuten.co.jp/parts/cabinet/design/2017summertire2.jpg"" border=""0"" width=""800px""><br>
</td></tr></center>


<!--

<center>
<img src=""http://image.rakuten.co.jp/parts/cabinet/sale/201612ss_45_pc2.gif"" border=""0"" width=""800px"">
</center><br><br>
<center>
<img src=""http://image.rakuten.co.jp/parts/cabinet/sale/conbini201612pc.jpg"" border=""0"" width=""800px""
><br>

-->



<!--

<style type=""text/css"">
body{

background-image: url(""http://image.rakuten.co.jp/parts/cabinet/sale/36_shop_100x600.gif"");

background-repeat:repeat-y;
background-attachment:scroll;
background-position: right;

}
</style>-->",Takeros(タケローズ)ASR/GSR エスティマ フロントグリル：ＰＡＲＴＳ,ヘッドライトテールライトコーナーライトサイドマーカーカーボンアンテナドアミラーエアロメーターパネルリップスポイラーウイングホイールカバーペダル車高調ブレーキドライブレコーダーワイパーグリルボンネットローダウンTakeros(タケローズ)ASR/GSR エスティマ フロントグリル,Takeros(タケローズ)ASR/GSR エスティマ フロントグリル[rn]
17-43452,http://tshop.r10s.jp/parts/cabinet/detail-g/gbg-v497bc.jpg?fitin=700:700,10243.2000,,車用品・バイク用品 > カー用品 > 外装パーツ > エアロパーツ > フロントグリル,Europarts(ユーロパーツ) マークレスグリル クローム/ブラック 96-04 ボルボ S40/V40,,"人気のＸＣルックデザイン。グリルネット付きでレーシーにそのまま使用してもＯＫです。塗装もできるのでクールにドレスアップも可能です。<br><br>強度・耐久性も抜群です。車種別専用設計なので取り付けも容易で、お手軽にドレスアップできるのも魅力です。<br><br>カラー：クローム/ブラック　　材質：ABS製<br><br>対応車種： ＶＯＬＶＯ　Ｓ４０/Ｖ４０<br><br>車検対応品<br><br>ボディパーツ | グリル<tr><td colspan=""2"">
<center><img src=""https://image.rakuten.co.jp/parts/cabinet/design/2017summertire2.jpg"" border=""0"" width=""800px""><br>
</td></tr></center>


<!--

<center>
<img src=""http://image.rakuten.co.jp/parts/cabinet/sale/201612ss_45_pc2.gif"" border=""0"" width=""800px"">
</center><br><br>
<center>
<img src=""http://image.rakuten.co.jp/parts/cabinet/sale/conbini201612pc.jpg"" border=""0"" width=""800px""
><br>

-->



<!--

<style type=""text/css"">
body{

background-image: url(""http://image.rakuten.co.jp/parts/cabinet/sale/36_shop_100x600.gif"");

background-repeat:repeat-y;
background-attachment:scroll;
background-position: right;

}
</style>-->",Europarts(ユーロパーツ) マークレスグリル クローム/ブラック 96-04 ボルボ S40/V40：ＰＡＲＴＳ,ヘッドライトテールライトコーナーライトサイドマーカーカーボンアンテナドアミラーエアロメーターパネルリップスポイラーウイングホイールカバーペダル車高調ブレーキドライブレコーダーワイパーグリルボンネットローダウンEuroparts(ユーロパーツ) マークレスグリル クローム/ブラック 96-04 ボルボ S40/V40,Europarts(ユーロパーツ) マークレスグリル クローム/ブラック 96-04 ボルボ S40/V40[rn]
17-43453,http://tshop.r10s.jp/bmp/cabinet/03082377/04411409/imgrc0065556537.jpg?fitin=700:700,21728.0000,,車用品・バイク用品 > カー用品 > 外装パーツ > エアロパーツ > フロントグリル,【BMW純正】BMW F45/F46 2シリーズ BMW M Performance ブラック・キドニー・グリル セット　アクティブツアラー/グランツアラー,【BMW純正】,"品質保証のＢＭＷ純正部品<br><br>
BMW F45/F46 2シリーズ アクティブツアラー/グランツアラー M Performance ブラック・キドニー・グリル 左右セット<br>

<br>
光沢仕上げになっており、ブラックのフレームとバーが、独自性とダイナミック性を際立たせます。<br>
更にスポーティーな印象になります。

<br><br><br>
<font size=1>

メーカー希望小売価格はメーカーカタログに基づいて掲載しています<br>
※本ファイルは5MBと大変大きくなっております。クリックの際はご注意下さい。
</font><style>

*{
margin:0;
padding:0;
}

img{
border:0;
}

.mgn10{
	margin-bottom:10px;
}


</style>
<div class=""mgn10"">
  
</div>




<br><br>

<img src=""https://image.rakuten.co.jp/bmp/cabinet/01595106/imgrc0068031713.jpg"">
<br>
<br>

<img src=""http://image.rakuten.co.jp/bmp/cabinet/04708965/imgrc0064763579.jpg"">
<br>
<br>

<img src=""https://image.rakuten.co.jp/bmp/cabinet/01595106/imgrc0068031712.jpg"">
<br>
<br>",【BMW純正】BMW F45/F46 2シリーズ BMW M Performance ブラック・キドニー・グリル セット　アクティブツアラー/グランツアラー：BMモーターパーツ BMW純正品専門店,BMWBMW 純正 パーツbmw 純正部品BMW 純正パーツ 販売BMW M3BMW M6mini アクセサリーBMW E90BMW E92BMW M3bmw キーホルダーBMW MINIBMW アクセサリーbmw エンブレムBMW フロアマットBMW M4 アクセサリーBMW ボディーカバーbmw ステッカーbmw アルミホイールBMW Performance【BMW純正】BMW F45/F46 2シリーズ BMW M Performance ブラック・キドニー・グリル セット　アクティブツアラー/グランツアラー,【BMW純正】。【BMW純正】BMW F45/F46 2シリーズ BMW M Performance ブラック・キドニー・グリル セット　アクティブツアラー/グランツアラー[rn]
17-43454,http://tshop.r10s.jp/bmp/cabinet/03129837/03129839/imgrc0065542547.jpg?fitin=700:700,12880.0000,,車用品・バイク用品 > カー用品 > 外装パーツ > エアロパーツ > フロントグリル,【BMW純正】BMW F20 LCI １シリーズ  後期用 Sportライン　標準装備 キドニー・グリル セット,【BMW純正】,"品質保証のＢＭＷ純正部品<br><br>
BMW F20 LCI １シリーズ  後期用 Sportライン　標準装備 キドニー・グリル セット　左右セット。<br>
<br>
適合：F20 後期 2015/02以降の生産車<br>
※ナイト・ビジョン非装備車用<br>
<br>
外枠がクローム、縦フィンがハイグロスブラック仕上げ仕上げキドニー・グリル。
<br><br>
スポーティーな印象になります。


<br><br><br>
<font size=1>

メーカー希望小売価格はメーカーカタログに基づいて掲載しています<br>
※本ファイルは3MBと大変大きくなっております。クリックの際はご注意下さい。
</font><style>

*{
margin:0;
padding:0;
}

img{
border:0;
}

.mgn10{
	margin-bottom:10px;
}


</style>
<div class=""mgn10"">
  
</div>




<br><br>

<img src=""https://image.rakuten.co.jp/bmp/cabinet/01595106/imgrc0068031713.jpg"">
<br>
<br>

<img src=""http://image.rakuten.co.jp/bmp/cabinet/04708965/imgrc0064763579.jpg"">
<br>
<br>

<img src=""https://image.rakuten.co.jp/bmp/cabinet/01595106/imgrc0068031712.jpg"">
<br>
<br>",【BMW純正】BMW F20 LCI １シリーズ  後期用 Sportライン　標準装備 キドニー・グリル セット：BMモーターパーツ BMW純正品専門店,BMWBMW 純正 パーツbmw 純正部品BMW 純正パーツ 販売BMW M3BMW M6mini アクセサリーBMW E90BMW E92BMW M3bmw キーホルダーBMW MINIBMW アクセサリーbmw エンブレムBMW フロアマットBMW M4 アクセサリーBMW ボディーカバーbmw ステッカーbmw アルミホイールBMW Performance【BMW純正】BMW F20 LCI １シリーズ  後期用 Sportライン　標準装備 キドニー・グリル セット,【BMW純正】。【BMW純正】BMW F20 LCI １シリーズ  後期用 Sportライン　標準装備 キドニー・グリル セット[rn]
17-43455,http://tshop.r10s.jp/bmp/cabinet/01365960/01508211/img56620489.jpg?fitin=700:700,39576.0000,,車用品・バイク用品 > カー用品 > 外装パーツ > エアロパーツ > フロントグリル,BMW MINI JOHN COOPER WORKS R55/R56/R57R58/R59用　JCWカーボン・エアインテーク,【BMW MINI 純正パーツ】,"品質保証のBMW純正部品<br><br>
BMW MINI JOHN COOPER WORKS R55/R56/R57用　JCWカーボン・エアインテーク<br>
<BR>
適合車種：下記車種のCOOPER S、JCW<br>
R56/R57(ハッチバッグ/カブリオレ)<br>
R55(CLUBMAN)<br>
R58/R59(Coupe/Roadster)<br>
<br>
純正ならではの非常に綺麗なカーボンです。<br>
ボンネットに強烈なインパクトを与えます。
<br><br>
<FONT COLOR=RED>送料無料。</FONT>（離島を除く）



<br><br><br>
<br><br><br>
<font size=1>

メーカー希望小売価格はメーカーカタログに基づいて掲載しています<br>
※本ファイルは5MBと大変大きくなっております。クリックの際はご注意下さい。
</font><style>

*{
margin:0;
padding:0;
}

img{
border:0;
}

.mgn10{
	margin-bottom:10px;
}


</style>
<div class=""mgn10"">
  
</div>




<br><br>

<img src=""https://image.rakuten.co.jp/bmp/cabinet/01595106/imgrc0068031713.jpg"">
<br>
<br>

<img src=""http://image.rakuten.co.jp/bmp/cabinet/04708965/imgrc0064763579.jpg"">
<br>
<br>

<img src=""https://image.rakuten.co.jp/bmp/cabinet/01595106/imgrc0068031712.jpg"">
<br>
<br>",BMW MINI JOHN COOPER WORKS R55/R56/R57R58/R59用　JCWカーボン・エアインテーク：BMモーターパーツ BMW純正品専門店,BMWBMW 純正 パーツbmw 純正部品BMW 純正パーツ 販売BMW M3BMW M6mini アクセサリーBMW E90BMW E92BMW M3bmw キーホルダーBMW MINIBMW アクセサリーbmw エンブレムBMW フロアマットBMW M4 アクセサリーBMW ボディーカバーbmw ステッカーbmw アルミホイールBMW PerformanceBMW MINI JOHN COOPER WORKS R55/R56/R57R58/R59用　JCWカーボン・エアインテーク,【BMW MINI 純正パーツ】。BMW MINI JOHN COOPER WORKS R55/R56/R57R58/R59用　JCWカーボン・エアインテーク[rn]
17-43456,http://tshop.r10s.jp/bmp/cabinet/01091398/img56770966.jpg?fitin=700:700,11576.0000,,車用品・バイク用品 > カー用品 > 外装パーツ > エアロパーツ > フロントグリル,BMW Performance パーツ １シリーズ 後期型用 BMW E82E88/E87後期(Mスポーツ除く) ブラック・グリルセット BMW パフォーマンス,【BMW 純正 PERFORMANCE】,"品質保証のＢＭＷ純正部品<br>
BMW Performance 後期型用ブラッククロームグリルセットです。<br><br>
適合：E82 クーペ（全車種）<br>
E88 カブリオレ（全車種）<br>
E87 5ドア 後期（Mスポーツ車を除く）<br>
<br>

枠が黒の光沢仕上げになっています。<br>
とてもスポーティーな印象になります。<br><br>
07/3生産以降のE87後期Lci.E82.E88に装着可能です。（Mスポーツ車を除く）<br>
<BR>
※画像の通り、両端が丸くなった形状のグリルです。両端が尖ったタイプは別途設定がございます。
<br><br><br>
<br><br><br>
<font size=2>

メーカー希望小売価格はメーカーカタログに基づいて掲載しています<br>
※本ファイルは5MBと大変大きくなっております。クリックの際はご注意下さい。
</font><style>

*{
margin:0;
padding:0;
}

img{
border:0;
}

.mgn10{
	margin-bottom:10px;
}


</style>
<div class=""mgn10"">
  
</div>




<br><br>

<img src=""https://image.rakuten.co.jp/bmp/cabinet/01595106/imgrc0068031713.jpg"">
<br>
<br>

<img src=""http://image.rakuten.co.jp/bmp/cabinet/04708965/imgrc0064763579.jpg"">
<br>
<br>

<img src=""https://image.rakuten.co.jp/bmp/cabinet/01595106/imgrc0068031712.jpg"">
<br>
<br>",BMW Performance パーツ １シリーズ 後期型用 BMW E82E88/E87後期(Mスポーツ除く) ブラック・グリルセット BMW パフォーマンス：BMモーターパーツ BMW純正品専門店,BMWBMW 純正 パーツbmw 純正部品BMW 純正パーツ 販売BMW M3BMW M6mini アクセサリーBMW E90BMW E92BMW M3bmw キーホルダーBMW MINIBMW アクセサリーbmw エンブレムBMW フロアマットBMW M4 アクセサリーBMW ボディーカバーbmw ステッカーbmw アルミホイールBMW PerformanceBMW Performance パーツ １シリーズ 後期型用 BMW E82E88/E87後期(Mスポーツ除く) ブラック・グリルセット BMW パフォーマンス,【BMW 純正 PERFORMANCE】。BMW Performance パーツ １シリーズ 後期型用 BMW E82E88/E87後期(Mスポーツ除く) ブラック・グリルセット BMW パフォーマンス[rn]
17-43457,http://tshop.r10s.jp/bmp/cabinet/03082377/03476247/img61346372.jpg?fitin=700:700,34448.0000,,車用品・バイク用品 > カー用品 > 外装パーツ > エアロパーツ > フロントグリル,BMW F06 グランクーペ M6 フロント・グリルセット,【BMW純正】,"品質保証のBMW純正部品<br>
BMW F06 グランクーペ M6用グリルセット<br>
<br>
M6バッジ付き<BR>
適合車種：<br>
F06（グランクーペ）<br>
F12（カブリオレ）<br>
F13（クーペ）<br>
<br>
※ナイトビジョン歩行者検知 非装備車

<br>
<br><br><br>
<br><br><br>
<font size=2>

メーカー希望小売価格はメーカーカタログに基づいて掲載しています<br>
※本ファイルは2MBと大変大きくなっております。クリックの際はご注意下さい。
</font><style>

*{
margin:0;
padding:0;
}

img{
border:0;
}

.mgn10{
	margin-bottom:10px;
}


</style>
<div class=""mgn10"">
  
</div>




<br><br>

<img src=""https://image.rakuten.co.jp/bmp/cabinet/01595106/imgrc0068031713.jpg"">
<br>
<br>

<img src=""http://image.rakuten.co.jp/bmp/cabinet/04708965/imgrc0064763579.jpg"">
<br>
<br>

<img src=""https://image.rakuten.co.jp/bmp/cabinet/01595106/imgrc0068031712.jpg"">
<br>
<br>",BMW F06 グランクーペ M6 フロント・グリルセット：BMモーターパーツ BMW純正品専門店,BMWBMW 純正 パーツbmw 純正部品BMW 純正パーツ 販売BMW M3BMW M6mini アクセサリーBMW E90BMW E92BMW M3bmw キーホルダーBMW MINIBMW アクセサリーbmw エンブレムBMW フロアマットBMW M4 アクセサリーBMW ボディーカバーbmw ステッカーbmw アルミホイールBMW PerformanceBMW F06 グランクーペ M6 フロント・グリルセット,【BMW純正】。BMW F06 グランクーペ M6 フロント・グリルセット[rn]
17-43458,http://tshop.r10s.jp/bmp/cabinet/03129837/03129839/imgrc0064177898.jpg?fitin=700:700,15208.0000,,車用品・バイク用品 > カー用品 > 外装パーツ > エアロパーツ > フロントグリル,【BMW純正】BMW F20 LCI １シリーズ  後期用 BMW M Performance ブラック・キドニー・グリル セット,【BMW純正】,"品質保証のＢＭＷ純正部品<br><br>
BMW F20 LCI 1シリーズ 後期用　BMW M Performance ブラック・キドニー・グリル　左右セット。<br>
<br>
適合：F20 後期 2015/02以降の生産車<br>
※ナイト・ビジョン非装備車用<br>
<br>
光沢仕上げになっており、ブラックのフレームとバーが、独自性とダイナミック性を際立たせます。<br>
スポーティーな印象になります。


<br><br><br>
<font size=1>

メーカー希望小売価格はメーカーカタログに基づいて掲載しています<br>
※本ファイルは3MBと大変大きくなっております。クリックの際はご注意下さい。
</font><style>

*{
margin:0;
padding:0;
}

img{
border:0;
}

.mgn10{
	margin-bottom:10px;
}


</style>
<div class=""mgn10"">
  
</div>




<br><br>

<img src=""https://image.rakuten.co.jp/bmp/cabinet/01595106/imgrc0068031713.jpg"">
<br>
<br>

<img src=""http://image.rakuten.co.jp/bmp/cabinet/04708965/imgrc0064763579.jpg"">
<br>
<br>

<img src=""https://image.rakuten.co.jp/bmp/cabinet/01595106/imgrc0068031712.jpg"">
<br>
<br>",【BMW純正】BMW F20 LCI １シリーズ  後期用 BMW M Performance ブラック・キドニー・グリル セット：BMモーターパーツ BMW純正品専門店,BMWBMW 純正 パーツbmw 純正部品BMW 純正パーツ 販売BMW M3BMW M6mini アクセサリーBMW E90BMW E92BMW M3bmw キーホルダーBMW MINIBMW アクセサリーbmw エンブレムBMW フロアマットBMW M4 アクセサリーBMW ボディーカバーbmw ステッカーbmw アルミホイールBMW Performance【BMW純正】BMW F20 LCI １シリーズ  後期用 BMW M Performance ブラック・キドニー・グリル セット,【BMW純正】。【BMW純正】BMW F20 LCI １シリーズ  後期用 BMW M Performance ブラック・キドニー・グリル セット[rn]
17-43459,http://tshop.r10s.jp/bmp/cabinet/03129837/03129841/img61305906.jpg?fitin=700:700,30264.0000,,車用品・バイク用品 > カー用品 > 外装パーツ > エアロパーツ > フロントグリル,BMW F10 M5 LCI キドニーグリル,【送料無料】【BMW純正】,"品質保証のBMW純正部品<br>
BMW F10 M5 LCI キドニーグリル　左右セット<br>
<br><br>
適合：F10/F11 5シリーズ 後期/後期<br>
※ナイトヴィジョン装備車を除く。<BR>
<br>
<br>
片側にM5エンブレムを施したブラック＆クロームグリルです。<br>
枠がクローム、フィンが黒の光沢仕上げになっています。<br><br>
グリルを交換するだけでも、顔がガラッと変わり、とてもスポーティーな印象になります。<br>
<br>
<font color=blue>店長オススメのアイテムです！
</font> 


<br><br><br>
<font size=1>

メーカー希望小売価格はメーカーカタログに基づいて掲載しています<br>
※本ファイルは3MBと大変大きくなっております。クリックの際はご注意下さい。
</font><style>

*{
margin:0;
padding:0;
}

img{
border:0;
}

.mgn10{
	margin-bottom:10px;
}


</style>
<div class=""mgn10"">
  
</div>




<br><br>

<img src=""https://image.rakuten.co.jp/bmp/cabinet/01595106/imgrc0068031713.jpg"">
<br>
<br>

<img src=""http://image.rakuten.co.jp/bmp/cabinet/04708965/imgrc0064763579.jpg"">
<br>
<br>

<img src=""https://image.rakuten.co.jp/bmp/cabinet/01595106/imgrc0068031712.jpg"">
<br>
<br>",BMW F10 M5 LCI キドニーグリル：BMモーターパーツ BMW純正品専門店,BMWBMW 純正 パーツbmw 純正部品BMW 純正パーツ 販売BMW M3BMW M6mini アクセサリーBMW E90BMW E92BMW M3bmw キーホルダーBMW MINIBMW アクセサリーbmw エンブレムBMW フロアマットBMW M4 アクセサリーBMW ボディーカバーbmw ステッカーbmw アルミホイールBMW PerformanceBMW F10 M5 LCI キドニーグリル,【送料無料】【BMW純正】。BMW F10 M5 LCI キドニーグリル[rn]
17-43460,http://tshop.r10s.jp/bmp/cabinet/03082377/03938496/img61391120.jpg?fitin=700:700,14584.0000,,車用品・バイク用品 > カー用品 > 外装パーツ > エアロパーツ > フロントグリル,【BMW純正】BMW F22 2シリーズ BMW M Performance ブラック・キドニー・グリル セット,【BMW純正】,"品質保証のＢＭＷ純正部品<br><br>
BMW F22 2シリーズ BMW M Performance ブラック・キドニー・グリル 左右セット。<br>
<br>
※ナイト・ビジョン非装備車用<br>
<br>
光沢仕上げになっており、ブラックのフレームとバーが、独自性とダイナミック性を際立たせます。<br>
スポーティーな印象になります。
<br><br>
<br><br><br>
<br><br><br>
<font size=1>

メーカー希望小売価格はメーカーカタログに基づいて掲載しています<br>
※本ファイルは5MBと大変大きくなっております。クリックの際はご注意下さい。
</font><style>

*{
margin:0;
padding:0;
}

img{
border:0;
}

.mgn10{
	margin-bottom:10px;
}


</style>
<div class=""mgn10"">
  
</div>




<br><br>

<img src=""https://image.rakuten.co.jp/bmp/cabinet/01595106/imgrc0068031713.jpg"">
<br>
<br>

<img src=""http://image.rakuten.co.jp/bmp/cabinet/04708965/imgrc0064763579.jpg"">
<br>
<br>

<img src=""https://image.rakuten.co.jp/bmp/cabinet/01595106/imgrc0068031712.jpg"">
<br>
<br>",【BMW純正】BMW F22 2シリーズ BMW M Performance ブラック・キドニー・グリル セット：BMモーターパーツ BMW純正品専門店,BMWBMW 純正 パーツbmw 純正部品BMW 純正パーツ 販売BMW M3BMW M6mini アクセサリーBMW E90BMW E92BMW M3bmw キーホルダーBMW MINIBMW アクセサリーbmw エンブレムBMW フロアマットBMW M4 アクセサリーBMW ボディーカバーbmw ステッカーbmw アルミホイールBMW Performance【BMW純正】BMW F22 2シリーズ BMW M Performance ブラック・キドニー・グリル セット,【BMW純正】。【BMW純正】BMW F22 2シリーズ BMW M Performance ブラック・キドニー・グリル セット[rn]
17-43461,http://tshop.r10s.jp/bmp/cabinet/03082377/03476247/img59742469.jpg?fitin=700:700,15824.0000,,車用品・バイク用品 > カー用品 > 外装パーツ > エアロパーツ > フロントグリル,BMW F12/F13/F06 6シリーズ 前期  M Performanceブラック・キドニー・グリルセット　(～2015.2),【BMW純正】,"品質保証のBMW純正部品<br>
BMW F12/F13/F06 6シリーズ用ブラッククロームグリルセット<br>
<br>

フィンの表面はクローム仕上げ。<br>
グリルを交換するだけでも、顔がガラッと変わり、とてもスポーティーな印象になります。<br>
<br>
<font color=blue>店長オススメのアイテムです！
</font> 
<br>
<br>
適合車種：<br>
F12（カブリオレ）<br>
F13（クーペ）<br>
F06（グランクーペ）<br>
上記車種の前期（2015年2月までの生産車両）<br>
※ナイトビジョン歩行者検知 非装備車 

<br><br><br>
<font size=1>

メーカー希望小売価格はメーカーカタログに基づいて掲載しています<br>
※本ファイルは2MBと大変大きくなっております。クリックの際はご注意下さい。
</font><style>

*{
margin:0;
padding:0;
}

img{
border:0;
}

.mgn10{
	margin-bottom:10px;
}


</style>
<div class=""mgn10"">
  
</div>




<br><br>

<img src=""https://image.rakuten.co.jp/bmp/cabinet/01595106/imgrc0068031713.jpg"">
<br>
<br>

<img src=""http://image.rakuten.co.jp/bmp/cabinet/04708965/imgrc0064763579.jpg"">
<br>
<br>

<img src=""https://image.rakuten.co.jp/bmp/cabinet/01595106/imgrc0068031712.jpg"">
<br>
<br>",BMW F12/F13/F06 6シリーズ 前期  M Performanceブラック・キドニー・グリルセット　(～2015.2)：BMモーターパーツ BMW純正品専門店,BMWBMW 純正 パーツbmw 純正部品BMW 純正パーツ 販売BMW M3BMW M6mini アクセサリーBMW E90BMW E92BMW M3bmw キーホルダーBMW MINIBMW アクセサリーbmw エンブレムBMW フロアマットBMW M4 アクセサリーBMW ボディーカバーbmw ステッカーbmw アルミホイールBMW PerformanceBMW F12/F13/F06 6シリーズ 前期  M Performanceブラック・キドニー・グリルセット　(～2015.2),【BMW純正】。BMW F12/F13/F06 6シリーズ 前期  M Performanceブラック・キドニー・グリルセット　(～2015.2)[rn]
17-43462,http://tshop.r10s.jp/bmp/cabinet/03129837/03129841/img61305933.jpg?fitin=700:700,52768.0000,,車用品・バイク用品 > カー用品 > 外装パーツ > エアロパーツ > フロントグリル,BMW F10 M5 M PERFORMANCE ブラック・キドニー・グリル,【BMW純正】,"品質保証のBMW純正部品<br>
BMW F10 M5 M PERFORMANCE ブラック・キドニー・グリル　左右セット<br>
<br><br>
適合：F10/F11 5シリーズ<br>
※ナイトヴィジョン装備車を除く。<BR>
<br>
<br>
片側にM5エンブレムを施したブラックグリルです。<br>
枠とフィンが黒の光沢仕上げになっています。<br><br>
グリルを交換するだけでも、顔がガラッと変わり、とてもスポーティーな印象になります。<br>
<br>
<font color=blue>店長オススメのアイテムです！
</font> 



<br><br><br>
<font size=1>

メーカー希望小売価格はメーカーカタログに基づいて掲載しています<br>
※本ファイルは3MBと大変大きくなっております。クリックの際はご注意下さい。
</font><style>

*{
margin:0;
padding:0;
}

img{
border:0;
}

.mgn10{
	margin-bottom:10px;
}


</style>
<div class=""mgn10"">
  
</div>




<br><br>

<img src=""https://image.rakuten.co.jp/bmp/cabinet/01595106/imgrc0068031713.jpg"">
<br>
<br>

<img src=""http://image.rakuten.co.jp/bmp/cabinet/04708965/imgrc0064763579.jpg"">
<br>
<br>

<img src=""https://image.rakuten.co.jp/bmp/cabinet/01595106/imgrc0068031712.jpg"">
<br>
<br>",BMW F10 M5 M PERFORMANCE ブラック・キドニー・グリル：BMモーターパーツ BMW純正品専門店,BMWBMW 純正 パーツbmw 純正部品BMW 純正パーツ 販売BMW M3BMW M6mini アクセサリーBMW E90BMW E92BMW M3bmw キーホルダーBMW MINIBMW アクセサリーbmw エンブレムBMW フロアマットBMW M4 アクセサリーBMW ボディーカバーbmw ステッカーbmw アルミホイールBMW PerformanceBMW F10 M5 M PERFORMANCE ブラック・キドニー・グリル,【BMW純正】。BMW F10 M5 M PERFORMANCE ブラック・キドニー・グリル[rn]
17-43463,http://tshop.r10s.jp/bmp/cabinet/03082377/03082379/img58593268.jpg?fitin=700:700,12416.0000,,車用品・バイク用品 > カー用品 > 外装パーツ > エアロパーツ > フロントグリル,【BMW純正】BMW F20 １シリーズ 前期用 BMW M Performance ブラック・キドニー・グリル セット,【BMW純正】,"品質保証のＢＭＷ純正部品<br><br>
BMW F20 1シリーズ用　BMW M Performance ブラック・キドニー・グリル　左右セット。<br>
<br>
適合：F20 前期 2015/02までの生産車<br>
※ナイト・ビジョン非装備車用<br>
<br>
光沢仕上げになっており、ブラックのフレームとバーが、独自性とダイナミック性を際立たせます。<br>
スポーティーな印象になります。


<br><br><br>
<font size=1>

メーカー希望小売価格はメーカーカタログに基づいて掲載しています<br>
※本ファイルは3MBと大変大きくなっております。クリックの際はご注意下さい。
</font><style>

*{
margin:0;
padding:0;
}

img{
border:0;
}

.mgn10{
	margin-bottom:10px;
}


</style>
<div class=""mgn10"">
  
</div>




<br><br>

<img src=""https://image.rakuten.co.jp/bmp/cabinet/01595106/imgrc0068031713.jpg"">
<br>
<br>

<img src=""http://image.rakuten.co.jp/bmp/cabinet/04708965/imgrc0064763579.jpg"">
<br>
<br>

<img src=""https://image.rakuten.co.jp/bmp/cabinet/01595106/imgrc0068031712.jpg"">
<br>
<br>",【BMW純正】BMW F20 １シリーズ 前期用 BMW M Performance ブラック・キドニー・グリル セット：BMモーターパーツ BMW純正品専門店,BMWBMW 純正 パーツbmw 純正部品BMW 純正パーツ 販売BMW M3BMW M6mini アクセサリーBMW E90BMW E92BMW M3bmw キーホルダーBMW MINIBMW アクセサリーbmw エンブレムBMW フロアマットBMW M4 アクセサリーBMW ボディーカバーbmw ステッカーbmw アルミホイールBMW Performance【BMW純正】BMW F20 １シリーズ 前期用 BMW M Performance ブラック・キドニー・グリル セット,【BMW純正】。【BMW純正】BMW F20 １シリーズ 前期用 BMW M Performance ブラック・キドニー・グリル セット[rn]
17-43464,http://tshop.r10s.jp/bmp/cabinet/03082377/03144373/imgrc0065008713.jpg?fitin=700:700,5664.0000,,車用品・バイク用品 > カー用品 > 外装パーツ > エアロパーツ > フロントグリル,BMW F25 X3 ドア・エッジ・プロテクション,【BMW純正】,"品質保証のBMW純正部品<br>
BMW F25 X3 ドア・エッジ・プロテクション<br>
<br>
フロント/リヤの左右ドア1台分の4枚セット。
<br><br>
ドア・エッジの傷つきやすい部分を保護します。<br>
クリア（透明）なポリウレタン素材のフィルムで、表面に特殊コーティングを施してあります。<br><br>
※ 写真のベース車両はX3とは異なります。写真は貼付箇所を強調していますが、実際のカラーは車両になじむ透明です。


<br><br><br>
<font size=1>

メーカー希望小売価格はメーカーカタログに基づいて掲載しています<br>
※本ファイルは5MBと大変大きくなっております。クリックの際はご注意下さい。
</font><style>

*{
margin:0;
padding:0;
}

img{
border:0;
}

.mgn10{
	margin-bottom:10px;
}


</style>
<div class=""mgn10"">
  
</div>




<br><br>

<img src=""https://image.rakuten.co.jp/bmp/cabinet/01595106/imgrc0068031713.jpg"">
<br>
<br>

<img src=""http://image.rakuten.co.jp/bmp/cabinet/04708965/imgrc0064763579.jpg"">
<br>
<br>

<img src=""https://image.rakuten.co.jp/bmp/cabinet/01595106/imgrc0068031712.jpg"">
<br>
<br>",BMW F25 X3 ドア・エッジ・プロテクション：BMモーターパーツ BMW純正品専門店,BMWBMW 純正 パーツbmw 純正部品BMW 純正パーツ 販売BMW M3BMW M6mini アクセサリーBMW E90BMW E92BMW M3bmw キーホルダーBMW MINIBMW アクセサリーbmw エンブレムBMW フロアマットBMW M4 アクセサリーBMW ボディーカバーbmw ステッカーbmw アルミホイールBMW PerformanceBMW F25 X3 ドア・エッジ・プロテクション,【BMW純正】。BMW F25 X3 ドア・エッジ・プロテクション[rn]
17-43465,http://tshop.r10s.jp/bmp/cabinet/03082377/03144373/imgrc0065008690.jpg?fitin=700:700,14744.0000,,車用品・バイク用品 > カー用品 > 外装パーツ > エアロパーツ > フロントグリル,BMW F25 X3 / F26 X4 ブラック・キドニー・グリルセット (2014/04～),【送料無料】【BMW純正】,"品質保証のBMW純正部品<br>
F25 X3 / F26 X4 後期用　ブラック・グリルセット<br>
<br>
適合：F25 X3/F26 X4<br>
2014年4月以降の生産車<BR>
<br>
枠とフィンの正面が黒の光沢仕上げになっています。<br>
グリルを交換するだけでも、顔がガラッと変わり、とてもスポーティーな印象になります。<br>
<br>
<font color=blue>店長オススメのアイテムです！
</font> 


<br><br><br>
<font size=1>

メーカー希望小売価格はメーカーカタログに基づいて掲載しています<br>
※本ファイルは5MBと大変大きくなっております。クリックの際はご注意下さい。
</font><style>

*{
margin:0;
padding:0;
}

img{
border:0;
}

.mgn10{
	margin-bottom:10px;
}


</style>
<div class=""mgn10"">
  
</div>




<br><br>

<img src=""https://image.rakuten.co.jp/bmp/cabinet/01595106/imgrc0068031713.jpg"">
<br>
<br>

<img src=""http://image.rakuten.co.jp/bmp/cabinet/04708965/imgrc0064763579.jpg"">
<br>
<br>

<img src=""https://image.rakuten.co.jp/bmp/cabinet/01595106/imgrc0068031712.jpg"">
<br>
<br>",BMW F25 X3 / F26 X4 ブラック・キドニー・グリルセット (2014/04～)：BMモーターパーツ BMW純正品専門店,BMWBMW 純正 パーツbmw 純正部品BMW 純正パーツ 販売BMW M3BMW M6mini アクセサリーBMW E90BMW E92BMW M3bmw キーホルダーBMW MINIBMW アクセサリーbmw エンブレムBMW フロアマットBMW M4 アクセサリーBMW ボディーカバーbmw ステッカーbmw アルミホイールBMW PerformanceBMW F25 X3 / F26 X4 ブラック・キドニー・グリルセット (2014/04～),【送料無料】【BMW純正】。BMW F25 X3 / F26 X4 ブラック・キドニー・グリルセット (2014/04～)[rn]
17-43466,http://tshop.r10s.jp/bmp/cabinet/01777701/img57099601.jpg?fitin=700:700,16112.0000,,車用品・バイク用品 > カー用品 > 外装パーツ > エアロパーツ > フロントグリル,BMW グリル BMW E84 X1 チタングリルセット,【BMW純正パーツ】,"品質保証のＢＭＷ純正部品<br>
E84/X1用チタングリルセットです。<br>
2.5xi仕様<br>
<br>
フィン部分がチタンカラーに処理されていてとても高級感があります。<BR>
<BR>
取り付けが固いため交換作業はディーラーまたは専門店で行ってください。
<br>
<br><br>
<br><br><br>
<font size=2>
メーカー希望小売価格はメーカーカタログに基づいて掲載しています<br>
※本ファイルは4MBと大変大きくなっております。クリックの際はご注意下さい。
</font><style>

*{
margin:0;
padding:0;
}

img{
border:0;
}

.mgn10{
	margin-bottom:10px;
}


</style>
<div class=""mgn10"">
  
</div>




<br><br>

<img src=""https://image.rakuten.co.jp/bmp/cabinet/01595106/imgrc0068031713.jpg"">
<br>
<br>

<img src=""http://image.rakuten.co.jp/bmp/cabinet/04708965/imgrc0064763579.jpg"">
<br>
<br>

<img src=""https://image.rakuten.co.jp/bmp/cabinet/01595106/imgrc0068031712.jpg"">
<br>
<br>",BMW グリル BMW E84 X1 チタングリルセット：BMモーターパーツ BMW純正品専門店,BMWBMW 純正 パーツbmw 純正部品BMW 純正パーツ 販売BMW M3BMW M6mini アクセサリーBMW E90BMW E92BMW M3bmw キーホルダーBMW MINIBMW アクセサリーbmw エンブレムBMW フロアマットBMW M4 アクセサリーBMW ボディーカバーbmw ステッカーbmw アルミホイールBMW PerformanceBMW グリル BMW E84 X1 チタングリルセット,【BMW純正パーツ】。BMW グリル BMW E84 X1 チタングリルセット[rn]
17-43467,http://tshop.r10s.jp/bmp/cabinet/01074660/img58154989.jpg?fitin=700:700,13440.0000,,車用品・バイク用品 > カー用品 > 外装パーツ > エアロパーツ > フロントグリル,BMW E83/X3Lci 後期用 ブラック・グリルセット,【BMW 純正】,"品質保証のＢＭＷ純正部品<br>
BMW E83/X3Lciブラッククロームグリルセットです。枠が黒の光沢、フィン部分がマット仕上げになっております。<br>
とてもスポーティーな印象になります。<br>
<BR>
適合：2006年9月以降の生産車両


<br><br><br>
<font size=1>

メーカー希望小売価格はメーカーカタログに基づいて掲載しています<br>
※本ファイルは5MBと大変大きくなっております。クリックの際はご注意下さい。
</font><style>

*{
margin:0;
padding:0;
}

img{
border:0;
}

.mgn10{
	margin-bottom:10px;
}


</style>
<div class=""mgn10"">
  
</div>




<br><br>

<img src=""https://image.rakuten.co.jp/bmp/cabinet/01595106/imgrc0068031713.jpg"">
<br>
<br>

<img src=""http://image.rakuten.co.jp/bmp/cabinet/04708965/imgrc0064763579.jpg"">
<br>
<br>

<img src=""https://image.rakuten.co.jp/bmp/cabinet/01595106/imgrc0068031712.jpg"">
<br>
<br>",BMW E83/X3Lci 後期用 ブラック・グリルセット：BMモーターパーツ BMW純正品専門店,BMWBMW 純正 パーツbmw 純正部品BMW 純正パーツ 販売BMW M3BMW M6mini アクセサリーBMW E90BMW E92BMW M3bmw キーホルダーBMW MINIBMW アクセサリーbmw エンブレムBMW フロアマットBMW M4 アクセサリーBMW ボディーカバーbmw ステッカーbmw アルミホイールBMW PerformanceBMW E83/X3Lci 後期用 ブラック・グリルセット,【BMW 純正】。BMW E83/X3Lci 後期用 ブラック・グリルセット[rn]
17-43468,http://tshop.r10s.jp/bmp/cabinet/03082377/03144373/imgrc0065008714.jpg?fitin=700:700,5664.0000,,車用品・バイク用品 > カー用品 > 外装パーツ > エアロパーツ > フロントグリル,BMW F25 X3 ドア・ハンドル・プロテクション,【BMW純正】,"品質保証のBMW純正部品<br>
BMW F25 X3 ドア・ハンドル・プロテクション<br>
<br>
フロント/リヤの左右ドア1台分の4枚セット。
<br><br>
ドアハンドルの傷つきやすい部分を保護します。<br>
クリア（透明）なポリウレタン素材のフィルムで、表面に特殊コーティングを施してあります。<br><br>
※ 写真のベース車両はX3とは異なります。写真は貼付箇所を強調していますが、実際のカラーは車両になじむ透明です。


<br><br><br>
<font size=1>

メーカー希望小売価格はメーカーカタログに基づいて掲載しています<br>
※本ファイルは5MBと大変大きくなっております。クリックの際はご注意下さい。
</font><style>

*{
margin:0;
padding:0;
}

img{
border:0;
}

.mgn10{
	margin-bottom:10px;
}


</style>
<div class=""mgn10"">
  
</div>




<br><br>

<img src=""https://image.rakuten.co.jp/bmp/cabinet/01595106/imgrc0068031713.jpg"">
<br>
<br>

<img src=""http://image.rakuten.co.jp/bmp/cabinet/04708965/imgrc0064763579.jpg"">
<br>
<br>

<img src=""https://image.rakuten.co.jp/bmp/cabinet/01595106/imgrc0068031712.jpg"">
<br>
<br>",BMW F25 X3 ドア・ハンドル・プロテクション：BMモーターパーツ BMW純正品専門店,BMWBMW 純正 パーツbmw 純正部品BMW 純正パーツ 販売BMW M3BMW M6mini アクセサリーBMW E90BMW E92BMW M3bmw キーホルダーBMW MINIBMW アクセサリーbmw エンブレムBMW フロアマットBMW M4 アクセサリーBMW ボディーカバーbmw ステッカーbmw アルミホイールBMW PerformanceBMW F25 X3 ドア・ハンドル・プロテクション,【BMW純正】。BMW F25 X3 ドア・ハンドル・プロテクション[rn]
17-43469,http://tshop.r10s.jp/bmp/cabinet/01091398/img58817346.jpg?fitin=700:700,56224.0000,,車用品・バイク用品 > カー用品 > 外装パーツ > エアロパーツ > フロントグリル,BMW Performance パーツ 3シリーズ クーペ・BMW E92 M3 カーボン・リヤ・トランク・スポイラー BMW パフォーマンスパーツ,【BMW 純正 PERFORMANCE】,"品質保証のＢＭＷ純正部品<br>
<BR>
BMW Performance E92 クーペ用 カーボン・リヤ・トランク・スポイラー。<br>

適合車種：E92クーペ（M3を含む）<br>
接着剤（ボンド）付き。
<br><br>
<font color=red>
■大型品のため合計金額に関わらず別途送料がかかります。予めご了承ください。
</font>
<br><br><br>
【店長メモ】<br>
愛車に装着しました。業務用ボンドが付属しておりますが、取り付けは板金屋さんにお願いしました。<br>
非常に綺麗なカーボン模様で、さすが純正！といった感じです。リヤビューがよりスポーティーに引き締まりました。大満足なアイテムです。
<br>

<br><br><br>
<br><br><br>
<font size=2>

メーカー希望小売価格はメーカーカタログに基づいて掲載しています<br>
※本ファイルは5MBと大変大きくなっております。クリックの際はご注意下さい。
</font><style>

*{
margin:0;
padding:0;
}

img{
border:0;
}

.mgn10{
	margin-bottom:10px;
}


</style>
<div class=""mgn10"">
  
</div>




<br><br>

<img src=""https://image.rakuten.co.jp/bmp/cabinet/01595106/imgrc0068031713.jpg"">
<br>
<br>

<img src=""http://image.rakuten.co.jp/bmp/cabinet/04708965/imgrc0064763579.jpg"">
<br>
<br>

<img src=""https://image.rakuten.co.jp/bmp/cabinet/01595106/imgrc0068031712.jpg"">
<br>
<br>",BMW Performance パーツ 3シリーズ クーペ・BMW E92 M3 カーボン・リヤ・トランク・スポイラー BMW パフォーマンスパーツ：BMモーターパーツ BMW純正品専門店,BMWBMW 純正 パーツbmw 純正部品BMW 純正パーツ 販売BMW M3BMW M6mini アクセサリーBMW E90BMW E92BMW M3bmw キーホルダーBMW MINIBMW アクセサリーbmw エンブレムBMW フロアマットBMW M4 アクセサリーBMW ボディーカバーbmw ステッカーbmw アルミホイールBMW PerformanceBMW Performance パーツ 3シリーズ クーペ・BMW E92 M3 カーボン・リヤ・トランク・スポイラー BMW パフォーマンスパーツ,【BMW 純正 PERFORMANCE】。BMW Performance パーツ 3シリーズ クーペ・BMW E92 M3 カーボン・リヤ・トランク・スポイラー BMW パフォーマンスパーツ[rn]
17-43470,http://tshop.r10s.jp/bmp/cabinet/03129837/04536394/imgrc0063984548.jpg?fitin=700:700,31536.0000,,車用品・バイク用品 > カー用品 > 外装パーツ > エアロパーツ > フロントグリル,【BMW純正】BMW F85 X5M 標準装備　クローム・キドニー・グリル・セット,【BMW純正】,"品質保証のBMW純正部品<br>
BMW F85 X5M に標準装備されているキドニー・グリル　左右セット<br>
<br>
適合：F15/F85<br>
※ナイトビジョン非装備車

<br><br>
枠がクローム、フィンが黒の光沢仕上げ。<br>
クロームとブラックのコンビネーションがエレガント性を際立たせます。<br><br>
<br>

※エンブレムのみの設定はございません。グリルと一体型になります。


<br><br><br>
<font size=1>

メーカー希望小売価格はメーカーカタログに基づいて掲載しています<br>
※本ファイルは5MBと大変大きくなっております。クリックの際はご注意下さい。
</font><style>

*{
margin:0;
padding:0;
}

img{
border:0;
}

.mgn10{
	margin-bottom:10px;
}


</style>
<div class=""mgn10"">
  
</div>




<br><br>

<img src=""https://image.rakuten.co.jp/bmp/cabinet/01595106/imgrc0068031713.jpg"">
<br>
<br>

<img src=""http://image.rakuten.co.jp/bmp/cabinet/04708965/imgrc0064763579.jpg"">
<br>
<br>

<img src=""https://image.rakuten.co.jp/bmp/cabinet/01595106/imgrc0068031712.jpg"">
<br>
<br>",【BMW純正】BMW F85 X5M 標準装備　クローム・キドニー・グリル・セット：BMモーターパーツ BMW純正品専門店,BMWBMW 純正 パーツbmw 純正部品BMW 純正パーツ 販売BMW M3BMW M6mini アクセサリーBMW E90BMW E92BMW M3bmw キーホルダーBMW MINIBMW アクセサリーbmw エンブレムBMW フロアマットBMW M4 アクセサリーBMW ボディーカバーbmw ステッカーbmw アルミホイールBMW Performance【BMW純正】BMW F85 X5M 標準装備　クローム・キドニー・グリル・セット,【BMW純正】。【BMW純正】BMW F85 X5M 標準装備　クローム・キドニー・グリル・セット[rn]
17-43471,http://tshop.r10s.jp/gyouhan-shop/cabinet/etc2/g0714080000048.jpg?fitin=700:700,10560.0000,,車用品・バイク用品 > カー用品 > 外装パーツ > エアロパーツ > ドアパネル,WORLD WING  IZANAMI RB3/4オデッセイ ステンレスピラー プラチナムシルバー #800 【型式(年式)】RB3/4(H20.10～) 【ドアバイザー無車】,【期間限定特価】★クレジットカード利用可★,"【送料無料】【納期目安】2～7営業日【ご注意】※ご用意する商品は商品タイトルのものとなります。※特にドアバイザーの有無に関しては十分ご注意ください。<br><br><table width=""580"" border=""0"" cellspacing=""0"" cellpadding=""0"">
  <tr>
    <td colspan=""3""><img src=""http://image.rakuten.co.jp/gyouhan-shop/cabinet/t_c05.jpg"" alt=""ご案内"" width=""580"" height=""22""><br><img src=""http://image.rakuten.co.jp/gyouhan-shop/cabinet/spacer.gif"" alt=""格安カー用品ショップ"" width=""1"" height=""5""><td>
  </tr>
  <tr>
    <td width=""280"" align=""left"" valign=""top""><font size=""2""><img src=""http://image.rakuten.co.jp/gyouhan-shop/cabinet/i_i01.jpg"" alt=""格安カー用品ショップ"" width=""4"" height=""13"">　<strong>お支払い方法について</strong><br><br>
    お支払い方法は、下記の何れかをご利用いただけます。<br>

<!-- クレジットはここに挿入 -->
・クレジットカード<br>
<img src=""http://image.rakuten.co.jp/gyouhan-shop/cabinet/guide/r-cragit-2.gif"" alt=""クレジットカード"" ><br><br>
<!-- クレジットはここまで -->

 
・商品代引き<br>
・振込（銀行・郵便局等）<br>
・楽天バンク決済<br><br>
※申し訳ございませんが、現在、沖縄・離島への代金引換サービス
<br>はお受けしておりません。<br>
予めご了承の程、よろしくお願い致します。<br><br>



<!-- クレジット説明はここに挿入 -->


<!-- クレジット説明はここまで -->




    <img src=""http://image.rakuten.co.jp/gyouhan-shop/cabinet/i_i01.jpg"" alt=""格安カー用品ショップ"" width=""4"" height=""13"">　<strong>お届けについて</strong><br><br>
    【即納】【在庫有】と表示されている当店在庫商品につきましては、営業日の午前中までのご注文（ご入金）を確認いたしましたご注文に限り、当日発送、それ以降は翌営業日に発送させていただきます。<br><br>
    当方指定の宅配便<br>
    ※お客様での指定は承っておりません。<br><br>
    詳しくはこちらをご覧ください。<br><br></td>
    <td width=""20"">&nbsp;</td>
    <td width=""280"" align=""left"" valign=""top""><font size=""2""><img src=""http://image.rakuten.co.jp/gyouhan-shop/cabinet/i_i01.jpg"" alt=""格安カー用品ショップ"" width=""4"" height=""13"">　<strong>送料について</strong><br><br>
    【基本送料900円】<br>
    ※大型商品等、送料が異なる場合には商品ページに記載いたします。<br>
※お買い上げ金額50,000円（税別）以上で、<font color=""ff0000"">送料無料</font>となります。<br>
<font size=2 color=red><b>【ご注意】[沖縄・離島への発送につきまして]<br>送料無料対象外となります。<br>バッテリーの発送は行っておりません。<br>全商品代引き発送は行っておりません。<br>通常商品送料4,000円/キャリア、大型商品送料は8,000円となります。</b></font>
<br>
    詳しくはこちらをご覧ください。<br><br><br>
    <img src=""http://image.rakuten.co.jp/gyouhan-shop/cabinet/i_i01.jpg"" alt=""格安カー用品ショップ"" width=""4"" height=""13"">　<strong>返品・交換について</strong><br><br>
    お客様都合による返品は理由の如何を問わず受け付けておりません。通販法の特性上、クーリングオフの対象とはなりませんのでご了承ください。<br><br>
    詳しくはこちらをご覧ください。<br></font></td>
  </tr>
</table>",WORLD WING  IZANAMI RB3/4オデッセイ ステンレスピラー プラチナムシルバー #800 【型式(年式)】RB3/4(H20.10～) 【ドアバイザー無車】：業販ネットショップ楽天市場店,ADK-6150036パンク修理レーダーETCカーメイトキャリアPIAAINNOEXGELエクスジェル腰痛エルゴテックスロッドホルダースライム横浜油脂ADK-51LC04ヴァレンティRBR-T2WORLD WING  IZANAMI RB3/4オデッセイ ステンレスピラー プラチナムシルバー #800 【型式(年式)】RB3/4(H20.10～) 【ドアバイザー無車】,【期間限定特価】★クレジットカード利用可★。WORLD WING  IZANAMI RB3/4オデッセイ ステンレスピラー プラチナムシルバー #800 【型式(年式)】RB3/4(H20.10～) 【ドアバイザー無車】[rn]
17-43472,http://tshop.r10s.jp/gyouhan-shop/cabinet/etc2/g0714080000076.jpg?fitin=700:700,11264.0000,,車用品・バイク用品 > カー用品 > 外装パーツ > エアロパーツ > ドアパネル,WORLD WING  IZANAMI 20系ヴェルファイア　 ステンレスピラー プラチナムブラック #800 【型式(年式)】ANH2#W/GGH2#W型(H20.5～) 【ドアバイザー有車】,【期間限定特価】★クレジットカード利用可★,"【送料無料】【納期目安】2～7営業日【ご注意】※ご用意する商品は商品タイトルのものとなります。※特にドアバイザーの有無に関しては十分ご注意ください。<br><br><table width=""580"" border=""0"" cellspacing=""0"" cellpadding=""0"">
  <tr>
    <td colspan=""3""><img src=""http://image.rakuten.co.jp/gyouhan-shop/cabinet/t_c05.jpg"" alt=""ご案内"" width=""580"" height=""22""><br><img src=""http://image.rakuten.co.jp/gyouhan-shop/cabinet/spacer.gif"" alt=""格安カー用品ショップ"" width=""1"" height=""5""><td>
  </tr>
  <tr>
    <td width=""280"" align=""left"" valign=""top""><font size=""2""><img src=""http://image.rakuten.co.jp/gyouhan-shop/cabinet/i_i01.jpg"" alt=""格安カー用品ショップ"" width=""4"" height=""13"">　<strong>お支払い方法について</strong><br><br>
    お支払い方法は、下記の何れかをご利用いただけます。<br>

<!-- クレジットはここに挿入 -->
・クレジットカード<br>
<img src=""http://image.rakuten.co.jp/gyouhan-shop/cabinet/guide/r-cragit-2.gif"" alt=""クレジットカード"" ><br><br>
<!-- クレジットはここまで -->

 
・商品代引き<br>
・振込（銀行・郵便局等）<br>
・楽天バンク決済<br><br>
※申し訳ございませんが、現在、沖縄・離島への代金引換サービス
<br>はお受けしておりません。<br>
予めご了承の程、よろしくお願い致します。<br><br>



<!-- クレジット説明はここに挿入 -->


<!-- クレジット説明はここまで -->




    <img src=""http://image.rakuten.co.jp/gyouhan-shop/cabinet/i_i01.jpg"" alt=""格安カー用品ショップ"" width=""4"" height=""13"">　<strong>お届けについて</strong><br><br>
    【即納】【在庫有】と表示されている当店在庫商品につきましては、営業日の午前中までのご注文（ご入金）を確認いたしましたご注文に限り、当日発送、それ以降は翌営業日に発送させていただきます。<br><br>
    当方指定の宅配便<br>
    ※お客様での指定は承っておりません。<br><br>
    詳しくはこちらをご覧ください。<br><br></td>
    <td width=""20"">&nbsp;</td>
    <td width=""280"" align=""left"" valign=""top""><font size=""2""><img src=""http://image.rakuten.co.jp/gyouhan-shop/cabinet/i_i01.jpg"" alt=""格安カー用品ショップ"" width=""4"" height=""13"">　<strong>送料について</strong><br><br>
    【基本送料900円】<br>
    ※大型商品等、送料が異なる場合には商品ページに記載いたします。<br>
※お買い上げ金額50,000円（税別）以上で、<font color=""ff0000"">送料無料</font>となります。<br>
<font size=2 color=red><b>【ご注意】[沖縄・離島への発送につきまして]<br>送料無料対象外となります。<br>バッテリーの発送は行っておりません。<br>全商品代引き発送は行っておりません。<br>通常商品送料4,000円/キャリア、大型商品送料は8,000円となります。</b></font>
<br>
    詳しくはこちらをご覧ください。<br><br><br>
    <img src=""http://image.rakuten.co.jp/gyouhan-shop/cabinet/i_i01.jpg"" alt=""格安カー用品ショップ"" width=""4"" height=""13"">　<strong>返品・交換について</strong><br><br>
    お客様都合による返品は理由の如何を問わず受け付けておりません。通販法の特性上、クーリングオフの対象とはなりませんのでご了承ください。<br><br>
    詳しくはこちらをご覧ください。<br></font></td>
  </tr>
</table>",WORLD WING  IZANAMI 20系ヴェルファイア　 ステンレスピラー プラチナムブラック #800 【型式(年式)】ANH2#W/GGH2#W型(H20.5～) 【ドアバイザー有車】：業販ネットショップ楽天市場店,ADK-6150036パンク修理レーダーETCカーメイトキャリアPIAAINNOEXGELエクスジェル腰痛エルゴテックスロッドホルダースライム横浜油脂ADK-51LC04ヴァレンティRBR-T2WORLD WING  IZANAMI 20系ヴェルファイア　 ステンレスピラー プラチナムブラック #800 【型式(年式)】ANH2#W/GGH2#W型(H20.5～) 【ドアバイザー有車】,【期間限定特価】★クレジットカード利用可★。WORLD WING  IZANAMI 20系ヴェルファイア　 ステンレスピラー プラチナムブラック #800 【型式(年式)】ANH2#W/GGH2#W型(H20.5～) 【ドアバイザー有車】[rn]
17-43473,http://tshop.r10s.jp/gyouhan-shop/cabinet/etc2/g0714080000029.jpg?fitin=700:700,10560.0000,,車用品・バイク用品 > カー用品 > 外装パーツ > エアロパーツ > ドアパネル,WORLD WING  IZANAMI N-BOX+ Custom ステンレスピラー プラチナムシルバー #800 【型式(年式)】JF1/2(H24.7～) 【ドアバイザー無車】,【期間限定特価】★クレジットカード利用可★,"【送料無料】【納期目安】2～7営業日【ご注意】※ご用意する商品は商品タイトルのものとなります。※特にドアバイザーの有無に関しては十分ご注意ください。<br><br><table width=""580"" border=""0"" cellspacing=""0"" cellpadding=""0"">
  <tr>
    <td colspan=""3""><img src=""http://image.rakuten.co.jp/gyouhan-shop/cabinet/t_c05.jpg"" alt=""ご案内"" width=""580"" height=""22""><br><img src=""http://image.rakuten.co.jp/gyouhan-shop/cabinet/spacer.gif"" alt=""格安カー用品ショップ"" width=""1"" height=""5""><td>
  </tr>
  <tr>
    <td width=""280"" align=""left"" valign=""top""><font size=""2""><img src=""http://image.rakuten.co.jp/gyouhan-shop/cabinet/i_i01.jpg"" alt=""格安カー用品ショップ"" width=""4"" height=""13"">　<strong>お支払い方法について</strong><br><br>
    お支払い方法は、下記の何れかをご利用いただけます。<br>

<!-- クレジットはここに挿入 -->
・クレジットカード<br>
<img src=""http://image.rakuten.co.jp/gyouhan-shop/cabinet/guide/r-cragit-2.gif"" alt=""クレジットカード"" ><br><br>
<!-- クレジットはここまで -->

 
・商品代引き<br>
・振込（銀行・郵便局等）<br>
・楽天バンク決済<br><br>
※申し訳ございませんが、現在、沖縄・離島への代金引換サービス
<br>はお受けしておりません。<br>
予めご了承の程、よろしくお願い致します。<br><br>



<!-- クレジット説明はここに挿入 -->


<!-- クレジット説明はここまで -->




    <img src=""http://image.rakuten.co.jp/gyouhan-shop/cabinet/i_i01.jpg"" alt=""格安カー用品ショップ"" width=""4"" height=""13"">　<strong>お届けについて</strong><br><br>
    【即納】【在庫有】と表示されている当店在庫商品につきましては、営業日の午前中までのご注文（ご入金）を確認いたしましたご注文に限り、当日発送、それ以降は翌営業日に発送させていただきます。<br><br>
    当方指定の宅配便<br>
    ※お客様での指定は承っておりません。<br><br>
    詳しくはこちらをご覧ください。<br><br></td>
    <td width=""20"">&nbsp;</td>
    <td width=""280"" align=""left"" valign=""top""><font size=""2""><img src=""http://image.rakuten.co.jp/gyouhan-shop/cabinet/i_i01.jpg"" alt=""格安カー用品ショップ"" width=""4"" height=""13"">　<strong>送料について</strong><br><br>
    【基本送料900円】<br>
    ※大型商品等、送料が異なる場合には商品ページに記載いたします。<br>
※お買い上げ金額50,000円（税別）以上で、<font color=""ff0000"">送料無料</font>となります。<br>
<font size=2 color=red><b>【ご注意】[沖縄・離島への発送につきまして]<br>送料無料対象外となります。<br>バッテリーの発送は行っておりません。<br>全商品代引き発送は行っておりません。<br>通常商品送料4,000円/キャリア、大型商品送料は8,000円となります。</b></font>
<br>
    詳しくはこちらをご覧ください。<br><br><br>
    <img src=""http://image.rakuten.co.jp/gyouhan-shop/cabinet/i_i01.jpg"" alt=""格安カー用品ショップ"" width=""4"" height=""13"">　<strong>返品・交換について</strong><br><br>
    お客様都合による返品は理由の如何を問わず受け付けておりません。通販法の特性上、クーリングオフの対象とはなりませんのでご了承ください。<br><br>
    詳しくはこちらをご覧ください。<br></font></td>
  </tr>
</table>",WORLD WING  IZANAMI N-BOX+ Custom ステンレスピラー プラチナムシルバー #800 【型式(年式)】JF1/2(H24.7～) 【ドアバイザー無車】：業販ネットショップ楽天市場店,ADK-6150036パンク修理レーダーETCカーメイトキャリアPIAAINNOEXGELエクスジェル腰痛エルゴテックスロッドホルダースライム横浜油脂ADK-51LC04ヴァレンティRBR-T2WORLD WING  IZANAMI N-BOX+ Custom ステンレスピラー プラチナムシルバー #800 【型式(年式)】JF1/2(H24.7～) 【ドアバイザー無車】,【期間限定特価】★クレジットカード利用可★。WORLD WING  IZANAMI N-BOX+ Custom ステンレスピラー プラチナムシルバー #800 【型式(年式)】JF1/2(H24.7～) 【ドアバイザー無車】[rn]
17-43474,http://tshop.r10s.jp/gyouhan-shop/cabinet/etc2/g0714080000074.jpg?fitin=700:700,11264.0000,,車用品・バイク用品 > カー用品 > 外装パーツ > エアロパーツ > ドアパネル,WORLD WING  IZANAMI 20系アルファード ステンレスピラー プラチナムブラック #800 【型式(年式)】ANH2#W/GGH2#W型(H20.5～) 【ドアバイザー有車】,【期間限定特価】★クレジットカード利用可★,"【送料無料】【納期目安】2～7営業日【ご注意】※ご用意する商品は商品タイトルのものとなります。※特にドアバイザーの有無に関しては十分ご注意ください。<br><br><table width=""580"" border=""0"" cellspacing=""0"" cellpadding=""0"">
  <tr>
    <td colspan=""3""><img src=""http://image.rakuten.co.jp/gyouhan-shop/cabinet/t_c05.jpg"" alt=""ご案内"" width=""580"" height=""22""><br><img src=""http://image.rakuten.co.jp/gyouhan-shop/cabinet/spacer.gif"" alt=""格安カー用品ショップ"" width=""1"" height=""5""><td>
  </tr>
  <tr>
    <td width=""280"" align=""left"" valign=""top""><font size=""2""><img src=""http://image.rakuten.co.jp/gyouhan-shop/cabinet/i_i01.jpg"" alt=""格安カー用品ショップ"" width=""4"" height=""13"">　<strong>お支払い方法について</strong><br><br>
    お支払い方法は、下記の何れかをご利用いただけます。<br>

<!-- クレジットはここに挿入 -->
・クレジットカード<br>
<img src=""http://image.rakuten.co.jp/gyouhan-shop/cabinet/guide/r-cragit-2.gif"" alt=""クレジットカード"" ><br><br>
<!-- クレジットはここまで -->

 
・商品代引き<br>
・振込（銀行・郵便局等）<br>
・楽天バンク決済<br><br>
※申し訳ございませんが、現在、沖縄・離島への代金引換サービス
<br>はお受けしておりません。<br>
予めご了承の程、よろしくお願い致します。<br><br>



<!-- クレジット説明はここに挿入 -->


<!-- クレジット説明はここまで -->




    <img src=""http://image.rakuten.co.jp/gyouhan-shop/cabinet/i_i01.jpg"" alt=""格安カー用品ショップ"" width=""4"" height=""13"">　<strong>お届けについて</strong><br><br>
    【即納】【在庫有】と表示されている当店在庫商品につきましては、営業日の午前中までのご注文（ご入金）を確認いたしましたご注文に限り、当日発送、それ以降は翌営業日に発送させていただきます。<br><br>
    当方指定の宅配便<br>
    ※お客様での指定は承っておりません。<br><br>
    詳しくはこちらをご覧ください。<br><br></td>
    <td width=""20"">&nbsp;</td>
    <td width=""280"" align=""left"" valign=""top""><font size=""2""><img src=""http://image.rakuten.co.jp/gyouhan-shop/cabinet/i_i01.jpg"" alt=""格安カー用品ショップ"" width=""4"" height=""13"">　<strong>送料について</strong><br><br>
    【基本送料900円】<br>
    ※大型商品等、送料が異なる場合には商品ページに記載いたします。<br>
※お買い上げ金額50,000円（税別）以上で、<font color=""ff0000"">送料無料</font>となります。<br>
<font size=2 color=red><b>【ご注意】[沖縄・離島への発送につきまして]<br>送料無料対象外となります。<br>バッテリーの発送は行っておりません。<br>全商品代引き発送は行っておりません。<br>通常商品送料4,000円/キャリア、大型商品送料は8,000円となります。</b></font>
<br>
    詳しくはこちらをご覧ください。<br><br><br>
    <img src=""http://image.rakuten.co.jp/gyouhan-shop/cabinet/i_i01.jpg"" alt=""格安カー用品ショップ"" width=""4"" height=""13"">　<strong>返品・交換について</strong><br><br>
    お客様都合による返品は理由の如何を問わず受け付けておりません。通販法の特性上、クーリングオフの対象とはなりませんのでご了承ください。<br><br>
    詳しくはこちらをご覧ください。<br></font></td>
  </tr>
</table>",WORLD WING  IZANAMI 20系アルファード ステンレスピラー プラチナムブラック #800 【型式(年式)】ANH2#W/GGH2#W型(H20.5～) 【ドアバイザー有車】：業販ネットショップ楽天市場店,ADK-6150036パンク修理レーダーETCカーメイトキャリアPIAAINNOEXGELエクスジェル腰痛エルゴテックスロッドホルダースライム横浜油脂ADK-51LC04ヴァレンティRBR-T2WORLD WING  IZANAMI 20系アルファード ステンレスピラー プラチナムブラック #800 【型式(年式)】ANH2#W/GGH2#W型(H20.5～) 【ドアバイザー有車】,【期間限定特価】★クレジットカード利用可★。WORLD WING  IZANAMI 20系アルファード ステンレスピラー プラチナムブラック #800 【型式(年式)】ANH2#W/GGH2#W型(H20.5～) 【ドアバイザー有車】[rn]
17-43475,http://tshop.r10s.jp/gyouhan-shop/cabinet/etc2/g0714080000100.jpg?fitin=700:700,11264.0000,,車用品・バイク用品 > カー用品 > 外装パーツ > エアロパーツ > ドアパネル,WORLD WING  IZANAMI 200系クラウンマジェスタ ステンレスピラー プラチナムブラック #800 【型式(年式)】URS206/UZS207型(H23.3～) 【ドアバイザー無車】,【期間限定特価】★クレジットカード利用可★,"【送料無料】【納期目安】2～7営業日【ご注意】※ご用意する商品は商品タイトルのものとなります。※特にドアバイザーの有無に関しては十分ご注意ください。<br><br><table width=""580"" border=""0"" cellspacing=""0"" cellpadding=""0"">
  <tr>
    <td colspan=""3""><img src=""http://image.rakuten.co.jp/gyouhan-shop/cabinet/t_c05.jpg"" alt=""ご案内"" width=""580"" height=""22""><br><img src=""http://image.rakuten.co.jp/gyouhan-shop/cabinet/spacer.gif"" alt=""格安カー用品ショップ"" width=""1"" height=""5""><td>
  </tr>
  <tr>
    <td width=""280"" align=""left"" valign=""top""><font size=""2""><img src=""http://image.rakuten.co.jp/gyouhan-shop/cabinet/i_i01.jpg"" alt=""格安カー用品ショップ"" width=""4"" height=""13"">　<strong>お支払い方法について</strong><br><br>
    お支払い方法は、下記の何れかをご利用いただけます。<br>

<!-- クレジットはここに挿入 -->
・クレジットカード<br>
<img src=""http://image.rakuten.co.jp/gyouhan-shop/cabinet/guide/r-cragit-2.gif"" alt=""クレジットカード"" ><br><br>
<!-- クレジットはここまで -->

 
・商品代引き<br>
・振込（銀行・郵便局等）<br>
・楽天バンク決済<br><br>
※申し訳ございませんが、現在、沖縄・離島への代金引換サービス
<br>はお受けしておりません。<br>
予めご了承の程、よろしくお願い致します。<br><br>



<!-- クレジット説明はここに挿入 -->


<!-- クレジット説明はここまで -->




    <img src=""http://image.rakuten.co.jp/gyouhan-shop/cabinet/i_i01.jpg"" alt=""格安カー用品ショップ"" width=""4"" height=""13"">　<strong>お届けについて</strong><br><br>
    【即納】【在庫有】と表示されている当店在庫商品につきましては、営業日の午前中までのご注文（ご入金）を確認いたしましたご注文に限り、当日発送、それ以降は翌営業日に発送させていただきます。<br><br>
    当方指定の宅配便<br>
    ※お客様での指定は承っておりません。<br><br>
    詳しくはこちらをご覧ください。<br><br></td>
    <td width=""20"">&nbsp;</td>
    <td width=""280"" align=""left"" valign=""top""><font size=""2""><img src=""http://image.rakuten.co.jp/gyouhan-shop/cabinet/i_i01.jpg"" alt=""格安カー用品ショップ"" width=""4"" height=""13"">　<strong>送料について</strong><br><br>
    【基本送料900円】<br>
    ※大型商品等、送料が異なる場合には商品ページに記載いたします。<br>
※お買い上げ金額50,000円（税別）以上で、<font color=""ff0000"">送料無料</font>となります。<br>
<font size=2 color=red><b>【ご注意】[沖縄・離島への発送につきまして]<br>送料無料対象外となります。<br>バッテリーの発送は行っておりません。<br>全商品代引き発送は行っておりません。<br>通常商品送料4,000円/キャリア、大型商品送料は8,000円となります。</b></font>
<br>
    詳しくはこちらをご覧ください。<br><br><br>
    <img src=""http://image.rakuten.co.jp/gyouhan-shop/cabinet/i_i01.jpg"" alt=""格安カー用品ショップ"" width=""4"" height=""13"">　<strong>返品・交換について</strong><br><br>
    お客様都合による返品は理由の如何を問わず受け付けておりません。通販法の特性上、クーリングオフの対象とはなりませんのでご了承ください。<br><br>
    詳しくはこちらをご覧ください。<br></font></td>
  </tr>
</table>",WORLD WING  IZANAMI 200系クラウンマジェスタ ステンレスピラー プラチナムブラック #800 【型式(年式)】URS206/UZS207型(H23.3～) 【ドアバイザー無車】：業販ネットショップ楽天市場店,ADK-6150036パンク修理レーダーETCカーメイトキャリアPIAAINNOEXGELエクスジェル腰痛エルゴテックスロッドホルダースライム横浜油脂ADK-51LC04ヴァレンティRBR-T2WORLD WING  IZANAMI 200系クラウンマジェスタ ステンレスピラー プラチナムブラック #800 【型式(年式)】URS206/UZS207型(H23.3～) 【ドアバイザー無車】,【期間限定特価】★クレジットカード利用可★。WORLD WING  IZANAMI 200系クラウンマジェスタ ステンレスピラー プラチナムブラック #800 【型式(年式)】URS206/UZS207型(H23.3～) 【ドアバイザー無車】[rn]
17-43476,http://tshop.r10s.jp/gyouhan-shop/cabinet/etc2/g0714080000023.jpg?fitin=700:700,10560.0000,,車用品・バイク用品 > カー用品 > 外装パーツ > エアロパーツ > ドアパネル,WORLD WING  IZANAMI N-BOX ステンレスピラー プラチナムシルバー #800 【型式(年式)】JF1/2(H23.12～) 【ドアバイザー無車】,【期間限定特価】★クレジットカード利用可★,"【送料無料】【納期目安】2～7営業日【ご注意】※ご用意する商品は商品タイトルのものとなります。※特にドアバイザーの有無に関しては十分ご注意ください。<br><br><table width=""580"" border=""0"" cellspacing=""0"" cellpadding=""0"">
  <tr>
    <td colspan=""3""><img src=""http://image.rakuten.co.jp/gyouhan-shop/cabinet/t_c05.jpg"" alt=""ご案内"" width=""580"" height=""22""><br><img src=""http://image.rakuten.co.jp/gyouhan-shop/cabinet/spacer.gif"" alt=""格安カー用品ショップ"" width=""1"" height=""5""><td>
  </tr>
  <tr>
    <td width=""280"" align=""left"" valign=""top""><font size=""2""><img src=""http://image.rakuten.co.jp/gyouhan-shop/cabinet/i_i01.jpg"" alt=""格安カー用品ショップ"" width=""4"" height=""13"">　<strong>お支払い方法について</strong><br><br>
    お支払い方法は、下記の何れかをご利用いただけます。<br>

<!-- クレジットはここに挿入 -->
・クレジットカード<br>
<img src=""http://image.rakuten.co.jp/gyouhan-shop/cabinet/guide/r-cragit-2.gif"" alt=""クレジットカード"" ><br><br>
<!-- クレジットはここまで -->

 
・商品代引き<br>
・振込（銀行・郵便局等）<br>
・楽天バンク決済<br><br>
※申し訳ございませんが、現在、沖縄・離島への代金引換サービス
<br>はお受けしておりません。<br>
予めご了承の程、よろしくお願い致します。<br><br>



<!-- クレジット説明はここに挿入 -->


<!-- クレジット説明はここまで -->




    <img src=""http://image.rakuten.co.jp/gyouhan-shop/cabinet/i_i01.jpg"" alt=""格安カー用品ショップ"" width=""4"" height=""13"">　<strong>お届けについて</strong><br><br>
    【即納】【在庫有】と表示されている当店在庫商品につきましては、営業日の午前中までのご注文（ご入金）を確認いたしましたご注文に限り、当日発送、それ以降は翌営業日に発送させていただきます。<br><br>
    当方指定の宅配便<br>
    ※お客様での指定は承っておりません。<br><br>
    詳しくはこちらをご覧ください。<br><br></td>
    <td width=""20"">&nbsp;</td>
    <td width=""280"" align=""left"" valign=""top""><font size=""2""><img src=""http://image.rakuten.co.jp/gyouhan-shop/cabinet/i_i01.jpg"" alt=""格安カー用品ショップ"" width=""4"" height=""13"">　<strong>送料について</strong><br><br>
    【基本送料900円】<br>
    ※大型商品等、送料が異なる場合には商品ページに記載いたします。<br>
※お買い上げ金額50,000円（税別）以上で、<font color=""ff0000"">送料無料</font>となります。<br>
<font size=2 color=red><b>【ご注意】[沖縄・離島への発送につきまして]<br>送料無料対象外となります。<br>バッテリーの発送は行っておりません。<br>全商品代引き発送は行っておりません。<br>通常商品送料4,000円/キャリア、大型商品送料は8,000円となります。</b></font>
<br>
    詳しくはこちらをご覧ください。<br><br><br>
    <img src=""http://image.rakuten.co.jp/gyouhan-shop/cabinet/i_i01.jpg"" alt=""格安カー用品ショップ"" width=""4"" height=""13"">　<strong>返品・交換について</strong><br><br>
    お客様都合による返品は理由の如何を問わず受け付けておりません。通販法の特性上、クーリングオフの対象とはなりませんのでご了承ください。<br><br>
    詳しくはこちらをご覧ください。<br></font></td>
  </tr>
</table>",WORLD WING  IZANAMI N-BOX ステンレスピラー プラチナムシルバー #800 【型式(年式)】JF1/2(H23.12～) 【ドアバイザー無車】：業販ネットショップ楽天市場店,ADK-6150036パンク修理レーダーETCカーメイトキャリアPIAAINNOEXGELエクスジェル腰痛エルゴテックスロッドホルダースライム横浜油脂ADK-51LC04ヴァレンティRBR-T2WORLD WING  IZANAMI N-BOX ステンレスピラー プラチナムシルバー #800 【型式(年式)】JF1/2(H23.12～) 【ドアバイザー無車】,【期間限定特価】★クレジットカード利用可★。WORLD WING  IZANAMI N-BOX ステンレスピラー プラチナムシルバー #800 【型式(年式)】JF1/2(H23.12～) 【ドアバイザー無車】[rn]
17-43477,http://tshop.r10s.jp/gyouhan-shop/cabinet/etc2/g0714080000031.jpg?fitin=700:700,9152.0000,,車用品・バイク用品 > カー用品 > 外装パーツ > エアロパーツ > ドアパネル,WORLD WING  IZANAMI 180系クラウンマジェスタ ステンレスピラー プラチナムシルバー #800 【型式(年式)】UZS18#型(H15.12～H20.12) 【ドアバイザー無車】,【期間限定特価】★クレジットカード利用可★,"【送料無料】【納期目安】2～7営業日【ご注意】※ご用意する商品は商品タイトルのものとなります。※特にドアバイザーの有無に関しては十分ご注意ください。<br><br><table width=""580"" border=""0"" cellspacing=""0"" cellpadding=""0"">
  <tr>
    <td colspan=""3""><img src=""http://image.rakuten.co.jp/gyouhan-shop/cabinet/t_c05.jpg"" alt=""ご案内"" width=""580"" height=""22""><br><img src=""http://image.rakuten.co.jp/gyouhan-shop/cabinet/spacer.gif"" alt=""格安カー用品ショップ"" width=""1"" height=""5""><td>
  </tr>
  <tr>
    <td width=""280"" align=""left"" valign=""top""><font size=""2""><img src=""http://image.rakuten.co.jp/gyouhan-shop/cabinet/i_i01.jpg"" alt=""格安カー用品ショップ"" width=""4"" height=""13"">　<strong>お支払い方法について</strong><br><br>
    お支払い方法は、下記の何れかをご利用いただけます。<br>

<!-- クレジットはここに挿入 -->
・クレジットカード<br>
<img src=""http://image.rakuten.co.jp/gyouhan-shop/cabinet/guide/r-cragit-2.gif"" alt=""クレジットカード"" ><br><br>
<!-- クレジットはここまで -->

 
・商品代引き<br>
・振込（銀行・郵便局等）<br>
・楽天バンク決済<br><br>
※申し訳ございませんが、現在、沖縄・離島への代金引換サービス
<br>はお受けしておりません。<br>
予めご了承の程、よろしくお願い致します。<br><br>



<!-- クレジット説明はここに挿入 -->


<!-- クレジット説明はここまで -->




    <img src=""http://image.rakuten.co.jp/gyouhan-shop/cabinet/i_i01.jpg"" alt=""格安カー用品ショップ"" width=""4"" height=""13"">　<strong>お届けについて</strong><br><br>
    【即納】【在庫有】と表示されている当店在庫商品につきましては、営業日の午前中までのご注文（ご入金）を確認いたしましたご注文に限り、当日発送、それ以降は翌営業日に発送させていただきます。<br><br>
    当方指定の宅配便<br>
    ※お客様での指定は承っておりません。<br><br>
    詳しくはこちらをご覧ください。<br><br></td>
    <td width=""20"">&nbsp;</td>
    <td width=""280"" align=""left"" valign=""top""><font size=""2""><img src=""http://image.rakuten.co.jp/gyouhan-shop/cabinet/i_i01.jpg"" alt=""格安カー用品ショップ"" width=""4"" height=""13"">　<strong>送料について</strong><br><br>
    【基本送料900円】<br>
    ※大型商品等、送料が異なる場合には商品ページに記載いたします。<br>
※お買い上げ金額50,000円（税別）以上で、<font color=""ff0000"">送料無料</font>となります。<br>
<font size=2 color=red><b>【ご注意】[沖縄・離島への発送につきまして]<br>送料無料対象外となります。<br>バッテリーの発送は行っておりません。<br>全商品代引き発送は行っておりません。<br>通常商品送料4,000円/キャリア、大型商品送料は8,000円となります。</b></font>
<br>
    詳しくはこちらをご覧ください。<br><br><br>
    <img src=""http://image.rakuten.co.jp/gyouhan-shop/cabinet/i_i01.jpg"" alt=""格安カー用品ショップ"" width=""4"" height=""13"">　<strong>返品・交換について</strong><br><br>
    お客様都合による返品は理由の如何を問わず受け付けておりません。通販法の特性上、クーリングオフの対象とはなりませんのでご了承ください。<br><br>
    詳しくはこちらをご覧ください。<br></font></td>
  </tr>
</table>",WORLD WING  IZANAMI 180系クラウンマジェスタ ステンレスピラー プラチナムシルバー #800 【型式(年式)】UZS18#型(H15.12～H20.12) 【ドアバイザー無車】：業販ネットショップ楽天市場店,ADK-6150036パンク修理レーダーETCカーメイトキャリアPIAAINNOEXGELエクスジェル腰痛エルゴテックスロッドホルダースライム横浜油脂ADK-51LC04ヴァレンティRBR-T2WORLD WING  IZANAMI 180系クラウンマジェスタ ステンレスピラー プラチナムシルバー #800 【型式(年式)】UZS18#型(H15.12～H20.12) 【ドアバイザー無車】,【期間限定特価】★クレジットカード利用可★。WORLD WING  IZANAMI 180系クラウンマジェスタ ステンレスピラー プラチナムシルバー #800 【型式(年式)】UZS18#型(H15.12～H20.12) 【ドアバイザー無車】[rn]
17-43478,http://tshop.r10s.jp/gyouhan-shop/cabinet/etc2/g0714080000081.jpg?fitin=700:700,11264.0000,,車用品・バイク用品 > カー用品 > 外装パーツ > エアロパーツ > ドアパネル,WORLD WING  IZANAMI 20系ヴェルファイア・ハイブリッド　ステンレスピラー プラチナムブラック #800 【型式(年式)】ATH20W型(H23.11～)  【ドアバイザー無車】,【期間限定特価】★クレジットカード利用可★,"【送料無料】【納期目安】2～7営業日【ご注意】※ご用意する商品は商品タイトルのものとなります。※特にドアバイザーの有無に関しては十分ご注意ください。<br><br><table width=""580"" border=""0"" cellspacing=""0"" cellpadding=""0"">
  <tr>
    <td colspan=""3""><img src=""http://image.rakuten.co.jp/gyouhan-shop/cabinet/t_c05.jpg"" alt=""ご案内"" width=""580"" height=""22""><br><img src=""http://image.rakuten.co.jp/gyouhan-shop/cabinet/spacer.gif"" alt=""格安カー用品ショップ"" width=""1"" height=""5""><td>
  </tr>
  <tr>
    <td width=""280"" align=""left"" valign=""top""><font size=""2""><img src=""http://image.rakuten.co.jp/gyouhan-shop/cabinet/i_i01.jpg"" alt=""格安カー用品ショップ"" width=""4"" height=""13"">　<strong>お支払い方法について</strong><br><br>
    お支払い方法は、下記の何れかをご利用いただけます。<br>

<!-- クレジットはここに挿入 -->
・クレジットカード<br>
<img src=""http://image.rakuten.co.jp/gyouhan-shop/cabinet/guide/r-cragit-2.gif"" alt=""クレジットカード"" ><br><br>
<!-- クレジットはここまで -->

 
・商品代引き<br>
・振込（銀行・郵便局等）<br>
・楽天バンク決済<br><br>
※申し訳ございませんが、現在、沖縄・離島への代金引換サービス
<br>はお受けしておりません。<br>
予めご了承の程、よろしくお願い致します。<br><br>



<!-- クレジット説明はここに挿入 -->


<!-- クレジット説明はここまで -->




    <img src=""http://image.rakuten.co.jp/gyouhan-shop/cabinet/i_i01.jpg"" alt=""格安カー用品ショップ"" width=""4"" height=""13"">　<strong>お届けについて</strong><br><br>
    【即納】【在庫有】と表示されている当店在庫商品につきましては、営業日の午前中までのご注文（ご入金）を確認いたしましたご注文に限り、当日発送、それ以降は翌営業日に発送させていただきます。<br><br>
    当方指定の宅配便<br>
    ※お客様での指定は承っておりません。<br><br>
    詳しくはこちらをご覧ください。<br><br></td>
    <td width=""20"">&nbsp;</td>
    <td width=""280"" align=""left"" valign=""top""><font size=""2""><img src=""http://image.rakuten.co.jp/gyouhan-shop/cabinet/i_i01.jpg"" alt=""格安カー用品ショップ"" width=""4"" height=""13"">　<strong>送料について</strong><br><br>
    【基本送料900円】<br>
    ※大型商品等、送料が異なる場合には商品ページに記載いたします。<br>
※お買い上げ金額50,000円（税別）以上で、<font color=""ff0000"">送料無料</font>となります。<br>
<font size=2 color=red><b>【ご注意】[沖縄・離島への発送につきまして]<br>送料無料対象外となります。<br>バッテリーの発送は行っておりません。<br>全商品代引き発送は行っておりません。<br>通常商品送料4,000円/キャリア、大型商品送料は8,000円となります。</b></font>
<br>
    詳しくはこちらをご覧ください。<br><br><br>
    <img src=""http://image.rakuten.co.jp/gyouhan-shop/cabinet/i_i01.jpg"" alt=""格安カー用品ショップ"" width=""4"" height=""13"">　<strong>返品・交換について</strong><br><br>
    お客様都合による返品は理由の如何を問わず受け付けておりません。通販法の特性上、クーリングオフの対象とはなりませんのでご了承ください。<br><br>
    詳しくはこちらをご覧ください。<br></font></td>
  </tr>
</table>",WORLD WING  IZANAMI 20系ヴェルファイア・ハイブリッド　ステンレスピラー プラチナムブラック #800 【型式(年式)】ATH20W型(H23.11～)  【ドアバイザー無車】：業販ネットショップ楽天市場店,ADK-6150036パンク修理レーダーETCカーメイトキャリアPIAAINNOEXGELエクスジェル腰痛エルゴテックスロッドホルダースライム横浜油脂ADK-51LC04ヴァレンティRBR-T2WORLD WING  IZANAMI 20系ヴェルファイア・ハイブリッド　ステンレスピラー プラチナムブラック #800 【型式(年式)】ATH20W型(H23.11～)  【ドアバイザー無車】,【期間限定特価】★クレジットカード利用可★。WORLD WING  IZANAMI 20系ヴェルファイア・ハイブリッド　ステンレスピラー プラチナムブラック #800 【型式(年式)】ATH20W型(H23.11～)  【ドアバイザー無車】[rn]
17-43479,http://tshop.r10s.jp/gyouhan-shop/cabinet/etc2/g0714080000107.jpg?fitin=700:700,11264.0000,,車用品・バイク用品 > カー用品 > 外装パーツ > エアロパーツ > ドアパネル,WORLD WING  IZANAMI 30系ハリアーハイブリッド ステンレスピラー プラチナムブラック #800 【型式(年式)】MHU38W 【ドアバイザー有車】,【期間限定特価】★クレジットカード利用可★,"【送料無料】【納期目安】2～7営業日【ご注意】※ご用意する商品は商品タイトルのものとなります。※特にドアバイザーの有無に関しては十分ご注意ください。<br><br><table width=""580"" border=""0"" cellspacing=""0"" cellpadding=""0"">
  <tr>
    <td colspan=""3""><img src=""http://image.rakuten.co.jp/gyouhan-shop/cabinet/t_c05.jpg"" alt=""ご案内"" width=""580"" height=""22""><br><img src=""http://image.rakuten.co.jp/gyouhan-shop/cabinet/spacer.gif"" alt=""格安カー用品ショップ"" width=""1"" height=""5""><td>
  </tr>
  <tr>
    <td width=""280"" align=""left"" valign=""top""><font size=""2""><img src=""http://image.rakuten.co.jp/gyouhan-shop/cabinet/i_i01.jpg"" alt=""格安カー用品ショップ"" width=""4"" height=""13"">　<strong>お支払い方法について</strong><br><br>
    お支払い方法は、下記の何れかをご利用いただけます。<br>

<!-- クレジットはここに挿入 -->
・クレジットカード<br>
<img src=""http://image.rakuten.co.jp/gyouhan-shop/cabinet/guide/r-cragit-2.gif"" alt=""クレジットカード"" ><br><br>
<!-- クレジットはここまで -->

 
・商品代引き<br>
・振込（銀行・郵便局等）<br>
・楽天バンク決済<br><br>
※申し訳ございませんが、現在、沖縄・離島への代金引換サービス
<br>はお受けしておりません。<br>
予めご了承の程、よろしくお願い致します。<br><br>



<!-- クレジット説明はここに挿入 -->


<!-- クレジット説明はここまで -->




    <img src=""http://image.rakuten.co.jp/gyouhan-shop/cabinet/i_i01.jpg"" alt=""格安カー用品ショップ"" width=""4"" height=""13"">　<strong>お届けについて</strong><br><br>
    【即納】【在庫有】と表示されている当店在庫商品につきましては、営業日の午前中までのご注文（ご入金）を確認いたしましたご注文に限り、当日発送、それ以降は翌営業日に発送させていただきます。<br><br>
    当方指定の宅配便<br>
    ※お客様での指定は承っておりません。<br><br>
    詳しくはこちらをご覧ください。<br><br></td>
    <td width=""20"">&nbsp;</td>
    <td width=""280"" align=""left"" valign=""top""><font size=""2""><img src=""http://image.rakuten.co.jp/gyouhan-shop/cabinet/i_i01.jpg"" alt=""格安カー用品ショップ"" width=""4"" height=""13"">　<strong>送料について</strong><br><br>
    【基本送料900円】<br>
    ※大型商品等、送料が異なる場合には商品ページに記載いたします。<br>
※お買い上げ金額50,000円（税別）以上で、<font color=""ff0000"">送料無料</font>となります。<br>
<font size=2 color=red><b>【ご注意】[沖縄・離島への発送につきまして]<br>送料無料対象外となります。<br>バッテリーの発送は行っておりません。<br>全商品代引き発送は行っておりません。<br>通常商品送料4,000円/キャリア、大型商品送料は8,000円となります。</b></font>
<br>
    詳しくはこちらをご覧ください。<br><br><br>
    <img src=""http://image.rakuten.co.jp/gyouhan-shop/cabinet/i_i01.jpg"" alt=""格安カー用品ショップ"" width=""4"" height=""13"">　<strong>返品・交換について</strong><br><br>
    お客様都合による返品は理由の如何を問わず受け付けておりません。通販法の特性上、クーリングオフの対象とはなりませんのでご了承ください。<br><br>
    詳しくはこちらをご覧ください。<br></font></td>
  </tr>
</table>",WORLD WING  IZANAMI 30系ハリアーハイブリッド ステンレスピラー プラチナムブラック #800 【型式(年式)】MHU38W 【ドアバイザー有車】：業販ネットショップ楽天市場店,ADK-6150036パンク修理レーダーETCカーメイトキャリアPIAAINNOEXGELエクスジェル腰痛エルゴテックスロッドホルダースライム横浜油脂ADK-51LC04ヴァレンティRBR-T2WORLD WING  IZANAMI 30系ハリアーハイブリッド ステンレスピラー プラチナムブラック #800 【型式(年式)】MHU38W 【ドアバイザー有車】,【期間限定特価】★クレジットカード利用可★。WORLD WING  IZANAMI 30系ハリアーハイブリッド ステンレスピラー プラチナムブラック #800 【型式(年式)】MHU38W 【ドアバイザー有車】[rn]
17-43480,http://tshop.r10s.jp/gyouhan-shop/cabinet/etc2/g0714080000037.jpg?fitin=700:700,10560.0000,,車用品・バイク用品 > カー用品 > 外装パーツ > エアロパーツ > ドアパネル,WORLD WING  IZANAMI 30系ハリアー ステンレスピラー プラチナムシルバー #800 【型式(年式)】CU/MCU/GSU3#W型 【ドアバイザー有車】,【期間限定特価】★クレジットカード利用可★,"【送料無料】【納期目安】2～7営業日【ご注意】※ご用意する商品は商品タイトルのものとなります。※特にドアバイザーの有無に関しては十分ご注意ください。<br><br><table width=""580"" border=""0"" cellspacing=""0"" cellpadding=""0"">
  <tr>
    <td colspan=""3""><img src=""http://image.rakuten.co.jp/gyouhan-shop/cabinet/t_c05.jpg"" alt=""ご案内"" width=""580"" height=""22""><br><img src=""http://image.rakuten.co.jp/gyouhan-shop/cabinet/spacer.gif"" alt=""格安カー用品ショップ"" width=""1"" height=""5""><td>
  </tr>
  <tr>
    <td width=""280"" align=""left"" valign=""top""><font size=""2""><img src=""http://image.rakuten.co.jp/gyouhan-shop/cabinet/i_i01.jpg"" alt=""格安カー用品ショップ"" width=""4"" height=""13"">　<strong>お支払い方法について</strong><br><br>
    お支払い方法は、下記の何れかをご利用いただけます。<br>

<!-- クレジットはここに挿入 -->
・クレジットカード<br>
<img src=""http://image.rakuten.co.jp/gyouhan-shop/cabinet/guide/r-cragit-2.gif"" alt=""クレジットカード"" ><br><br>
<!-- クレジットはここまで -->

 
・商品代引き<br>
・振込（銀行・郵便局等）<br>
・楽天バンク決済<br><br>
※申し訳ございませんが、現在、沖縄・離島への代金引換サービス
<br>はお受けしておりません。<br>
予めご了承の程、よろしくお願い致します。<br><br>



<!-- クレジット説明はここに挿入 -->


<!-- クレジット説明はここまで -->




    <img src=""http://image.rakuten.co.jp/gyouhan-shop/cabinet/i_i01.jpg"" alt=""格安カー用品ショップ"" width=""4"" height=""13"">　<strong>お届けについて</strong><br><br>
    【即納】【在庫有】と表示されている当店在庫商品につきましては、営業日の午前中までのご注文（ご入金）を確認いたしましたご注文に限り、当日発送、それ以降は翌営業日に発送させていただきます。<br><br>
    当方指定の宅配便<br>
    ※お客様での指定は承っておりません。<br><br>
    詳しくはこちらをご覧ください。<br><br></td>
    <td width=""20"">&nbsp;</td>
    <td width=""280"" align=""left"" valign=""top""><font size=""2""><img src=""http://image.rakuten.co.jp/gyouhan-shop/cabinet/i_i01.jpg"" alt=""格安カー用品ショップ"" width=""4"" height=""13"">　<strong>送料について</strong><br><br>
    【基本送料900円】<br>
    ※大型商品等、送料が異なる場合には商品ページに記載いたします。<br>
※お買い上げ金額50,000円（税別）以上で、<font color=""ff0000"">送料無料</font>となります。<br>
<font size=2 color=red><b>【ご注意】[沖縄・離島への発送につきまして]<br>送料無料対象外となります。<br>バッテリーの発送は行っておりません。<br>全商品代引き発送は行っておりません。<br>通常商品送料4,000円/キャリア、大型商品送料は8,000円となります。</b></font>
<br>
    詳しくはこちらをご覧ください。<br><br><br>
    <img src=""http://image.rakuten.co.jp/gyouhan-shop/cabinet/i_i01.jpg"" alt=""格安カー用品ショップ"" width=""4"" height=""13"">　<strong>返品・交換について</strong><br><br>
    お客様都合による返品は理由の如何を問わず受け付けておりません。通販法の特性上、クーリングオフの対象とはなりませんのでご了承ください。<br><br>
    詳しくはこちらをご覧ください。<br></font></td>
  </tr>
</table>",WORLD WING  IZANAMI 30系ハリアー ステンレスピラー プラチナムシルバー #800 【型式(年式)】CU/MCU/GSU3#W型 【ドアバイザー有車】：業販ネットショップ楽天市場店,ADK-6150036パンク修理レーダーETCカーメイトキャリアPIAAINNOEXGELエクスジェル腰痛エルゴテックスロッドホルダースライム横浜油脂ADK-51LC04ヴァレンティRBR-T2WORLD WING  IZANAMI 30系ハリアー ステンレスピラー プラチナムシルバー #800 【型式(年式)】CU/MCU/GSU3#W型 【ドアバイザー有車】,【期間限定特価】★クレジットカード利用可★。WORLD WING  IZANAMI 30系ハリアー ステンレスピラー プラチナムシルバー #800 【型式(年式)】CU/MCU/GSU3#W型 【ドアバイザー有車】[rn]
17-43481,http://tshop.r10s.jp/gyouhan-shop/cabinet/etc2/g0714080000035.jpg?fitin=700:700,14784.0000,,車用品・バイク用品 > カー用品 > 外装パーツ > エアロパーツ > ドアパネル,WORLD WING  IZANAMI CX-5 ステンレスピラー プラチナムシルバー #800 【型式(年式)】KEEFW/KEEAW/KE2FW/KE2AW型(H24.2～) 【ドアバイザー有車】,【期間限定特価】★クレジットカード利用可★,"【送料無料】【納期目安】2～7営業日【ご注意】※ご用意する商品は商品タイトルのものとなります。※特にドアバイザーの有無に関しては十分ご注意ください。<br><br><table width=""580"" border=""0"" cellspacing=""0"" cellpadding=""0"">
  <tr>
    <td colspan=""3""><img src=""http://image.rakuten.co.jp/gyouhan-shop/cabinet/t_c05.jpg"" alt=""ご案内"" width=""580"" height=""22""><br><img src=""http://image.rakuten.co.jp/gyouhan-shop/cabinet/spacer.gif"" alt=""格安カー用品ショップ"" width=""1"" height=""5""><td>
  </tr>
  <tr>
    <td width=""280"" align=""left"" valign=""top""><font size=""2""><img src=""http://image.rakuten.co.jp/gyouhan-shop/cabinet/i_i01.jpg"" alt=""格安カー用品ショップ"" width=""4"" height=""13"">　<strong>お支払い方法について</strong><br><br>
    お支払い方法は、下記の何れかをご利用いただけます。<br>

<!-- クレジットはここに挿入 -->
・クレジットカード<br>
<img src=""http://image.rakuten.co.jp/gyouhan-shop/cabinet/guide/r-cragit-2.gif"" alt=""クレジットカード"" ><br><br>
<!-- クレジットはここまで -->

 
・商品代引き<br>
・振込（銀行・郵便局等）<br>
・楽天バンク決済<br><br>
※申し訳ございませんが、現在、沖縄・離島への代金引換サービス
<br>はお受けしておりません。<br>
予めご了承の程、よろしくお願い致します。<br><br>



<!-- クレジット説明はここに挿入 -->


<!-- クレジット説明はここまで -->




    <img src=""http://image.rakuten.co.jp/gyouhan-shop/cabinet/i_i01.jpg"" alt=""格安カー用品ショップ"" width=""4"" height=""13"">　<strong>お届けについて</strong><br><br>
    【即納】【在庫有】と表示されている当店在庫商品につきましては、営業日の午前中までのご注文（ご入金）を確認いたしましたご注文に限り、当日発送、それ以降は翌営業日に発送させていただきます。<br><br>
    当方指定の宅配便<br>
    ※お客様での指定は承っておりません。<br><br>
    詳しくはこちらをご覧ください。<br><br></td>
    <td width=""20"">&nbsp;</td>
    <td width=""280"" align=""left"" valign=""top""><font size=""2""><img src=""http://image.rakuten.co.jp/gyouhan-shop/cabinet/i_i01.jpg"" alt=""格安カー用品ショップ"" width=""4"" height=""13"">　<strong>送料について</strong><br><br>
    【基本送料900円】<br>
    ※大型商品等、送料が異なる場合には商品ページに記載いたします。<br>
※お買い上げ金額50,000円（税別）以上で、<font color=""ff0000"">送料無料</font>となります。<br>
<font size=2 color=red><b>【ご注意】[沖縄・離島への発送につきまして]<br>送料無料対象外となります。<br>バッテリーの発送は行っておりません。<br>全商品代引き発送は行っておりません。<br>通常商品送料4,000円/キャリア、大型商品送料は8,000円となります。</b></font>
<br>
    詳しくはこちらをご覧ください。<br><br><br>
    <img src=""http://image.rakuten.co.jp/gyouhan-shop/cabinet/i_i01.jpg"" alt=""格安カー用品ショップ"" width=""4"" height=""13"">　<strong>返品・交換について</strong><br><br>
    お客様都合による返品は理由の如何を問わず受け付けておりません。通販法の特性上、クーリングオフの対象とはなりませんのでご了承ください。<br><br>
    詳しくはこちらをご覧ください。<br></font></td>
  </tr>
</table>",WORLD WING  IZANAMI CX-5 ステンレスピラー プラチナムシルバー #800 【型式(年式)】KEEFW/KEEAW/KE2FW/KE2AW型(H24.2～) 【ドアバイザー有車】：業販ネットショップ楽天市場店,ADK-6150036パンク修理レーダーETCカーメイトキャリアPIAAINNOEXGELエクスジェル腰痛エルゴテックスロッドホルダースライム横浜油脂ADK-51LC04ヴァレンティRBR-T2WORLD WING  IZANAMI CX-5 ステンレスピラー プラチナムシルバー #800 【型式(年式)】KEEFW/KEEAW/KE2FW/KE2AW型(H24.2～) 【ドアバイザー有車】,【期間限定特価】★クレジットカード利用可★。WORLD WING  IZANAMI CX-5 ステンレスピラー プラチナムシルバー #800 【型式(年式)】KEEFW/KEEAW/KE2FW/KE2AW型(H24.2～) 【ドアバイザー有車】[rn]
17-43482,http://tshop.r10s.jp/gyouhan-shop/cabinet/etc2/g0714080000128.jpg?fitin=700:700,13376.0000,,車用品・バイク用品 > カー用品 > 外装パーツ > エアロパーツ > ドアパネル,WORLD WING  IZANAMI 50系エスティマ ステンレスピラー プラチナムブラック #800 【型式(年式)】ACR5#W /GSR5#W型(H18.1～) 【ドアバイザー無車】,【期間限定特価】★クレジットカード利用可★,"【送料無料】【納期目安】2～7営業日【ご注意】※ご用意する商品は商品タイトルのものとなります。※特にドアバイザーの有無に関しては十分ご注意ください。<br><br><table width=""580"" border=""0"" cellspacing=""0"" cellpadding=""0"">
  <tr>
    <td colspan=""3""><img src=""http://image.rakuten.co.jp/gyouhan-shop/cabinet/t_c05.jpg"" alt=""ご案内"" width=""580"" height=""22""><br><img src=""http://image.rakuten.co.jp/gyouhan-shop/cabinet/spacer.gif"" alt=""格安カー用品ショップ"" width=""1"" height=""5""><td>
  </tr>
  <tr>
    <td width=""280"" align=""left"" valign=""top""><font size=""2""><img src=""http://image.rakuten.co.jp/gyouhan-shop/cabinet/i_i01.jpg"" alt=""格安カー用品ショップ"" width=""4"" height=""13"">　<strong>お支払い方法について</strong><br><br>
    お支払い方法は、下記の何れかをご利用いただけます。<br>

<!-- クレジットはここに挿入 -->
・クレジットカード<br>
<img src=""http://image.rakuten.co.jp/gyouhan-shop/cabinet/guide/r-cragit-2.gif"" alt=""クレジットカード"" ><br><br>
<!-- クレジットはここまで -->

 
・商品代引き<br>
・振込（銀行・郵便局等）<br>
・楽天バンク決済<br><br>
※申し訳ございませんが、現在、沖縄・離島への代金引換サービス
<br>はお受けしておりません。<br>
予めご了承の程、よろしくお願い致します。<br><br>



<!-- クレジット説明はここに挿入 -->


<!-- クレジット説明はここまで -->




    <img src=""http://image.rakuten.co.jp/gyouhan-shop/cabinet/i_i01.jpg"" alt=""格安カー用品ショップ"" width=""4"" height=""13"">　<strong>お届けについて</strong><br><br>
    【即納】【在庫有】と表示されている当店在庫商品につきましては、営業日の午前中までのご注文（ご入金）を確認いたしましたご注文に限り、当日発送、それ以降は翌営業日に発送させていただきます。<br><br>
    当方指定の宅配便<br>
    ※お客様での指定は承っておりません。<br><br>
    詳しくはこちらをご覧ください。<br><br></td>
    <td width=""20"">&nbsp;</td>
    <td width=""280"" align=""left"" valign=""top""><font size=""2""><img src=""http://image.rakuten.co.jp/gyouhan-shop/cabinet/i_i01.jpg"" alt=""格安カー用品ショップ"" width=""4"" height=""13"">　<strong>送料について</strong><br><br>
    【基本送料900円】<br>
    ※大型商品等、送料が異なる場合には商品ページに記載いたします。<br>
※お買い上げ金額50,000円（税別）以上で、<font color=""ff0000"">送料無料</font>となります。<br>
<font size=2 color=red><b>【ご注意】[沖縄・離島への発送につきまして]<br>送料無料対象外となります。<br>バッテリーの発送は行っておりません。<br>全商品代引き発送は行っておりません。<br>通常商品送料4,000円/キャリア、大型商品送料は8,000円となります。</b></font>
<br>
    詳しくはこちらをご覧ください。<br><br><br>
    <img src=""http://image.rakuten.co.jp/gyouhan-shop/cabinet/i_i01.jpg"" alt=""格安カー用品ショップ"" width=""4"" height=""13"">　<strong>返品・交換について</strong><br><br>
    お客様都合による返品は理由の如何を問わず受け付けておりません。通販法の特性上、クーリングオフの対象とはなりませんのでご了承ください。<br><br>
    詳しくはこちらをご覧ください。<br></font></td>
  </tr>
</table>",WORLD WING  IZANAMI 50系エスティマ ステンレスピラー プラチナムブラック #800 【型式(年式)】ACR5#W /GSR5#W型(H18.1～) 【ドアバイザー無車】：業販ネットショップ楽天市場店,ADK-6150036パンク修理レーダーETCカーメイトキャリアPIAAINNOEXGELエクスジェル腰痛エルゴテックスロッドホルダースライム横浜油脂ADK-51LC04ヴァレンティRBR-T2WORLD WING  IZANAMI 50系エスティマ ステンレスピラー プラチナムブラック #800 【型式(年式)】ACR5#W /GSR5#W型(H18.1～) 【ドアバイザー無車】,【期間限定特価】★クレジットカード利用可★。WORLD WING  IZANAMI 50系エスティマ ステンレスピラー プラチナムブラック #800 【型式(年式)】ACR5#W /GSR5#W型(H18.1～) 【ドアバイザー無車】[rn]
17-43483,http://tshop.r10s.jp/gyouhan-shop/cabinet/etc2/g0714080000118.jpg?fitin=700:700,14784.0000,,車用品・バイク用品 > カー用品 > 外装パーツ > エアロパーツ > ドアパネル,WORLD WING  IZANAMI E52エルグランド ステンレスピラー プラチナムブラック #800 【型式(年式)】PE52/PNE52/TE52/TNE52型(H22.8～) 【ドアバイザー無車】,【期間限定特価】★クレジットカード利用可★,"【送料無料】【納期目安】2～7営業日【ご注意】※ご用意する商品は商品タイトルのものとなります。※特にドアバイザーの有無に関しては十分ご注意ください。<br><br><table width=""580"" border=""0"" cellspacing=""0"" cellpadding=""0"">
  <tr>
    <td colspan=""3""><img src=""http://image.rakuten.co.jp/gyouhan-shop/cabinet/t_c05.jpg"" alt=""ご案内"" width=""580"" height=""22""><br><img src=""http://image.rakuten.co.jp/gyouhan-shop/cabinet/spacer.gif"" alt=""格安カー用品ショップ"" width=""1"" height=""5""><td>
  </tr>
  <tr>
    <td width=""280"" align=""left"" valign=""top""><font size=""2""><img src=""http://image.rakuten.co.jp/gyouhan-shop/cabinet/i_i01.jpg"" alt=""格安カー用品ショップ"" width=""4"" height=""13"">　<strong>お支払い方法について</strong><br><br>
    お支払い方法は、下記の何れかをご利用いただけます。<br>

<!-- クレジットはここに挿入 -->
・クレジットカード<br>
<img src=""http://image.rakuten.co.jp/gyouhan-shop/cabinet/guide/r-cragit-2.gif"" alt=""クレジットカード"" ><br><br>
<!-- クレジットはここまで -->

 
・商品代引き<br>
・振込（銀行・郵便局等）<br>
・楽天バンク決済<br><br>
※申し訳ございませんが、現在、沖縄・離島への代金引換サービス
<br>はお受けしておりません。<br>
予めご了承の程、よろしくお願い致します。<br><br>



<!-- クレジット説明はここに挿入 -->


<!-- クレジット説明はここまで -->




    <img src=""http://image.rakuten.co.jp/gyouhan-shop/cabinet/i_i01.jpg"" alt=""格安カー用品ショップ"" width=""4"" height=""13"">　<strong>お届けについて</strong><br><br>
    【即納】【在庫有】と表示されている当店在庫商品につきましては、営業日の午前中までのご注文（ご入金）を確認いたしましたご注文に限り、当日発送、それ以降は翌営業日に発送させていただきます。<br><br>
    当方指定の宅配便<br>
    ※お客様での指定は承っておりません。<br><br>
    詳しくはこちらをご覧ください。<br><br></td>
    <td width=""20"">&nbsp;</td>
    <td width=""280"" align=""left"" valign=""top""><font size=""2""><img src=""http://image.rakuten.co.jp/gyouhan-shop/cabinet/i_i01.jpg"" alt=""格安カー用品ショップ"" width=""4"" height=""13"">　<strong>送料について</strong><br><br>
    【基本送料900円】<br>
    ※大型商品等、送料が異なる場合には商品ページに記載いたします。<br>
※お買い上げ金額50,000円（税別）以上で、<font color=""ff0000"">送料無料</font>となります。<br>
<font size=2 color=red><b>【ご注意】[沖縄・離島への発送につきまして]<br>送料無料対象外となります。<br>バッテリーの発送は行っておりません。<br>全商品代引き発送は行っておりません。<br>通常商品送料4,000円/キャリア、大型商品送料は8,000円となります。</b></font>
<br>
    詳しくはこちらをご覧ください。<br><br><br>
    <img src=""http://image.rakuten.co.jp/gyouhan-shop/cabinet/i_i01.jpg"" alt=""格安カー用品ショップ"" width=""4"" height=""13"">　<strong>返品・交換について</strong><br><br>
    お客様都合による返品は理由の如何を問わず受け付けておりません。通販法の特性上、クーリングオフの対象とはなりませんのでご了承ください。<br><br>
    詳しくはこちらをご覧ください。<br></font></td>
  </tr>
</table>",WORLD WING  IZANAMI E52エルグランド ステンレスピラー プラチナムブラック #800 【型式(年式)】PE52/PNE52/TE52/TNE52型(H22.8～) 【ドアバイザー無車】：業販ネットショップ楽天市場店,ADK-6150036パンク修理レーダーETCカーメイトキャリアPIAAINNOEXGELエクスジェル腰痛エルゴテックスロッドホルダースライム横浜油脂ADK-51LC04ヴァレンティRBR-T2WORLD WING  IZANAMI E52エルグランド ステンレスピラー プラチナムブラック #800 【型式(年式)】PE52/PNE52/TE52/TNE52型(H22.8～) 【ドアバイザー無車】,【期間限定特価】★クレジットカード利用可★。WORLD WING  IZANAMI E52エルグランド ステンレスピラー プラチナムブラック #800 【型式(年式)】PE52/PNE52/TE52/TNE52型(H22.8～) 【ドアバイザー無車】[rn]
17-43484,http://tshop.r10s.jp/gyouhan-shop/cabinet/etc2/g0714080000003.jpg?fitin=700:700,9152.0000,,車用品・バイク用品 > カー用品 > 外装パーツ > エアロパーツ > ドアパネル,WORLD WING  IZANAMI メルセデスベンツAクラス ステンレスピラー プラチナムシルバー #800 【型式(年式)】現行車種 【ドアバイザー無車】,【期間限定特価】★クレジットカード利用可★,"【送料無料】【納期目安】2～7営業日【ご注意】※ご用意する商品は商品タイトルのものとなります。※特にドアバイザーの有無に関しては十分ご注意ください。<br><br><table width=""580"" border=""0"" cellspacing=""0"" cellpadding=""0"">
  <tr>
    <td colspan=""3""><img src=""http://image.rakuten.co.jp/gyouhan-shop/cabinet/t_c05.jpg"" alt=""ご案内"" width=""580"" height=""22""><br><img src=""http://image.rakuten.co.jp/gyouhan-shop/cabinet/spacer.gif"" alt=""格安カー用品ショップ"" width=""1"" height=""5""><td>
  </tr>
  <tr>
    <td width=""280"" align=""left"" valign=""top""><font size=""2""><img src=""http://image.rakuten.co.jp/gyouhan-shop/cabinet/i_i01.jpg"" alt=""格安カー用品ショップ"" width=""4"" height=""13"">　<strong>お支払い方法について</strong><br><br>
    お支払い方法は、下記の何れかをご利用いただけます。<br>

<!-- クレジットはここに挿入 -->
・クレジットカード<br>
<img src=""http://image.rakuten.co.jp/gyouhan-shop/cabinet/guide/r-cragit-2.gif"" alt=""クレジットカード"" ><br><br>
<!-- クレジットはここまで -->

 
・商品代引き<br>
・振込（銀行・郵便局等）<br>
・楽天バンク決済<br><br>
※申し訳ございませんが、現在、沖縄・離島への代金引換サービス
<br>はお受けしておりません。<br>
予めご了承の程、よろしくお願い致します。<br><br>



<!-- クレジット説明はここに挿入 -->


<!-- クレジット説明はここまで -->




    <img src=""http://image.rakuten.co.jp/gyouhan-shop/cabinet/i_i01.jpg"" alt=""格安カー用品ショップ"" width=""4"" height=""13"">　<strong>お届けについて</strong><br><br>
    【即納】【在庫有】と表示されている当店在庫商品につきましては、営業日の午前中までのご注文（ご入金）を確認いたしましたご注文に限り、当日発送、それ以降は翌営業日に発送させていただきます。<br><br>
    当方指定の宅配便<br>
    ※お客様での指定は承っておりません。<br><br>
    詳しくはこちらをご覧ください。<br><br></td>
    <td width=""20"">&nbsp;</td>
    <td width=""280"" align=""left"" valign=""top""><font size=""2""><img src=""http://image.rakuten.co.jp/gyouhan-shop/cabinet/i_i01.jpg"" alt=""格安カー用品ショップ"" width=""4"" height=""13"">　<strong>送料について</strong><br><br>
    【基本送料900円】<br>
    ※大型商品等、送料が異なる場合には商品ページに記載いたします。<br>
※お買い上げ金額50,000円（税別）以上で、<font color=""ff0000"">送料無料</font>となります。<br>
<font size=2 color=red><b>【ご注意】[沖縄・離島への発送につきまして]<br>送料無料対象外となります。<br>バッテリーの発送は行っておりません。<br>全商品代引き発送は行っておりません。<br>通常商品送料4,000円/キャリア、大型商品送料は8,000円となります。</b></font>
<br>
    詳しくはこちらをご覧ください。<br><br><br>
    <img src=""http://image.rakuten.co.jp/gyouhan-shop/cabinet/i_i01.jpg"" alt=""格安カー用品ショップ"" width=""4"" height=""13"">　<strong>返品・交換について</strong><br><br>
    お客様都合による返品は理由の如何を問わず受け付けておりません。通販法の特性上、クーリングオフの対象とはなりませんのでご了承ください。<br><br>
    詳しくはこちらをご覧ください。<br></font></td>
  </tr>
</table>",WORLD WING  IZANAMI メルセデスベンツAクラス ステンレスピラー プラチナムシルバー #800 【型式(年式)】現行車種 【ドアバイザー無車】：業販ネットショップ楽天市場店,ADK-6150036パンク修理レーダーETCカーメイトキャリアPIAAINNOEXGELエクスジェル腰痛エルゴテックスロッドホルダースライム横浜油脂ADK-51LC04ヴァレンティRBR-T2WORLD WING  IZANAMI メルセデスベンツAクラス ステンレスピラー プラチナムシルバー #800 【型式(年式)】現行車種 【ドアバイザー無車】,【期間限定特価】★クレジットカード利用可★。WORLD WING  IZANAMI メルセデスベンツAクラス ステンレスピラー プラチナムシルバー #800 【型式(年式)】現行車種 【ドアバイザー無車】[rn]
17-43485,http://tshop.r10s.jp/gyouhan-shop/cabinet/etc2/g0714080000079.jpg?fitin=700:700,11264.0000,,車用品・バイク用品 > カー用品 > 外装パーツ > エアロパーツ > ドアパネル,WORLD WING  IZANAMI 20系アルファード・ハイブリッド　ステンレスピラー プラチナムブラック #800 【型式(年式)】ATH20W型(H23.11～)  【ドアバイザー無車】,【期間限定特価】★クレジットカード利用可★,"【送料無料】【納期目安】2～7営業日【ご注意】※ご用意する商品は商品タイトルのものとなります。※特にドアバイザーの有無に関しては十分ご注意ください。<br><br><table width=""580"" border=""0"" cellspacing=""0"" cellpadding=""0"">
  <tr>
    <td colspan=""3""><img src=""http://image.rakuten.co.jp/gyouhan-shop/cabinet/t_c05.jpg"" alt=""ご案内"" width=""580"" height=""22""><br><img src=""http://image.rakuten.co.jp/gyouhan-shop/cabinet/spacer.gif"" alt=""格安カー用品ショップ"" width=""1"" height=""5""><td>
  </tr>
  <tr>
    <td width=""280"" align=""left"" valign=""top""><font size=""2""><img src=""http://image.rakuten.co.jp/gyouhan-shop/cabinet/i_i01.jpg"" alt=""格安カー用品ショップ"" width=""4"" height=""13"">　<strong>お支払い方法について</strong><br><br>
    お支払い方法は、下記の何れかをご利用いただけます。<br>

<!-- クレジットはここに挿入 -->
・クレジットカード<br>
<img src=""http://image.rakuten.co.jp/gyouhan-shop/cabinet/guide/r-cragit-2.gif"" alt=""クレジットカード"" ><br><br>
<!-- クレジットはここまで -->

 
・商品代引き<br>
・振込（銀行・郵便局等）<br>
・楽天バンク決済<br><br>
※申し訳ございませんが、現在、沖縄・離島への代金引換サービス
<br>はお受けしておりません。<br>
予めご了承の程、よろしくお願い致します。<br><br>



<!-- クレジット説明はここに挿入 -->


<!-- クレジット説明はここまで -->




    <img src=""http://image.rakuten.co.jp/gyouhan-shop/cabinet/i_i01.jpg"" alt=""格安カー用品ショップ"" width=""4"" height=""13"">　<strong>お届けについて</strong><br><br>
    【即納】【在庫有】と表示されている当店在庫商品につきましては、営業日の午前中までのご注文（ご入金）を確認いたしましたご注文に限り、当日発送、それ以降は翌営業日に発送させていただきます。<br><br>
    当方指定の宅配便<br>
    ※お客様での指定は承っておりません。<br><br>
    詳しくはこちらをご覧ください。<br><br></td>
    <td width=""20"">&nbsp;</td>
    <td width=""280"" align=""left"" valign=""top""><font size=""2""><img src=""http://image.rakuten.co.jp/gyouhan-shop/cabinet/i_i01.jpg"" alt=""格安カー用品ショップ"" width=""4"" height=""13"">　<strong>送料について</strong><br><br>
    【基本送料900円】<br>
    ※大型商品等、送料が異なる場合には商品ページに記載いたします。<br>
※お買い上げ金額50,000円（税別）以上で、<font color=""ff0000"">送料無料</font>となります。<br>
<font size=2 color=red><b>【ご注意】[沖縄・離島への発送につきまして]<br>送料無料対象外となります。<br>バッテリーの発送は行っておりません。<br>全商品代引き発送は行っておりません。<br>通常商品送料4,000円/キャリア、大型商品送料は8,000円となります。</b></font>
<br>
    詳しくはこちらをご覧ください。<br><br><br>
    <img src=""http://image.rakuten.co.jp/gyouhan-shop/cabinet/i_i01.jpg"" alt=""格安カー用品ショップ"" width=""4"" height=""13"">　<strong>返品・交換について</strong><br><br>
    お客様都合による返品は理由の如何を問わず受け付けておりません。通販法の特性上、クーリングオフの対象とはなりませんのでご了承ください。<br><br>
    詳しくはこちらをご覧ください。<br></font></td>
  </tr>
</table>",WORLD WING  IZANAMI 20系アルファード・ハイブリッド　ステンレスピラー プラチナムブラック #800 【型式(年式)】ATH20W型(H23.11～)  【ドアバイザー無車】：業販ネットショップ楽天市場店,ADK-6150036パンク修理レーダーETCカーメイトキャリアPIAAINNOEXGELエクスジェル腰痛エルゴテックスロッドホルダースライム横浜油脂ADK-51LC04ヴァレンティRBR-T2WORLD WING  IZANAMI 20系アルファード・ハイブリッド　ステンレスピラー プラチナムブラック #800 【型式(年式)】ATH20W型(H23.11～)  【ドアバイザー無車】,【期間限定特価】★クレジットカード利用可★。WORLD WING  IZANAMI 20系アルファード・ハイブリッド　ステンレスピラー プラチナムブラック #800 【型式(年式)】ATH20W型(H23.11～)  【ドアバイザー無車】[rn]
17-43486,http://tshop.r10s.jp/gyouhan-shop/cabinet/etc2/g0714080000131.jpg?fitin=700:700,12672.0000,,車用品・バイク用品 > カー用品 > 外装パーツ > エアロパーツ > ドアパネル,WORLD WING  IZANAMI レクサスRX ステンレスピラー プラチナムブラック #800 【型式(年式)】AGL10/GGL1#/GYL1#型(H20.12～) 【ドアバイザー無車】,【期間限定特価】★クレジットカード利用可★,"【送料無料】【納期目安】2～7営業日【ご注意】※ご用意する商品は商品タイトルのものとなります。※特にドアバイザーの有無に関しては十分ご注意ください。<br><br><table width=""580"" border=""0"" cellspacing=""0"" cellpadding=""0"">
  <tr>
    <td colspan=""3""><img src=""http://image.rakuten.co.jp/gyouhan-shop/cabinet/t_c05.jpg"" alt=""ご案内"" width=""580"" height=""22""><br><img src=""http://image.rakuten.co.jp/gyouhan-shop/cabinet/spacer.gif"" alt=""格安カー用品ショップ"" width=""1"" height=""5""><td>
  </tr>
  <tr>
    <td width=""280"" align=""left"" valign=""top""><font size=""2""><img src=""http://image.rakuten.co.jp/gyouhan-shop/cabinet/i_i01.jpg"" alt=""格安カー用品ショップ"" width=""4"" height=""13"">　<strong>お支払い方法について</strong><br><br>
    お支払い方法は、下記の何れかをご利用いただけます。<br>

<!-- クレジットはここに挿入 -->
・クレジットカード<br>
<img src=""http://image.rakuten.co.jp/gyouhan-shop/cabinet/guide/r-cragit-2.gif"" alt=""クレジットカード"" ><br><br>
<!-- クレジットはここまで -->

 
・商品代引き<br>
・振込（銀行・郵便局等）<br>
・楽天バンク決済<br><br>
※申し訳ございませんが、現在、沖縄・離島への代金引換サービス
<br>はお受けしておりません。<br>
予めご了承の程、よろしくお願い致します。<br><br>



<!-- クレジット説明はここに挿入 -->


<!-- クレジット説明はここまで -->




    <img src=""http://image.rakuten.co.jp/gyouhan-shop/cabinet/i_i01.jpg"" alt=""格安カー用品ショップ"" width=""4"" height=""13"">　<strong>お届けについて</strong><br><br>
    【即納】【在庫有】と表示されている当店在庫商品につきましては、営業日の午前中までのご注文（ご入金）を確認いたしましたご注文に限り、当日発送、それ以降は翌営業日に発送させていただきます。<br><br>
    当方指定の宅配便<br>
    ※お客様での指定は承っておりません。<br><br>
    詳しくはこちらをご覧ください。<br><br></td>
    <td width=""20"">&nbsp;</td>
    <td width=""280"" align=""left"" valign=""top""><font size=""2""><img src=""http://image.rakuten.co.jp/gyouhan-shop/cabinet/i_i01.jpg"" alt=""格安カー用品ショップ"" width=""4"" height=""13"">　<strong>送料について</strong><br><br>
    【基本送料900円】<br>
    ※大型商品等、送料が異なる場合には商品ページに記載いたします。<br>
※お買い上げ金額50,000円（税別）以上で、<font color=""ff0000"">送料無料</font>となります。<br>
<font size=2 color=red><b>【ご注意】[沖縄・離島への発送につきまして]<br>送料無料対象外となります。<br>バッテリーの発送は行っておりません。<br>全商品代引き発送は行っておりません。<br>通常商品送料4,000円/キャリア、大型商品送料は8,000円となります。</b></font>
<br>
    詳しくはこちらをご覧ください。<br><br><br>
    <img src=""http://image.rakuten.co.jp/gyouhan-shop/cabinet/i_i01.jpg"" alt=""格安カー用品ショップ"" width=""4"" height=""13"">　<strong>返品・交換について</strong><br><br>
    お客様都合による返品は理由の如何を問わず受け付けておりません。通販法の特性上、クーリングオフの対象とはなりませんのでご了承ください。<br><br>
    詳しくはこちらをご覧ください。<br></font></td>
  </tr>
</table>",WORLD WING  IZANAMI レクサスRX ステンレスピラー プラチナムブラック #800 【型式(年式)】AGL10/GGL1#/GYL1#型(H20.12～) 【ドアバイザー無車】：業販ネットショップ楽天市場店,ADK-6150036パンク修理レーダーETCカーメイトキャリアPIAAINNOEXGELエクスジェル腰痛エルゴテックスロッドホルダースライム横浜油脂ADK-51LC04ヴァレンティRBR-T2WORLD WING  IZANAMI レクサスRX ステンレスピラー プラチナムブラック #800 【型式(年式)】AGL10/GGL1#/GYL1#型(H20.12～) 【ドアバイザー無車】,【期間限定特価】★クレジットカード利用可★。WORLD WING  IZANAMI レクサスRX ステンレスピラー プラチナムブラック #800 【型式(年式)】AGL10/GGL1#/GYL1#型(H20.12～) 【ドアバイザー無車】[rn]
17-43487,http://tshop.r10s.jp/gyouhan-shop/cabinet/etc2/g0714080000136.jpg?fitin=700:700,11264.0000,,車用品・バイク用品 > カー用品 > 外装パーツ > エアロパーツ > ドアパネル,WORLD WING  IZANAMI フィット ステンレスピラー プラチナムブラック #800 【型式(年式)】GE6/7/8/9(H19.10～) 【ドアバイザー有車】,【期間限定特価】★クレジットカード利用可★,"【送料無料】【納期目安】2～7営業日【ご注意】※ご用意する商品は商品タイトルのものとなります。※特にドアバイザーの有無に関しては十分ご注意ください。<br><br><table width=""580"" border=""0"" cellspacing=""0"" cellpadding=""0"">
  <tr>
    <td colspan=""3""><img src=""http://image.rakuten.co.jp/gyouhan-shop/cabinet/t_c05.jpg"" alt=""ご案内"" width=""580"" height=""22""><br><img src=""http://image.rakuten.co.jp/gyouhan-shop/cabinet/spacer.gif"" alt=""格安カー用品ショップ"" width=""1"" height=""5""><td>
  </tr>
  <tr>
    <td width=""280"" align=""left"" valign=""top""><font size=""2""><img src=""http://image.rakuten.co.jp/gyouhan-shop/cabinet/i_i01.jpg"" alt=""格安カー用品ショップ"" width=""4"" height=""13"">　<strong>お支払い方法について</strong><br><br>
    お支払い方法は、下記の何れかをご利用いただけます。<br>

<!-- クレジットはここに挿入 -->
・クレジットカード<br>
<img src=""http://image.rakuten.co.jp/gyouhan-shop/cabinet/guide/r-cragit-2.gif"" alt=""クレジットカード"" ><br><br>
<!-- クレジットはここまで -->

 
・商品代引き<br>
・振込（銀行・郵便局等）<br>
・楽天バンク決済<br><br>
※申し訳ございませんが、現在、沖縄・離島への代金引換サービス
<br>はお受けしておりません。<br>
予めご了承の程、よろしくお願い致します。<br><br>



<!-- クレジット説明はここに挿入 -->


<!-- クレジット説明はここまで -->




    <img src=""http://image.rakuten.co.jp/gyouhan-shop/cabinet/i_i01.jpg"" alt=""格安カー用品ショップ"" width=""4"" height=""13"">　<strong>お届けについて</strong><br><br>
    【即納】【在庫有】と表示されている当店在庫商品につきましては、営業日の午前中までのご注文（ご入金）を確認いたしましたご注文に限り、当日発送、それ以降は翌営業日に発送させていただきます。<br><br>
    当方指定の宅配便<br>
    ※お客様での指定は承っておりません。<br><br>
    詳しくはこちらをご覧ください。<br><br></td>
    <td width=""20"">&nbsp;</td>
    <td width=""280"" align=""left"" valign=""top""><font size=""2""><img src=""http://image.rakuten.co.jp/gyouhan-shop/cabinet/i_i01.jpg"" alt=""格安カー用品ショップ"" width=""4"" height=""13"">　<strong>送料について</strong><br><br>
    【基本送料900円】<br>
    ※大型商品等、送料が異なる場合には商品ページに記載いたします。<br>
※お買い上げ金額50,000円（税別）以上で、<font color=""ff0000"">送料無料</font>となります。<br>
<font size=2 color=red><b>【ご注意】[沖縄・離島への発送につきまして]<br>送料無料対象外となります。<br>バッテリーの発送は行っておりません。<br>全商品代引き発送は行っておりません。<br>通常商品送料4,000円/キャリア、大型商品送料は8,000円となります。</b></font>
<br>
    詳しくはこちらをご覧ください。<br><br><br>
    <img src=""http://image.rakuten.co.jp/gyouhan-shop/cabinet/i_i01.jpg"" alt=""格安カー用品ショップ"" width=""4"" height=""13"">　<strong>返品・交換について</strong><br><br>
    お客様都合による返品は理由の如何を問わず受け付けておりません。通販法の特性上、クーリングオフの対象とはなりませんのでご了承ください。<br><br>
    詳しくはこちらをご覧ください。<br></font></td>
  </tr>
</table>",WORLD WING  IZANAMI フィット ステンレスピラー プラチナムブラック #800 【型式(年式)】GE6/7/8/9(H19.10～) 【ドアバイザー有車】：業販ネットショップ楽天市場店,ADK-6150036パンク修理レーダーETCカーメイトキャリアPIAAINNOEXGELエクスジェル腰痛エルゴテックスロッドホルダースライム横浜油脂ADK-51LC04ヴァレンティRBR-T2WORLD WING  IZANAMI フィット ステンレスピラー プラチナムブラック #800 【型式(年式)】GE6/7/8/9(H19.10～) 【ドアバイザー有車】,【期間限定特価】★クレジットカード利用可★。WORLD WING  IZANAMI フィット ステンレスピラー プラチナムブラック #800 【型式(年式)】GE6/7/8/9(H19.10～) 【ドアバイザー有車】[rn]
17-43488,http://tshop.r10s.jp/gyouhan-shop/cabinet/etc2/g0714080000046.jpg?fitin=700:700,10560.0000,,車用品・バイク用品 > カー用品 > 外装パーツ > エアロパーツ > ドアパネル,WORLD WING  IZANAMI QNC系bB ステンレスピラー プラチナムシルバー #800 【型式(年式)】QNC2#型(H17.10～) 【ドアバイザー有車】,【期間限定特価】★クレジットカード利用可★,"【送料無料】【納期目安】2～7営業日【ご注意】※ご用意する商品は商品タイトルのものとなります。※特にドアバイザーの有無に関しては十分ご注意ください。<br><br><table width=""580"" border=""0"" cellspacing=""0"" cellpadding=""0"">
  <tr>
    <td colspan=""3""><img src=""http://image.rakuten.co.jp/gyouhan-shop/cabinet/t_c05.jpg"" alt=""ご案内"" width=""580"" height=""22""><br><img src=""http://image.rakuten.co.jp/gyouhan-shop/cabinet/spacer.gif"" alt=""格安カー用品ショップ"" width=""1"" height=""5""><td>
  </tr>
  <tr>
    <td width=""280"" align=""left"" valign=""top""><font size=""2""><img src=""http://image.rakuten.co.jp/gyouhan-shop/cabinet/i_i01.jpg"" alt=""格安カー用品ショップ"" width=""4"" height=""13"">　<strong>お支払い方法について</strong><br><br>
    お支払い方法は、下記の何れかをご利用いただけます。<br>

<!-- クレジットはここに挿入 -->
・クレジットカード<br>
<img src=""http://image.rakuten.co.jp/gyouhan-shop/cabinet/guide/r-cragit-2.gif"" alt=""クレジットカード"" ><br><br>
<!-- クレジットはここまで -->

 
・商品代引き<br>
・振込（銀行・郵便局等）<br>
・楽天バンク決済<br><br>
※申し訳ございませんが、現在、沖縄・離島への代金引換サービス
<br>はお受けしておりません。<br>
予めご了承の程、よろしくお願い致します。<br><br>



<!-- クレジット説明はここに挿入 -->


<!-- クレジット説明はここまで -->




    <img src=""http://image.rakuten.co.jp/gyouhan-shop/cabinet/i_i01.jpg"" alt=""格安カー用品ショップ"" width=""4"" height=""13"">　<strong>お届けについて</strong><br><br>
    【即納】【在庫有】と表示されている当店在庫商品につきましては、営業日の午前中までのご注文（ご入金）を確認いたしましたご注文に限り、当日発送、それ以降は翌営業日に発送させていただきます。<br><br>
    当方指定の宅配便<br>
    ※お客様での指定は承っておりません。<br><br>
    詳しくはこちらをご覧ください。<br><br></td>
    <td width=""20"">&nbsp;</td>
    <td width=""280"" align=""left"" valign=""top""><font size=""2""><img src=""http://image.rakuten.co.jp/gyouhan-shop/cabinet/i_i01.jpg"" alt=""格安カー用品ショップ"" width=""4"" height=""13"">　<strong>送料について</strong><br><br>
    【基本送料900円】<br>
    ※大型商品等、送料が異なる場合には商品ページに記載いたします。<br>
※お買い上げ金額50,000円（税別）以上で、<font color=""ff0000"">送料無料</font>となります。<br>
<font size=2 color=red><b>【ご注意】[沖縄・離島への発送につきまして]<br>送料無料対象外となります。<br>バッテリーの発送は行っておりません。<br>全商品代引き発送は行っておりません。<br>通常商品送料4,000円/キャリア、大型商品送料は8,000円となります。</b></font>
<br>
    詳しくはこちらをご覧ください。<br><br><br>
    <img src=""http://image.rakuten.co.jp/gyouhan-shop/cabinet/i_i01.jpg"" alt=""格安カー用品ショップ"" width=""4"" height=""13"">　<strong>返品・交換について</strong><br><br>
    お客様都合による返品は理由の如何を問わず受け付けておりません。通販法の特性上、クーリングオフの対象とはなりませんのでご了承ください。<br><br>
    詳しくはこちらをご覧ください。<br></font></td>
  </tr>
</table>",WORLD WING  IZANAMI QNC系bB ステンレスピラー プラチナムシルバー #800 【型式(年式)】QNC2#型(H17.10～) 【ドアバイザー有車】：業販ネットショップ楽天市場店,ADK-6150036パンク修理レーダーETCカーメイトキャリアPIAAINNOEXGELエクスジェル腰痛エルゴテックスロッドホルダースライム横浜油脂ADK-51LC04ヴァレンティRBR-T2WORLD WING  IZANAMI QNC系bB ステンレスピラー プラチナムシルバー #800 【型式(年式)】QNC2#型(H17.10～) 【ドアバイザー有車】,【期間限定特価】★クレジットカード利用可★。WORLD WING  IZANAMI QNC系bB ステンレスピラー プラチナムシルバー #800 【型式(年式)】QNC2#型(H17.10～) 【ドアバイザー有車】[rn]
17-43489,http://tshop.r10s.jp/gyouhan-shop/cabinet/etc2/g0714080000007.jpg?fitin=700:700,10560.0000,,車用品・バイク用品 > カー用品 > 外装パーツ > エアロパーツ > ドアパネル,WORLD WING  IZANAMI 20系ヴェルファイア　 ステンレスピラー プラチナムシルバー #800 【型式(年式)】ANH2#W/GGH2#W型(H20.5～) 【ドアバイザー無車】,【期間限定特価】★クレジットカード利用可★,"【送料無料】【納期目安】2～7営業日【ご注意】※ご用意する商品は商品タイトルのものとなります。※特にドアバイザーの有無に関しては十分ご注意ください。<br><br><table width=""580"" border=""0"" cellspacing=""0"" cellpadding=""0"">
  <tr>
    <td colspan=""3""><img src=""http://image.rakuten.co.jp/gyouhan-shop/cabinet/t_c05.jpg"" alt=""ご案内"" width=""580"" height=""22""><br><img src=""http://image.rakuten.co.jp/gyouhan-shop/cabinet/spacer.gif"" alt=""格安カー用品ショップ"" width=""1"" height=""5""><td>
  </tr>
  <tr>
    <td width=""280"" align=""left"" valign=""top""><font size=""2""><img src=""http://image.rakuten.co.jp/gyouhan-shop/cabinet/i_i01.jpg"" alt=""格安カー用品ショップ"" width=""4"" height=""13"">　<strong>お支払い方法について</strong><br><br>
    お支払い方法は、下記の何れかをご利用いただけます。<br>

<!-- クレジットはここに挿入 -->
・クレジットカード<br>
<img src=""http://image.rakuten.co.jp/gyouhan-shop/cabinet/guide/r-cragit-2.gif"" alt=""クレジットカード"" ><br><br>
<!-- クレジットはここまで -->

 
・商品代引き<br>
・振込（銀行・郵便局等）<br>
・楽天バンク決済<br><br>
※申し訳ございませんが、現在、沖縄・離島への代金引換サービス
<br>はお受けしておりません。<br>
予めご了承の程、よろしくお願い致します。<br><br>



<!-- クレジット説明はここに挿入 -->


<!-- クレジット説明はここまで -->




    <img src=""http://image.rakuten.co.jp/gyouhan-shop/cabinet/i_i01.jpg"" alt=""格安カー用品ショップ"" width=""4"" height=""13"">　<strong>お届けについて</strong><br><br>
    【即納】【在庫有】と表示されている当店在庫商品につきましては、営業日の午前中までのご注文（ご入金）を確認いたしましたご注文に限り、当日発送、それ以降は翌営業日に発送させていただきます。<br><br>
    当方指定の宅配便<br>
    ※お客様での指定は承っておりません。<br><br>
    詳しくはこちらをご覧ください。<br><br></td>
    <td width=""20"">&nbsp;</td>
    <td width=""280"" align=""left"" valign=""top""><font size=""2""><img src=""http://image.rakuten.co.jp/gyouhan-shop/cabinet/i_i01.jpg"" alt=""格安カー用品ショップ"" width=""4"" height=""13"">　<strong>送料について</strong><br><br>
    【基本送料900円】<br>
    ※大型商品等、送料が異なる場合には商品ページに記載いたします。<br>
※お買い上げ金額50,000円（税別）以上で、<font color=""ff0000"">送料無料</font>となります。<br>
<font size=2 color=red><b>【ご注意】[沖縄・離島への発送につきまして]<br>送料無料対象外となります。<br>バッテリーの発送は行っておりません。<br>全商品代引き発送は行っておりません。<br>通常商品送料4,000円/キャリア、大型商品送料は8,000円となります。</b></font>
<br>
    詳しくはこちらをご覧ください。<br><br><br>
    <img src=""http://image.rakuten.co.jp/gyouhan-shop/cabinet/i_i01.jpg"" alt=""格安カー用品ショップ"" width=""4"" height=""13"">　<strong>返品・交換について</strong><br><br>
    お客様都合による返品は理由の如何を問わず受け付けておりません。通販法の特性上、クーリングオフの対象とはなりませんのでご了承ください。<br><br>
    詳しくはこちらをご覧ください。<br></font></td>
  </tr>
</table>",WORLD WING  IZANAMI 20系ヴェルファイア　 ステンレスピラー プラチナムシルバー #800 【型式(年式)】ANH2#W/GGH2#W型(H20.5～) 【ドアバイザー無車】：業販ネットショップ楽天市場店,ADK-6150036パンク修理レーダーETCカーメイトキャリアPIAAINNOEXGELエクスジェル腰痛エルゴテックスロッドホルダースライム横浜油脂ADK-51LC04ヴァレンティRBR-T2WORLD WING  IZANAMI 20系ヴェルファイア　 ステンレスピラー プラチナムシルバー #800 【型式(年式)】ANH2#W/GGH2#W型(H20.5～) 【ドアバイザー無車】,【期間限定特価】★クレジットカード利用可★。WORLD WING  IZANAMI 20系ヴェルファイア　 ステンレスピラー プラチナムシルバー #800 【型式(年式)】ANH2#W/GGH2#W型(H20.5～) 【ドアバイザー無車】[rn]
17-43490,http://tshop.r10s.jp/gyouhan-shop/cabinet/etc2/g0714080000075.jpg?fitin=700:700,11264.0000,,車用品・バイク用品 > カー用品 > 外装パーツ > エアロパーツ > ドアパネル,WORLD WING  IZANAMI 20系アルファード　 ステンレスピラー プラチナムブラック #800 【型式(年式)】ANH2#W/GGH2#W型(H20.5～) 【ドアバイザー無車】,【期間限定特価】★クレジットカード利用可★,"【送料無料】【納期目安】2～7営業日【ご注意】※ご用意する商品は商品タイトルのものとなります。※特にドアバイザーの有無に関しては十分ご注意ください。<br><br><table width=""580"" border=""0"" cellspacing=""0"" cellpadding=""0"">
  <tr>
    <td colspan=""3""><img src=""http://image.rakuten.co.jp/gyouhan-shop/cabinet/t_c05.jpg"" alt=""ご案内"" width=""580"" height=""22""><br><img src=""http://image.rakuten.co.jp/gyouhan-shop/cabinet/spacer.gif"" alt=""格安カー用品ショップ"" width=""1"" height=""5""><td>
  </tr>
  <tr>
    <td width=""280"" align=""left"" valign=""top""><font size=""2""><img src=""http://image.rakuten.co.jp/gyouhan-shop/cabinet/i_i01.jpg"" alt=""格安カー用品ショップ"" width=""4"" height=""13"">　<strong>お支払い方法について</strong><br><br>
    お支払い方法は、下記の何れかをご利用いただけます。<br>

<!-- クレジットはここに挿入 -->
・クレジットカード<br>
<img src=""http://image.rakuten.co.jp/gyouhan-shop/cabinet/guide/r-cragit-2.gif"" alt=""クレジットカード"" ><br><br>
<!-- クレジットはここまで -->

 
・商品代引き<br>
・振込（銀行・郵便局等）<br>
・楽天バンク決済<br><br>
※申し訳ございませんが、現在、沖縄・離島への代金引換サービス
<br>はお受けしておりません。<br>
予めご了承の程、よろしくお願い致します。<br><br>



<!-- クレジット説明はここに挿入 -->


<!-- クレジット説明はここまで -->




    <img src=""http://image.rakuten.co.jp/gyouhan-shop/cabinet/i_i01.jpg"" alt=""格安カー用品ショップ"" width=""4"" height=""13"">　<strong>お届けについて</strong><br><br>
    【即納】【在庫有】と表示されている当店在庫商品につきましては、営業日の午前中までのご注文（ご入金）を確認いたしましたご注文に限り、当日発送、それ以降は翌営業日に発送させていただきます。<br><br>
    当方指定の宅配便<br>
    ※お客様での指定は承っておりません。<br><br>
    詳しくはこちらをご覧ください。<br><br></td>
    <td width=""20"">&nbsp;</td>
    <td width=""280"" align=""left"" valign=""top""><font size=""2""><img src=""http://image.rakuten.co.jp/gyouhan-shop/cabinet/i_i01.jpg"" alt=""格安カー用品ショップ"" width=""4"" height=""13"">　<strong>送料について</strong><br><br>
    【基本送料900円】<br>
    ※大型商品等、送料が異なる場合には商品ページに記載いたします。<br>
※お買い上げ金額50,000円（税別）以上で、<font color=""ff0000"">送料無料</font>となります。<br>
<font size=2 color=red><b>【ご注意】[沖縄・離島への発送につきまして]<br>送料無料対象外となります。<br>バッテリーの発送は行っておりません。<br>全商品代引き発送は行っておりません。<br>通常商品送料4,000円/キャリア、大型商品送料は8,000円となります。</b></font>
<br>
    詳しくはこちらをご覧ください。<br><br><br>
    <img src=""http://image.rakuten.co.jp/gyouhan-shop/cabinet/i_i01.jpg"" alt=""格安カー用品ショップ"" width=""4"" height=""13"">　<strong>返品・交換について</strong><br><br>
    お客様都合による返品は理由の如何を問わず受け付けておりません。通販法の特性上、クーリングオフの対象とはなりませんのでご了承ください。<br><br>
    詳しくはこちらをご覧ください。<br></font></td>
  </tr>
</table>",WORLD WING  IZANAMI 20系アルファード　 ステンレスピラー プラチナムブラック #800 【型式(年式)】ANH2#W/GGH2#W型(H20.5～) 【ドアバイザー無車】：業販ネットショップ楽天市場店,ADK-6150036パンク修理レーダーETCカーメイトキャリアPIAAINNOEXGELエクスジェル腰痛エルゴテックスロッドホルダースライム横浜油脂ADK-51LC04ヴァレンティRBR-T2WORLD WING  IZANAMI 20系アルファード　 ステンレスピラー プラチナムブラック #800 【型式(年式)】ANH2#W/GGH2#W型(H20.5～) 【ドアバイザー無車】,【期間限定特価】★クレジットカード利用可★。WORLD WING  IZANAMI 20系アルファード　 ステンレスピラー プラチナムブラック #800 【型式(年式)】ANH2#W/GGH2#W型(H20.5～) 【ドアバイザー無車】[rn]
17-43491,http://tshop.r10s.jp/gyouhan-shop/cabinet/etc2/g0714080000053.jpg?fitin=700:700,9152.0000,,車用品・バイク用品 > カー用品 > 外装パーツ > エアロパーツ > ドアパネル,WORLD WING  IZANAMI 180系クラウンアスリート ステンレスピラー プラチナムシルバー #800 【型式(年式)】GRS18#型(H15.12～H20.12) 【ドアバイザー無車】,【期間限定特価】★クレジットカード利用可★,"【送料無料】【納期目安】2～7営業日【ご注意】※ご用意する商品は商品タイトルのものとなります。※特にドアバイザーの有無に関しては十分ご注意ください。<br><br><table width=""580"" border=""0"" cellspacing=""0"" cellpadding=""0"">
  <tr>
    <td colspan=""3""><img src=""http://image.rakuten.co.jp/gyouhan-shop/cabinet/t_c05.jpg"" alt=""ご案内"" width=""580"" height=""22""><br><img src=""http://image.rakuten.co.jp/gyouhan-shop/cabinet/spacer.gif"" alt=""格安カー用品ショップ"" width=""1"" height=""5""><td>
  </tr>
  <tr>
    <td width=""280"" align=""left"" valign=""top""><font size=""2""><img src=""http://image.rakuten.co.jp/gyouhan-shop/cabinet/i_i01.jpg"" alt=""格安カー用品ショップ"" width=""4"" height=""13"">　<strong>お支払い方法について</strong><br><br>
    お支払い方法は、下記の何れかをご利用いただけます。<br>

<!-- クレジットはここに挿入 -->
・クレジットカード<br>
<img src=""http://image.rakuten.co.jp/gyouhan-shop/cabinet/guide/r-cragit-2.gif"" alt=""クレジットカード"" ><br><br>
<!-- クレジットはここまで -->

 
・商品代引き<br>
・振込（銀行・郵便局等）<br>
・楽天バンク決済<br><br>
※申し訳ございませんが、現在、沖縄・離島への代金引換サービス
<br>はお受けしておりません。<br>
予めご了承の程、よろしくお願い致します。<br><br>



<!-- クレジット説明はここに挿入 -->


<!-- クレジット説明はここまで -->




    <img src=""http://image.rakuten.co.jp/gyouhan-shop/cabinet/i_i01.jpg"" alt=""格安カー用品ショップ"" width=""4"" height=""13"">　<strong>お届けについて</strong><br><br>
    【即納】【在庫有】と表示されている当店在庫商品につきましては、営業日の午前中までのご注文（ご入金）を確認いたしましたご注文に限り、当日発送、それ以降は翌営業日に発送させていただきます。<br><br>
    当方指定の宅配便<br>
    ※お客様での指定は承っておりません。<br><br>
    詳しくはこちらをご覧ください。<br><br></td>
    <td width=""20"">&nbsp;</td>
    <td width=""280"" align=""left"" valign=""top""><font size=""2""><img src=""http://image.rakuten.co.jp/gyouhan-shop/cabinet/i_i01.jpg"" alt=""格安カー用品ショップ"" width=""4"" height=""13"">　<strong>送料について</strong><br><br>
    【基本送料900円】<br>
    ※大型商品等、送料が異なる場合には商品ページに記載いたします。<br>
※お買い上げ金額50,000円（税別）以上で、<font color=""ff0000"">送料無料</font>となります。<br>
<font size=2 color=red><b>【ご注意】[沖縄・離島への発送につきまして]<br>送料無料対象外となります。<br>バッテリーの発送は行っておりません。<br>全商品代引き発送は行っておりません。<br>通常商品送料4,000円/キャリア、大型商品送料は8,000円となります。</b></font>
<br>
    詳しくはこちらをご覧ください。<br><br><br>
    <img src=""http://image.rakuten.co.jp/gyouhan-shop/cabinet/i_i01.jpg"" alt=""格安カー用品ショップ"" width=""4"" height=""13"">　<strong>返品・交換について</strong><br><br>
    お客様都合による返品は理由の如何を問わず受け付けておりません。通販法の特性上、クーリングオフの対象とはなりませんのでご了承ください。<br><br>
    詳しくはこちらをご覧ください。<br></font></td>
  </tr>
</table>",WORLD WING  IZANAMI 180系クラウンアスリート ステンレスピラー プラチナムシルバー #800 【型式(年式)】GRS18#型(H15.12～H20.12) 【ドアバイザー無車】：業販ネットショップ楽天市場店,ADK-6150036パンク修理レーダーETCカーメイトキャリアPIAAINNOEXGELエクスジェル腰痛エルゴテックスロッドホルダースライム横浜油脂ADK-51LC04ヴァレンティRBR-T2WORLD WING  IZANAMI 180系クラウンアスリート ステンレスピラー プラチナムシルバー #800 【型式(年式)】GRS18#型(H15.12～H20.12) 【ドアバイザー無車】,【期間限定特価】★クレジットカード利用可★。WORLD WING  IZANAMI 180系クラウンアスリート ステンレスピラー プラチナムシルバー #800 【型式(年式)】GRS18#型(H15.12～H20.12) 【ドアバイザー無車】[rn]
17-43492,http://tshop.r10s.jp/gyouhan-shop/cabinet/etc2/g0714080000137.jpg?fitin=700:700,9856.0000,,車用品・バイク用品 > カー用品 > 外装パーツ > エアロパーツ > ドアパネル,WORLD WING  IZANAMI フィット ステンレスピラー プラチナムブラック #800 【型式(年式)】GE6/7/8/9(H19.10～) 【ドアバイザー無車】,【期間限定特価】★クレジットカード利用可★,"【送料無料】【納期目安】2～7営業日【ご注意】※ご用意する商品は商品タイトルのものとなります。※特にドアバイザーの有無に関しては十分ご注意ください。<br><br><table width=""580"" border=""0"" cellspacing=""0"" cellpadding=""0"">
  <tr>
    <td colspan=""3""><img src=""http://image.rakuten.co.jp/gyouhan-shop/cabinet/t_c05.jpg"" alt=""ご案内"" width=""580"" height=""22""><br><img src=""http://image.rakuten.co.jp/gyouhan-shop/cabinet/spacer.gif"" alt=""格安カー用品ショップ"" width=""1"" height=""5""><td>
  </tr>
  <tr>
    <td width=""280"" align=""left"" valign=""top""><font size=""2""><img src=""http://image.rakuten.co.jp/gyouhan-shop/cabinet/i_i01.jpg"" alt=""格安カー用品ショップ"" width=""4"" height=""13"">　<strong>お支払い方法について</strong><br><br>
    お支払い方法は、下記の何れかをご利用いただけます。<br>

<!-- クレジットはここに挿入 -->
・クレジットカード<br>
<img src=""http://image.rakuten.co.jp/gyouhan-shop/cabinet/guide/r-cragit-2.gif"" alt=""クレジットカード"" ><br><br>
<!-- クレジットはここまで -->

 
・商品代引き<br>
・振込（銀行・郵便局等）<br>
・楽天バンク決済<br><br>
※申し訳ございませんが、現在、沖縄・離島への代金引換サービス
<br>はお受けしておりません。<br>
予めご了承の程、よろしくお願い致します。<br><br>



<!-- クレジット説明はここに挿入 -->


<!-- クレジット説明はここまで -->




    <img src=""http://image.rakuten.co.jp/gyouhan-shop/cabinet/i_i01.jpg"" alt=""格安カー用品ショップ"" width=""4"" height=""13"">　<strong>お届けについて</strong><br><br>
    【即納】【在庫有】と表示されている当店在庫商品につきましては、営業日の午前中までのご注文（ご入金）を確認いたしましたご注文に限り、当日発送、それ以降は翌営業日に発送させていただきます。<br><br>
    当方指定の宅配便<br>
    ※お客様での指定は承っておりません。<br><br>
    詳しくはこちらをご覧ください。<br><br></td>
    <td width=""20"">&nbsp;</td>
    <td width=""280"" align=""left"" valign=""top""><font size=""2""><img src=""http://image.rakuten.co.jp/gyouhan-shop/cabinet/i_i01.jpg"" alt=""格安カー用品ショップ"" width=""4"" height=""13"">　<strong>送料について</strong><br><br>
    【基本送料900円】<br>
    ※大型商品等、送料が異なる場合には商品ページに記載いたします。<br>
※お買い上げ金額50,000円（税別）以上で、<font color=""ff0000"">送料無料</font>となります。<br>
<font size=2 color=red><b>【ご注意】[沖縄・離島への発送につきまして]<br>送料無料対象外となります。<br>バッテリーの発送は行っておりません。<br>全商品代引き発送は行っておりません。<br>通常商品送料4,000円/キャリア、大型商品送料は8,000円となります。</b></font>
<br>
    詳しくはこちらをご覧ください。<br><br><br>
    <img src=""http://image.rakuten.co.jp/gyouhan-shop/cabinet/i_i01.jpg"" alt=""格安カー用品ショップ"" width=""4"" height=""13"">　<strong>返品・交換について</strong><br><br>
    お客様都合による返品は理由の如何を問わず受け付けておりません。通販法の特性上、クーリングオフの対象とはなりませんのでご了承ください。<br><br>
    詳しくはこちらをご覧ください。<br></font></td>
  </tr>
</table>",WORLD WING  IZANAMI フィット ステンレスピラー プラチナムブラック #800 【型式(年式)】GE6/7/8/9(H19.10～) 【ドアバイザー無車】：業販ネットショップ楽天市場店,ADK-6150036パンク修理レーダーETCカーメイトキャリアPIAAINNOEXGELエクスジェル腰痛エルゴテックスロッドホルダースライム横浜油脂ADK-51LC04ヴァレンティRBR-T2WORLD WING  IZANAMI フィット ステンレスピラー プラチナムブラック #800 【型式(年式)】GE6/7/8/9(H19.10～) 【ドアバイザー無車】,【期間限定特価】★クレジットカード利用可★。WORLD WING  IZANAMI フィット ステンレスピラー プラチナムブラック #800 【型式(年式)】GE6/7/8/9(H19.10～) 【ドアバイザー無車】[rn]
17-43493,http://tshop.r10s.jp/gyouhan-shop/cabinet/etc2/g0714080000067.jpg?fitin=700:700,10560.0000,,車用品・バイク用品 > カー用品 > 外装パーツ > エアロパーツ > ドアパネル,WORLD WING  IZANAMI フィット ステンレスピラー プラチナムシルバー #800 【型式(年式)】GE6/7/8/9(H19.10～) 【ドアバイザー有車】,【期間限定特価】★クレジットカード利用可★,"【送料無料】【納期目安】2～7営業日【ご注意】※ご用意する商品は商品タイトルのものとなります。※特にドアバイザーの有無に関しては十分ご注意ください。<br><br><table width=""580"" border=""0"" cellspacing=""0"" cellpadding=""0"">
  <tr>
    <td colspan=""3""><img src=""http://image.rakuten.co.jp/gyouhan-shop/cabinet/t_c05.jpg"" alt=""ご案内"" width=""580"" height=""22""><br><img src=""http://image.rakuten.co.jp/gyouhan-shop/cabinet/spacer.gif"" alt=""格安カー用品ショップ"" width=""1"" height=""5""><td>
  </tr>
  <tr>
    <td width=""280"" align=""left"" valign=""top""><font size=""2""><img src=""http://image.rakuten.co.jp/gyouhan-shop/cabinet/i_i01.jpg"" alt=""格安カー用品ショップ"" width=""4"" height=""13"">　<strong>お支払い方法について</strong><br><br>
    お支払い方法は、下記の何れかをご利用いただけます。<br>

<!-- クレジットはここに挿入 -->
・クレジットカード<br>
<img src=""http://image.rakuten.co.jp/gyouhan-shop/cabinet/guide/r-cragit-2.gif"" alt=""クレジットカード"" ><br><br>
<!-- クレジットはここまで -->

 
・商品代引き<br>
・振込（銀行・郵便局等）<br>
・楽天バンク決済<br><br>
※申し訳ございませんが、現在、沖縄・離島への代金引換サービス
<br>はお受けしておりません。<br>
予めご了承の程、よろしくお願い致します。<br><br>



<!-- クレジット説明はここに挿入 -->


<!-- クレジット説明はここまで -->




    <img src=""http://image.rakuten.co.jp/gyouhan-shop/cabinet/i_i01.jpg"" alt=""格安カー用品ショップ"" width=""4"" height=""13"">　<strong>お届けについて</strong><br><br>
    【即納】【在庫有】と表示されている当店在庫商品につきましては、営業日の午前中までのご注文（ご入金）を確認いたしましたご注文に限り、当日発送、それ以降は翌営業日に発送させていただきます。<br><br>
    当方指定の宅配便<br>
    ※お客様での指定は承っておりません。<br><br>
    詳しくはこちらをご覧ください。<br><br></td>
    <td width=""20"">&nbsp;</td>
    <td width=""280"" align=""left"" valign=""top""><font size=""2""><img src=""http://image.rakuten.co.jp/gyouhan-shop/cabinet/i_i01.jpg"" alt=""格安カー用品ショップ"" width=""4"" height=""13"">　<strong>送料について</strong><br><br>
    【基本送料900円】<br>
    ※大型商品等、送料が異なる場合には商品ページに記載いたします。<br>
※お買い上げ金額50,000円（税別）以上で、<font color=""ff0000"">送料無料</font>となります。<br>
<font size=2 color=red><b>【ご注意】[沖縄・離島への発送につきまして]<br>送料無料対象外となります。<br>バッテリーの発送は行っておりません。<br>全商品代引き発送は行っておりません。<br>通常商品送料4,000円/キャリア、大型商品送料は8,000円となります。</b></font>
<br>
    詳しくはこちらをご覧ください。<br><br><br>
    <img src=""http://image.rakuten.co.jp/gyouhan-shop/cabinet/i_i01.jpg"" alt=""格安カー用品ショップ"" width=""4"" height=""13"">　<strong>返品・交換について</strong><br><br>
    お客様都合による返品は理由の如何を問わず受け付けておりません。通販法の特性上、クーリングオフの対象とはなりませんのでご了承ください。<br><br>
    詳しくはこちらをご覧ください。<br></font></td>
  </tr>
</table>",WORLD WING  IZANAMI フィット ステンレスピラー プラチナムシルバー #800 【型式(年式)】GE6/7/8/9(H19.10～) 【ドアバイザー有車】：業販ネットショップ楽天市場店,ADK-6150036パンク修理レーダーETCカーメイトキャリアPIAAINNOEXGELエクスジェル腰痛エルゴテックスロッドホルダースライム横浜油脂ADK-51LC04ヴァレンティRBR-T2WORLD WING  IZANAMI フィット ステンレスピラー プラチナムシルバー #800 【型式(年式)】GE6/7/8/9(H19.10～) 【ドアバイザー有車】,【期間限定特価】★クレジットカード利用可★。WORLD WING  IZANAMI フィット ステンレスピラー プラチナムシルバー #800 【型式(年式)】GE6/7/8/9(H19.10～) 【ドアバイザー有車】[rn]
17-43494,http://tshop.r10s.jp/gyouhan-shop/cabinet/etc2/g0714080000106.jpg?fitin=700:700,9856.0000,,車用品・バイク用品 > カー用品 > 外装パーツ > エアロパーツ > ドアパネル,WORLD WING  IZANAMI 30系ハリアー ステンレスピラー プラチナムブラック #800 【型式(年式)】CU/MCU/GSU3#W型 【ドアバイザー無車】,【期間限定特価】★クレジットカード利用可★,"【送料無料】【納期目安】2～7営業日【ご注意】※ご用意する商品は商品タイトルのものとなります。※特にドアバイザーの有無に関しては十分ご注意ください。<br><br><table width=""580"" border=""0"" cellspacing=""0"" cellpadding=""0"">
  <tr>
    <td colspan=""3""><img src=""http://image.rakuten.co.jp/gyouhan-shop/cabinet/t_c05.jpg"" alt=""ご案内"" width=""580"" height=""22""><br><img src=""http://image.rakuten.co.jp/gyouhan-shop/cabinet/spacer.gif"" alt=""格安カー用品ショップ"" width=""1"" height=""5""><td>
  </tr>
  <tr>
    <td width=""280"" align=""left"" valign=""top""><font size=""2""><img src=""http://image.rakuten.co.jp/gyouhan-shop/cabinet/i_i01.jpg"" alt=""格安カー用品ショップ"" width=""4"" height=""13"">　<strong>お支払い方法について</strong><br><br>
    お支払い方法は、下記の何れかをご利用いただけます。<br>

<!-- クレジットはここに挿入 -->
・クレジットカード<br>
<img src=""http://image.rakuten.co.jp/gyouhan-shop/cabinet/guide/r-cragit-2.gif"" alt=""クレジットカード"" ><br><br>
<!-- クレジットはここまで -->

 
・商品代引き<br>
・振込（銀行・郵便局等）<br>
・楽天バンク決済<br><br>
※申し訳ございませんが、現在、沖縄・離島への代金引換サービス
<br>はお受けしておりません。<br>
予めご了承の程、よろしくお願い致します。<br><br>



<!-- クレジット説明はここに挿入 -->


<!-- クレジット説明はここまで -->




    <img src=""http://image.rakuten.co.jp/gyouhan-shop/cabinet/i_i01.jpg"" alt=""格安カー用品ショップ"" width=""4"" height=""13"">　<strong>お届けについて</strong><br><br>
    【即納】【在庫有】と表示されている当店在庫商品につきましては、営業日の午前中までのご注文（ご入金）を確認いたしましたご注文に限り、当日発送、それ以降は翌営業日に発送させていただきます。<br><br>
    当方指定の宅配便<br>
    ※お客様での指定は承っておりません。<br><br>
    詳しくはこちらをご覧ください。<br><br></td>
    <td width=""20"">&nbsp;</td>
    <td width=""280"" align=""left"" valign=""top""><font size=""2""><img src=""http://image.rakuten.co.jp/gyouhan-shop/cabinet/i_i01.jpg"" alt=""格安カー用品ショップ"" width=""4"" height=""13"">　<strong>送料について</strong><br><br>
    【基本送料900円】<br>
    ※大型商品等、送料が異なる場合には商品ページに記載いたします。<br>
※お買い上げ金額50,000円（税別）以上で、<font color=""ff0000"">送料無料</font>となります。<br>
<font size=2 color=red><b>【ご注意】[沖縄・離島への発送につきまして]<br>送料無料対象外となります。<br>バッテリーの発送は行っておりません。<br>全商品代引き発送は行っておりません。<br>通常商品送料4,000円/キャリア、大型商品送料は8,000円となります。</b></font>
<br>
    詳しくはこちらをご覧ください。<br><br><br>
    <img src=""http://image.rakuten.co.jp/gyouhan-shop/cabinet/i_i01.jpg"" alt=""格安カー用品ショップ"" width=""4"" height=""13"">　<strong>返品・交換について</strong><br><br>
    お客様都合による返品は理由の如何を問わず受け付けておりません。通販法の特性上、クーリングオフの対象とはなりませんのでご了承ください。<br><br>
    詳しくはこちらをご覧ください。<br></font></td>
  </tr>
</table>",WORLD WING  IZANAMI 30系ハリアー ステンレスピラー プラチナムブラック #800 【型式(年式)】CU/MCU/GSU3#W型 【ドアバイザー無車】：業販ネットショップ楽天市場店,ADK-6150036パンク修理レーダーETCカーメイトキャリアPIAAINNOEXGELエクスジェル腰痛エルゴテックスロッドホルダースライム横浜油脂ADK-51LC04ヴァレンティRBR-T2WORLD WING  IZANAMI 30系ハリアー ステンレスピラー プラチナムブラック #800 【型式(年式)】CU/MCU/GSU3#W型 【ドアバイザー無車】,【期間限定特価】★クレジットカード利用可★。WORLD WING  IZANAMI 30系ハリアー ステンレスピラー プラチナムブラック #800 【型式(年式)】CU/MCU/GSU3#W型 【ドアバイザー無車】[rn]
17-43495,http://tshop.r10s.jp/gyouhan-shop/cabinet/etc2/g0714080000043.jpg?fitin=700:700,10560.0000,,車用品・バイク用品 > カー用品 > 外装パーツ > エアロパーツ > ドアパネル,WORLD WING  IZANAMI アクア ステンレスピラー プラチナムシルバー #800 【型式(年式)】NHP10(H23.12～) 【ドアバイザー有車】,【期間限定特価】★クレジットカード利用可★,"【送料無料】【納期目安】2～7営業日【ご注意】※ご用意する商品は商品タイトルのものとなります。※特にドアバイザーの有無に関しては十分ご注意ください。<br><br><table width=""580"" border=""0"" cellspacing=""0"" cellpadding=""0"">
  <tr>
    <td colspan=""3""><img src=""http://image.rakuten.co.jp/gyouhan-shop/cabinet/t_c05.jpg"" alt=""ご案内"" width=""580"" height=""22""><br><img src=""http://image.rakuten.co.jp/gyouhan-shop/cabinet/spacer.gif"" alt=""格安カー用品ショップ"" width=""1"" height=""5""><td>
  </tr>
  <tr>
    <td width=""280"" align=""left"" valign=""top""><font size=""2""><img src=""http://image.rakuten.co.jp/gyouhan-shop/cabinet/i_i01.jpg"" alt=""格安カー用品ショップ"" width=""4"" height=""13"">　<strong>お支払い方法について</strong><br><br>
    お支払い方法は、下記の何れかをご利用いただけます。<br>

<!-- クレジットはここに挿入 -->
・クレジットカード<br>
<img src=""http://image.rakuten.co.jp/gyouhan-shop/cabinet/guide/r-cragit-2.gif"" alt=""クレジットカード"" ><br><br>
<!-- クレジットはここまで -->

 
・商品代引き<br>
・振込（銀行・郵便局等）<br>
・楽天バンク決済<br><br>
※申し訳ございませんが、現在、沖縄・離島への代金引換サービス
<br>はお受けしておりません。<br>
予めご了承の程、よろしくお願い致します。<br><br>



<!-- クレジット説明はここに挿入 -->


<!-- クレジット説明はここまで -->




    <img src=""http://image.rakuten.co.jp/gyouhan-shop/cabinet/i_i01.jpg"" alt=""格安カー用品ショップ"" width=""4"" height=""13"">　<strong>お届けについて</strong><br><br>
    【即納】【在庫有】と表示されている当店在庫商品につきましては、営業日の午前中までのご注文（ご入金）を確認いたしましたご注文に限り、当日発送、それ以降は翌営業日に発送させていただきます。<br><br>
    当方指定の宅配便<br>
    ※お客様での指定は承っておりません。<br><br>
    詳しくはこちらをご覧ください。<br><br></td>
    <td width=""20"">&nbsp;</td>
    <td width=""280"" align=""left"" valign=""top""><font size=""2""><img src=""http://image.rakuten.co.jp/gyouhan-shop/cabinet/i_i01.jpg"" alt=""格安カー用品ショップ"" width=""4"" height=""13"">　<strong>送料について</strong><br><br>
    【基本送料900円】<br>
    ※大型商品等、送料が異なる場合には商品ページに記載いたします。<br>
※お買い上げ金額50,000円（税別）以上で、<font color=""ff0000"">送料無料</font>となります。<br>
<font size=2 color=red><b>【ご注意】[沖縄・離島への発送につきまして]<br>送料無料対象外となります。<br>バッテリーの発送は行っておりません。<br>全商品代引き発送は行っておりません。<br>通常商品送料4,000円/キャリア、大型商品送料は8,000円となります。</b></font>
<br>
    詳しくはこちらをご覧ください。<br><br><br>
    <img src=""http://image.rakuten.co.jp/gyouhan-shop/cabinet/i_i01.jpg"" alt=""格安カー用品ショップ"" width=""4"" height=""13"">　<strong>返品・交換について</strong><br><br>
    お客様都合による返品は理由の如何を問わず受け付けておりません。通販法の特性上、クーリングオフの対象とはなりませんのでご了承ください。<br><br>
    詳しくはこちらをご覧ください。<br></font></td>
  </tr>
</table>",WORLD WING  IZANAMI アクア ステンレスピラー プラチナムシルバー #800 【型式(年式)】NHP10(H23.12～) 【ドアバイザー有車】：業販ネットショップ楽天市場店,ADK-6150036パンク修理レーダーETCカーメイトキャリアPIAAINNOEXGELエクスジェル腰痛エルゴテックスロッドホルダースライム横浜油脂ADK-51LC04ヴァレンティRBR-T2WORLD WING  IZANAMI アクア ステンレスピラー プラチナムシルバー #800 【型式(年式)】NHP10(H23.12～) 【ドアバイザー有車】,【期間限定特価】★クレジットカード利用可★。WORLD WING  IZANAMI アクア ステンレスピラー プラチナムシルバー #800 【型式(年式)】NHP10(H23.12～) 【ドアバイザー有車】[rn]
17-43496,http://tshop.r10s.jp/gyouhan-shop/cabinet/etc2/g0714080000130.jpg?fitin=700:700,13376.0000,,車用品・バイク用品 > カー用品 > 外装パーツ > エアロパーツ > ドアパネル,WORLD WING  IZANAMI 50系エスティマハイブリッド ステンレスピラー プラチナムブラック #800 【型式(年式)】AHR20型(H18.6～) 【ドアバイザー無車】,【期間限定特価】★クレジットカード利用可★,"【送料無料】【納期目安】2～7営業日【ご注意】※ご用意する商品は商品タイトルのものとなります。※特にドアバイザーの有無に関しては十分ご注意ください。<br><br><table width=""580"" border=""0"" cellspacing=""0"" cellpadding=""0"">
  <tr>
    <td colspan=""3""><img src=""http://image.rakuten.co.jp/gyouhan-shop/cabinet/t_c05.jpg"" alt=""ご案内"" width=""580"" height=""22""><br><img src=""http://image.rakuten.co.jp/gyouhan-shop/cabinet/spacer.gif"" alt=""格安カー用品ショップ"" width=""1"" height=""5""><td>
  </tr>
  <tr>
    <td width=""280"" align=""left"" valign=""top""><font size=""2""><img src=""http://image.rakuten.co.jp/gyouhan-shop/cabinet/i_i01.jpg"" alt=""格安カー用品ショップ"" width=""4"" height=""13"">　<strong>お支払い方法について</strong><br><br>
    お支払い方法は、下記の何れかをご利用いただけます。<br>

<!-- クレジットはここに挿入 -->
・クレジットカード<br>
<img src=""http://image.rakuten.co.jp/gyouhan-shop/cabinet/guide/r-cragit-2.gif"" alt=""クレジットカード"" ><br><br>
<!-- クレジットはここまで -->

 
・商品代引き<br>
・振込（銀行・郵便局等）<br>
・楽天バンク決済<br><br>
※申し訳ございませんが、現在、沖縄・離島への代金引換サービス
<br>はお受けしておりません。<br>
予めご了承の程、よろしくお願い致します。<br><br>



<!-- クレジット説明はここに挿入 -->


<!-- クレジット説明はここまで -->




    <img src=""http://image.rakuten.co.jp/gyouhan-shop/cabinet/i_i01.jpg"" alt=""格安カー用品ショップ"" width=""4"" height=""13"">　<strong>お届けについて</strong><br><br>
    【即納】【在庫有】と表示されている当店在庫商品につきましては、営業日の午前中までのご注文（ご入金）を確認いたしましたご注文に限り、当日発送、それ以降は翌営業日に発送させていただきます。<br><br>
    当方指定の宅配便<br>
    ※お客様での指定は承っておりません。<br><br>
    詳しくはこちらをご覧ください。<br><br></td>
    <td width=""20"">&nbsp;</td>
    <td width=""280"" align=""left"" valign=""top""><font size=""2""><img src=""http://image.rakuten.co.jp/gyouhan-shop/cabinet/i_i01.jpg"" alt=""格安カー用品ショップ"" width=""4"" height=""13"">　<strong>送料について</strong><br><br>
    【基本送料900円】<br>
    ※大型商品等、送料が異なる場合には商品ページに記載いたします。<br>
※お買い上げ金額50,000円（税別）以上で、<font color=""ff0000"">送料無料</font>となります。<br>
<font size=2 color=red><b>【ご注意】[沖縄・離島への発送につきまして]<br>送料無料対象外となります。<br>バッテリーの発送は行っておりません。<br>全商品代引き発送は行っておりません。<br>通常商品送料4,000円/キャリア、大型商品送料は8,000円となります。</b></font>
<br>
    詳しくはこちらをご覧ください。<br><br><br>
    <img src=""http://image.rakuten.co.jp/gyouhan-shop/cabinet/i_i01.jpg"" alt=""格安カー用品ショップ"" width=""4"" height=""13"">　<strong>返品・交換について</strong><br><br>
    お客様都合による返品は理由の如何を問わず受け付けておりません。通販法の特性上、クーリングオフの対象とはなりませんのでご了承ください。<br><br>
    詳しくはこちらをご覧ください。<br></font></td>
  </tr>
</table>",WORLD WING  IZANAMI 50系エスティマハイブリッド ステンレスピラー プラチナムブラック #800 【型式(年式)】AHR20型(H18.6～) 【ドアバイザー無車】：業販ネットショップ楽天市場店,ADK-6150036パンク修理レーダーETCカーメイトキャリアPIAAINNOEXGELエクスジェル腰痛エルゴテックスロッドホルダースライム横浜油脂ADK-51LC04ヴァレンティRBR-T2WORLD WING  IZANAMI 50系エスティマハイブリッド ステンレスピラー プラチナムブラック #800 【型式(年式)】AHR20型(H18.6～) 【ドアバイザー無車】,【期間限定特価】★クレジットカード利用可★。WORLD WING  IZANAMI 50系エスティマハイブリッド ステンレスピラー プラチナムブラック #800 【型式(年式)】AHR20型(H18.6～) 【ドアバイザー無車】[rn]
17-43497,http://tshop.r10s.jp/gyouhan-shop/cabinet/etc2/g0714080000072.jpg?fitin=700:700,11264.0000,,車用品・バイク用品 > カー用品 > 外装パーツ > エアロパーツ > ドアパネル,WORLD WING  IZANAMI MH23SワゴンR ステンレスピラー プラチナムブラック #800 【型式(年式)】MH23S 【ドアバイザー無車】,【期間限定特価】★クレジットカード利用可★,"【送料無料】【納期目安】2～7営業日【ご注意】※ご用意する商品は商品タイトルのものとなります。※特にドアバイザーの有無に関しては十分ご注意ください。<br><br><table width=""580"" border=""0"" cellspacing=""0"" cellpadding=""0"">
  <tr>
    <td colspan=""3""><img src=""http://image.rakuten.co.jp/gyouhan-shop/cabinet/t_c05.jpg"" alt=""ご案内"" width=""580"" height=""22""><br><img src=""http://image.rakuten.co.jp/gyouhan-shop/cabinet/spacer.gif"" alt=""格安カー用品ショップ"" width=""1"" height=""5""><td>
  </tr>
  <tr>
    <td width=""280"" align=""left"" valign=""top""><font size=""2""><img src=""http://image.rakuten.co.jp/gyouhan-shop/cabinet/i_i01.jpg"" alt=""格安カー用品ショップ"" width=""4"" height=""13"">　<strong>お支払い方法について</strong><br><br>
    お支払い方法は、下記の何れかをご利用いただけます。<br>

<!-- クレジットはここに挿入 -->
・クレジットカード<br>
<img src=""http://image.rakuten.co.jp/gyouhan-shop/cabinet/guide/r-cragit-2.gif"" alt=""クレジットカード"" ><br><br>
<!-- クレジットはここまで -->

 
・商品代引き<br>
・振込（銀行・郵便局等）<br>
・楽天バンク決済<br><br>
※申し訳ございませんが、現在、沖縄・離島への代金引換サービス
<br>はお受けしておりません。<br>
予めご了承の程、よろしくお願い致します。<br><br>



<!-- クレジット説明はここに挿入 -->


<!-- クレジット説明はここまで -->




    <img src=""http://image.rakuten.co.jp/gyouhan-shop/cabinet/i_i01.jpg"" alt=""格安カー用品ショップ"" width=""4"" height=""13"">　<strong>お届けについて</strong><br><br>
    【即納】【在庫有】と表示されている当店在庫商品につきましては、営業日の午前中までのご注文（ご入金）を確認いたしましたご注文に限り、当日発送、それ以降は翌営業日に発送させていただきます。<br><br>
    当方指定の宅配便<br>
    ※お客様での指定は承っておりません。<br><br>
    詳しくはこちらをご覧ください。<br><br></td>
    <td width=""20"">&nbsp;</td>
    <td width=""280"" align=""left"" valign=""top""><font size=""2""><img src=""http://image.rakuten.co.jp/gyouhan-shop/cabinet/i_i01.jpg"" alt=""格安カー用品ショップ"" width=""4"" height=""13"">　<strong>送料について</strong><br><br>
    【基本送料900円】<br>
    ※大型商品等、送料が異なる場合には商品ページに記載いたします。<br>
※お買い上げ金額50,000円（税別）以上で、<font color=""ff0000"">送料無料</font>となります。<br>
<font size=2 color=red><b>【ご注意】[沖縄・離島への発送につきまして]<br>送料無料対象外となります。<br>バッテリーの発送は行っておりません。<br>全商品代引き発送は行っておりません。<br>通常商品送料4,000円/キャリア、大型商品送料は8,000円となります。</b></font>
<br>
    詳しくはこちらをご覧ください。<br><br><br>
    <img src=""http://image.rakuten.co.jp/gyouhan-shop/cabinet/i_i01.jpg"" alt=""格安カー用品ショップ"" width=""4"" height=""13"">　<strong>返品・交換について</strong><br><br>
    お客様都合による返品は理由の如何を問わず受け付けておりません。通販法の特性上、クーリングオフの対象とはなりませんのでご了承ください。<br><br>
    詳しくはこちらをご覧ください。<br></font></td>
  </tr>
</table>",WORLD WING  IZANAMI MH23SワゴンR ステンレスピラー プラチナムブラック #800 【型式(年式)】MH23S 【ドアバイザー無車】：業販ネットショップ楽天市場店,ADK-6150036パンク修理レーダーETCカーメイトキャリアPIAAINNOEXGELエクスジェル腰痛エルゴテックスロッドホルダースライム横浜油脂ADK-51LC04ヴァレンティRBR-T2WORLD WING  IZANAMI MH23SワゴンR ステンレスピラー プラチナムブラック #800 【型式(年式)】MH23S 【ドアバイザー無車】,【期間限定特価】★クレジットカード利用可★。WORLD WING  IZANAMI MH23SワゴンR ステンレスピラー プラチナムブラック #800 【型式(年式)】MH23S 【ドアバイザー無車】[rn]
17-43498,http://tshop.r10s.jp/gyouhan-shop/cabinet/etc2/g0714080000089.jpg?fitin=700:700,11264.0000,,車用品・バイク用品 > カー用品 > 外装パーツ > エアロパーツ > ドアパネル,WORLD WING  IZANAMI MH34SワゴンR ステンレスピラー プラチナムブラック #800 【型式(年式)】MH34S(H24.9～) 【ドアバイザー無車】,【期間限定特価】★クレジットカード利用可★,"【送料無料】【納期目安】2～7営業日【ご注意】※ご用意する商品は商品タイトルのものとなります。※特にドアバイザーの有無に関しては十分ご注意ください。<br><br><table width=""580"" border=""0"" cellspacing=""0"" cellpadding=""0"">
  <tr>
    <td colspan=""3""><img src=""http://image.rakuten.co.jp/gyouhan-shop/cabinet/t_c05.jpg"" alt=""ご案内"" width=""580"" height=""22""><br><img src=""http://image.rakuten.co.jp/gyouhan-shop/cabinet/spacer.gif"" alt=""格安カー用品ショップ"" width=""1"" height=""5""><td>
  </tr>
  <tr>
    <td width=""280"" align=""left"" valign=""top""><font size=""2""><img src=""http://image.rakuten.co.jp/gyouhan-shop/cabinet/i_i01.jpg"" alt=""格安カー用品ショップ"" width=""4"" height=""13"">　<strong>お支払い方法について</strong><br><br>
    お支払い方法は、下記の何れかをご利用いただけます。<br>

<!-- クレジットはここに挿入 -->
・クレジットカード<br>
<img src=""http://image.rakuten.co.jp/gyouhan-shop/cabinet/guide/r-cragit-2.gif"" alt=""クレジットカード"" ><br><br>
<!-- クレジットはここまで -->

 
・商品代引き<br>
・振込（銀行・郵便局等）<br>
・楽天バンク決済<br><br>
※申し訳ございませんが、現在、沖縄・離島への代金引換サービス
<br>はお受けしておりません。<br>
予めご了承の程、よろしくお願い致します。<br><br>



<!-- クレジット説明はここに挿入 -->


<!-- クレジット説明はここまで -->




    <img src=""http://image.rakuten.co.jp/gyouhan-shop/cabinet/i_i01.jpg"" alt=""格安カー用品ショップ"" width=""4"" height=""13"">　<strong>お届けについて</strong><br><br>
    【即納】【在庫有】と表示されている当店在庫商品につきましては、営業日の午前中までのご注文（ご入金）を確認いたしましたご注文に限り、当日発送、それ以降は翌営業日に発送させていただきます。<br><br>
    当方指定の宅配便<br>
    ※お客様での指定は承っておりません。<br><br>
    詳しくはこちらをご覧ください。<br><br></td>
    <td width=""20"">&nbsp;</td>
    <td width=""280"" align=""left"" valign=""top""><font size=""2""><img src=""http://image.rakuten.co.jp/gyouhan-shop/cabinet/i_i01.jpg"" alt=""格安カー用品ショップ"" width=""4"" height=""13"">　<strong>送料について</strong><br><br>
    【基本送料900円】<br>
    ※大型商品等、送料が異なる場合には商品ページに記載いたします。<br>
※お買い上げ金額50,000円（税別）以上で、<font color=""ff0000"">送料無料</font>となります。<br>
<font size=2 color=red><b>【ご注意】[沖縄・離島への発送につきまして]<br>送料無料対象外となります。<br>バッテリーの発送は行っておりません。<br>全商品代引き発送は行っておりません。<br>通常商品送料4,000円/キャリア、大型商品送料は8,000円となります。</b></font>
<br>
    詳しくはこちらをご覧ください。<br><br><br>
    <img src=""http://image.rakuten.co.jp/gyouhan-shop/cabinet/i_i01.jpg"" alt=""格安カー用品ショップ"" width=""4"" height=""13"">　<strong>返品・交換について</strong><br><br>
    お客様都合による返品は理由の如何を問わず受け付けておりません。通販法の特性上、クーリングオフの対象とはなりませんのでご了承ください。<br><br>
    詳しくはこちらをご覧ください。<br></font></td>
  </tr>
</table>",WORLD WING  IZANAMI MH34SワゴンR ステンレスピラー プラチナムブラック #800 【型式(年式)】MH34S(H24.9～) 【ドアバイザー無車】：業販ネットショップ楽天市場店,ADK-6150036パンク修理レーダーETCカーメイトキャリアPIAAINNOEXGELエクスジェル腰痛エルゴテックスロッドホルダースライム横浜油脂ADK-51LC04ヴァレンティRBR-T2WORLD WING  IZANAMI MH34SワゴンR ステンレスピラー プラチナムブラック #800 【型式(年式)】MH34S(H24.9～) 【ドアバイザー無車】,【期間限定特価】★クレジットカード利用可★。WORLD WING  IZANAMI MH34SワゴンR ステンレスピラー プラチナムブラック #800 【型式(年式)】MH34S(H24.9～) 【ドアバイザー無車】[rn]
17-43499,http://tshop.r10s.jp/gyouhan-shop/cabinet/etc2/g0714080000025.jpg?fitin=700:700,10560.0000,,車用品・バイク用品 > カー用品 > 外装パーツ > エアロパーツ > ドアパネル,WORLD WING  IZANAMI N-BOX Custom ステンレスピラー プラチナムシルバー #800 【型式(年式)】JF1/2(H23.12～) 【ドアバイザー無車】,【期間限定特価】★クレジットカード利用可★,"【送料無料】【納期目安】2～7営業日【ご注意】※ご用意する商品は商品タイトルのものとなります。※特にドアバイザーの有無に関しては十分ご注意ください。<br><br><table width=""580"" border=""0"" cellspacing=""0"" cellpadding=""0"">
  <tr>
    <td colspan=""3""><img src=""http://image.rakuten.co.jp/gyouhan-shop/cabinet/t_c05.jpg"" alt=""ご案内"" width=""580"" height=""22""><br><img src=""http://image.rakuten.co.jp/gyouhan-shop/cabinet/spacer.gif"" alt=""格安カー用品ショップ"" width=""1"" height=""5""><td>
  </tr>
  <tr>
    <td width=""280"" align=""left"" valign=""top""><font size=""2""><img src=""http://image.rakuten.co.jp/gyouhan-shop/cabinet/i_i01.jpg"" alt=""格安カー用品ショップ"" width=""4"" height=""13"">　<strong>お支払い方法について</strong><br><br>
    お支払い方法は、下記の何れかをご利用いただけます。<br>

<!-- クレジットはここに挿入 -->
・クレジットカード<br>
<img src=""http://image.rakuten.co.jp/gyouhan-shop/cabinet/guide/r-cragit-2.gif"" alt=""クレジットカード"" ><br><br>
<!-- クレジットはここまで -->

 
・商品代引き<br>
・振込（銀行・郵便局等）<br>
・楽天バンク決済<br><br>
※申し訳ございませんが、現在、沖縄・離島への代金引換サービス
<br>はお受けしておりません。<br>
予めご了承の程、よろしくお願い致します。<br><br>



<!-- クレジット説明はここに挿入 -->


<!-- クレジット説明はここまで -->




    <img src=""http://image.rakuten.co.jp/gyouhan-shop/cabinet/i_i01.jpg"" alt=""格安カー用品ショップ"" width=""4"" height=""13"">　<strong>お届けについて</strong><br><br>
    【即納】【在庫有】と表示されている当店在庫商品につきましては、営業日の午前中までのご注文（ご入金）を確認いたしましたご注文に限り、当日発送、それ以降は翌営業日に発送させていただきます。<br><br>
    当方指定の宅配便<br>
    ※お客様での指定は承っておりません。<br><br>
    詳しくはこちらをご覧ください。<br><br></td>
    <td width=""20"">&nbsp;</td>
    <td width=""280"" align=""left"" valign=""top""><font size=""2""><img src=""http://image.rakuten.co.jp/gyouhan-shop/cabinet/i_i01.jpg"" alt=""格安カー用品ショップ"" width=""4"" height=""13"">　<strong>送料について</strong><br><br>
    【基本送料900円】<br>
    ※大型商品等、送料が異なる場合には商品ページに記載いたします。<br>
※お買い上げ金額50,000円（税別）以上で、<font color=""ff0000"">送料無料</font>となります。<br>
<font size=2 color=red><b>【ご注意】[沖縄・離島への発送につきまして]<br>送料無料対象外となります。<br>バッテリーの発送は行っておりません。<br>全商品代引き発送は行っておりません。<br>通常商品送料4,000円/キャリア、大型商品送料は8,000円となります。</b></font>
<br>
    詳しくはこちらをご覧ください。<br><br><br>
    <img src=""http://image.rakuten.co.jp/gyouhan-shop/cabinet/i_i01.jpg"" alt=""格安カー用品ショップ"" width=""4"" height=""13"">　<strong>返品・交換について</strong><br><br>
    お客様都合による返品は理由の如何を問わず受け付けておりません。通販法の特性上、クーリングオフの対象とはなりませんのでご了承ください。<br><br>
    詳しくはこちらをご覧ください。<br></font></td>
  </tr>
</table>",WORLD WING  IZANAMI N-BOX Custom ステンレスピラー プラチナムシルバー #800 【型式(年式)】JF1/2(H23.12～) 【ドアバイザー無車】：業販ネットショップ楽天市場店,ADK-6150036パンク修理レーダーETCカーメイトキャリアPIAAINNOEXGELエクスジェル腰痛エルゴテックスロッドホルダースライム横浜油脂ADK-51LC04ヴァレンティRBR-T2WORLD WING  IZANAMI N-BOX Custom ステンレスピラー プラチナムシルバー #800 【型式(年式)】JF1/2(H23.12～) 【ドアバイザー無車】,【期間限定特価】★クレジットカード利用可★。WORLD WING  IZANAMI N-BOX Custom ステンレスピラー プラチナムシルバー #800 【型式(年式)】JF1/2(H23.12～) 【ドアバイザー無車】[rn]
17-43500,http://tshop.r10s.jp/gyouhan-shop/cabinet/etc2/g0714080000021.jpg?fitin=700:700,10560.0000,,車用品・バイク用品 > カー用品 > 外装パーツ > エアロパーツ > ドアパネル,WORLD WING  IZANAMI MH34SワゴンR ステンレスピラー プラチナムシルバー #800 【型式(年式)】MH34S(H24.9～) 【ドアバイザー無車】,【期間限定特価】★クレジットカード利用可★,"【送料無料】【納期目安】2～7営業日【ご注意】※ご用意する商品は商品タイトルのものとなります。※特にドアバイザーの有無に関しては十分ご注意ください。<br><br><table width=""580"" border=""0"" cellspacing=""0"" cellpadding=""0"">
  <tr>
    <td colspan=""3""><img src=""http://image.rakuten.co.jp/gyouhan-shop/cabinet/t_c05.jpg"" alt=""ご案内"" width=""580"" height=""22""><br><img src=""http://image.rakuten.co.jp/gyouhan-shop/cabinet/spacer.gif"" alt=""格安カー用品ショップ"" width=""1"" height=""5""><td>
  </tr>
  <tr>
    <td width=""280"" align=""left"" valign=""top""><font size=""2""><img src=""http://image.rakuten.co.jp/gyouhan-shop/cabinet/i_i01.jpg"" alt=""格安カー用品ショップ"" width=""4"" height=""13"">　<strong>お支払い方法について</strong><br><br>
    お支払い方法は、下記の何れかをご利用いただけます。<br>

<!-- クレジットはここに挿入 -->
・クレジットカード<br>
<img src=""http://image.rakuten.co.jp/gyouhan-shop/cabinet/guide/r-cragit-2.gif"" alt=""クレジットカード"" ><br><br>
<!-- クレジットはここまで -->

 
・商品代引き<br>
・振込（銀行・郵便局等）<br>
・楽天バンク決済<br><br>
※申し訳ございませんが、現在、沖縄・離島への代金引換サービス
<br>はお受けしておりません。<br>
予めご了承の程、よろしくお願い致します。<br><br>



<!-- クレジット説明はここに挿入 -->


<!-- クレジット説明はここまで -->




    <img src=""http://image.rakuten.co.jp/gyouhan-shop/cabinet/i_i01.jpg"" alt=""格安カー用品ショップ"" width=""4"" height=""13"">　<strong>お届けについて</strong><br><br>
    【即納】【在庫有】と表示されている当店在庫商品につきましては、営業日の午前中までのご注文（ご入金）を確認いたしましたご注文に限り、当日発送、それ以降は翌営業日に発送させていただきます。<br><br>
    当方指定の宅配便<br>
    ※お客様での指定は承っておりません。<br><br>
    詳しくはこちらをご覧ください。<br><br></td>
    <td width=""20"">&nbsp;</td>
    <td width=""280"" align=""left"" valign=""top""><font size=""2""><img src=""http://image.rakuten.co.jp/gyouhan-shop/cabinet/i_i01.jpg"" alt=""格安カー用品ショップ"" width=""4"" height=""13"">　<strong>送料について</strong><br><br>
    【基本送料900円】<br>
    ※大型商品等、送料が異なる場合には商品ページに記載いたします。<br>
※お買い上げ金額50,000円（税別）以上で、<font color=""ff0000"">送料無料</font>となります。<br>
<font size=2 color=red><b>【ご注意】[沖縄・離島への発送につきまして]<br>送料無料対象外となります。<br>バッテリーの発送は行っておりません。<br>全商品代引き発送は行っておりません。<br>通常商品送料4,000円/キャリア、大型商品送料は8,000円となります。</b></font>
<br>
    詳しくはこちらをご覧ください。<br><br><br>
    <img src=""http://image.rakuten.co.jp/gyouhan-shop/cabinet/i_i01.jpg"" alt=""格安カー用品ショップ"" width=""4"" height=""13"">　<strong>返品・交換について</strong><br><br>
    お客様都合による返品は理由の如何を問わず受け付けておりません。通販法の特性上、クーリングオフの対象とはなりませんのでご了承ください。<br><br>
    詳しくはこちらをご覧ください。<br></font></td>
  </tr>
</table>",WORLD WING  IZANAMI MH34SワゴンR ステンレスピラー プラチナムシルバー #800 【型式(年式)】MH34S(H24.9～) 【ドアバイザー無車】：業販ネットショップ楽天市場店,ADK-6150036パンク修理レーダーETCカーメイトキャリアPIAAINNOEXGELエクスジェル腰痛エルゴテックスロッドホルダースライム横浜油脂ADK-51LC04ヴァレンティRBR-T2WORLD WING  IZANAMI MH34SワゴンR ステンレスピラー プラチナムシルバー #800 【型式(年式)】MH34S(H24.9～) 【ドアバイザー無車】,【期間限定特価】★クレジットカード利用可★。WORLD WING  IZANAMI MH34SワゴンR ステンレスピラー プラチナムシルバー #800 【型式(年式)】MH34S(H24.9～) 【ドアバイザー無車】[rn]
17-43501,http://tshop.r10s.jp/gyouhan-shop/cabinet/etc2/g0714080000117.jpg?fitin=700:700,11264.0000,,車用品・バイク用品 > カー用品 > 外装パーツ > エアロパーツ > ドアパネル,WORLD WING  IZANAMI RB3/4オデッセイ ステンレスピラー プラチナムブラック #800 【型式(年式)】RB3/4(H20.10～) 【ドアバイザー無車】,【期間限定特価】★クレジットカード利用可★,"【送料無料】【納期目安】2～7営業日【ご注意】※ご用意する商品は商品タイトルのものとなります。※特にドアバイザーの有無に関しては十分ご注意ください。<br><br><table width=""580"" border=""0"" cellspacing=""0"" cellpadding=""0"">
  <tr>
    <td colspan=""3""><img src=""http://image.rakuten.co.jp/gyouhan-shop/cabinet/t_c05.jpg"" alt=""ご案内"" width=""580"" height=""22""><br><img src=""http://image.rakuten.co.jp/gyouhan-shop/cabinet/spacer.gif"" alt=""格安カー用品ショップ"" width=""1"" height=""5""><td>
  </tr>
  <tr>
    <td width=""280"" align=""left"" valign=""top""><font size=""2""><img src=""http://image.rakuten.co.jp/gyouhan-shop/cabinet/i_i01.jpg"" alt=""格安カー用品ショップ"" width=""4"" height=""13"">　<strong>お支払い方法について</strong><br><br>
    お支払い方法は、下記の何れかをご利用いただけます。<br>

<!-- クレジットはここに挿入 -->
・クレジットカード<br>
<img src=""http://image.rakuten.co.jp/gyouhan-shop/cabinet/guide/r-cragit-2.gif"" alt=""クレジットカード"" ><br><br>
<!-- クレジットはここまで -->

 
・商品代引き<br>
・振込（銀行・郵便局等）<br>
・楽天バンク決済<br><br>
※申し訳ございませんが、現在、沖縄・離島への代金引換サービス
<br>はお受けしておりません。<br>
予めご了承の程、よろしくお願い致します。<br><br>



<!-- クレジット説明はここに挿入 -->


<!-- クレジット説明はここまで -->




    <img src=""http://image.rakuten.co.jp/gyouhan-shop/cabinet/i_i01.jpg"" alt=""格安カー用品ショップ"" width=""4"" height=""13"">　<strong>お届けについて</strong><br><br>
    【即納】【在庫有】と表示されている当店在庫商品につきましては、営業日の午前中までのご注文（ご入金）を確認いたしましたご注文に限り、当日発送、それ以降は翌営業日に発送させていただきます。<br><br>
    当方指定の宅配便<br>
    ※お客様での指定は承っておりません。<br><br>
    詳しくはこちらをご覧ください。<br><br></td>
    <td width=""20"">&nbsp;</td>
    <td width=""280"" align=""left"" valign=""top""><font size=""2""><img src=""http://image.rakuten.co.jp/gyouhan-shop/cabinet/i_i01.jpg"" alt=""格安カー用品ショップ"" width=""4"" height=""13"">　<strong>送料について</strong><br><br>
    【基本送料900円】<br>
    ※大型商品等、送料が異なる場合には商品ページに記載いたします。<br>
※お買い上げ金額50,000円（税別）以上で、<font color=""ff0000"">送料無料</font>となります。<br>
<font size=2 color=red><b>【ご注意】[沖縄・離島への発送につきまして]<br>送料無料対象外となります。<br>バッテリーの発送は行っておりません。<br>全商品代引き発送は行っておりません。<br>通常商品送料4,000円/キャリア、大型商品送料は8,000円となります。</b></font>
<br>
    詳しくはこちらをご覧ください。<br><br><br>
    <img src=""http://image.rakuten.co.jp/gyouhan-shop/cabinet/i_i01.jpg"" alt=""格安カー用品ショップ"" width=""4"" height=""13"">　<strong>返品・交換について</strong><br><br>
    お客様都合による返品は理由の如何を問わず受け付けておりません。通販法の特性上、クーリングオフの対象とはなりませんのでご了承ください。<br><br>
    詳しくはこちらをご覧ください。<br></font></td>
  </tr>
</table>",WORLD WING  IZANAMI RB3/4オデッセイ ステンレスピラー プラチナムブラック #800 【型式(年式)】RB3/4(H20.10～) 【ドアバイザー無車】：業販ネットショップ楽天市場店,ADK-6150036パンク修理レーダーETCカーメイトキャリアPIAAINNOEXGELエクスジェル腰痛エルゴテックスロッドホルダースライム横浜油脂ADK-51LC04ヴァレンティRBR-T2WORLD WING  IZANAMI RB3/4オデッセイ ステンレスピラー プラチナムブラック #800 【型式(年式)】RB3/4(H20.10～) 【ドアバイザー無車】,【期間限定特価】★クレジットカード利用可★。WORLD WING  IZANAMI RB3/4オデッセイ ステンレスピラー プラチナムブラック #800 【型式(年式)】RB3/4(H20.10～) 【ドアバイザー無車】[rn]
17-43502,http://tshop.r10s.jp/gyouhan-shop/cabinet/etc2/g0714080000032.jpg?fitin=700:700,10560.0000,,車用品・バイク用品 > カー用品 > 外装パーツ > エアロパーツ > ドアパネル,WORLD WING  IZANAMI 200系クラウンマジェスタ ステンレスピラー プラチナムシルバー #800 【型式(年式)】URS206/UZS207型(H23.3～) 【ドアバイザー無車】,【期間限定特価】★クレジットカード利用可★,"【送料無料】【納期目安】2～7営業日【ご注意】※ご用意する商品は商品タイトルのものとなります。※特にドアバイザーの有無に関しては十分ご注意ください。<br><br><table width=""580"" border=""0"" cellspacing=""0"" cellpadding=""0"">
  <tr>
    <td colspan=""3""><img src=""http://image.rakuten.co.jp/gyouhan-shop/cabinet/t_c05.jpg"" alt=""ご案内"" width=""580"" height=""22""><br><img src=""http://image.rakuten.co.jp/gyouhan-shop/cabinet/spacer.gif"" alt=""格安カー用品ショップ"" width=""1"" height=""5""><td>
  </tr>
  <tr>
    <td width=""280"" align=""left"" valign=""top""><font size=""2""><img src=""http://image.rakuten.co.jp/gyouhan-shop/cabinet/i_i01.jpg"" alt=""格安カー用品ショップ"" width=""4"" height=""13"">　<strong>お支払い方法について</strong><br><br>
    お支払い方法は、下記の何れかをご利用いただけます。<br>

<!-- クレジットはここに挿入 -->
・クレジットカード<br>
<img src=""http://image.rakuten.co.jp/gyouhan-shop/cabinet/guide/r-cragit-2.gif"" alt=""クレジットカード"" ><br><br>
<!-- クレジットはここまで -->

 
・商品代引き<br>
・振込（銀行・郵便局等）<br>
・楽天バンク決済<br><br>
※申し訳ございませんが、現在、沖縄・離島への代金引換サービス
<br>はお受けしておりません。<br>
予めご了承の程、よろしくお願い致します。<br><br>



<!-- クレジット説明はここに挿入 -->


<!-- クレジット説明はここまで -->




    <img src=""http://image.rakuten.co.jp/gyouhan-shop/cabinet/i_i01.jpg"" alt=""格安カー用品ショップ"" width=""4"" height=""13"">　<strong>お届けについて</strong><br><br>
    【即納】【在庫有】と表示されている当店在庫商品につきましては、営業日の午前中までのご注文（ご入金）を確認いたしましたご注文に限り、当日発送、それ以降は翌営業日に発送させていただきます。<br><br>
    当方指定の宅配便<br>
    ※お客様での指定は承っておりません。<br><br>
    詳しくはこちらをご覧ください。<br><br></td>
    <td width=""20"">&nbsp;</td>
    <td width=""280"" align=""left"" valign=""top""><font size=""2""><img src=""http://image.rakuten.co.jp/gyouhan-shop/cabinet/i_i01.jpg"" alt=""格安カー用品ショップ"" width=""4"" height=""13"">　<strong>送料について</strong><br><br>
    【基本送料900円】<br>
    ※大型商品等、送料が異なる場合には商品ページに記載いたします。<br>
※お買い上げ金額50,000円（税別）以上で、<font color=""ff0000"">送料無料</font>となります。<br>
<font size=2 color=red><b>【ご注意】[沖縄・離島への発送につきまして]<br>送料無料対象外となります。<br>バッテリーの発送は行っておりません。<br>全商品代引き発送は行っておりません。<br>通常商品送料4,000円/キャリア、大型商品送料は8,000円となります。</b></font>
<br>
    詳しくはこちらをご覧ください。<br><br><br>
    <img src=""http://image.rakuten.co.jp/gyouhan-shop/cabinet/i_i01.jpg"" alt=""格安カー用品ショップ"" width=""4"" height=""13"">　<strong>返品・交換について</strong><br><br>
    お客様都合による返品は理由の如何を問わず受け付けておりません。通販法の特性上、クーリングオフの対象とはなりませんのでご了承ください。<br><br>
    詳しくはこちらをご覧ください。<br></font></td>
  </tr>
</table>",WORLD WING  IZANAMI 200系クラウンマジェスタ ステンレスピラー プラチナムシルバー #800 【型式(年式)】URS206/UZS207型(H23.3～) 【ドアバイザー無車】：業販ネットショップ楽天市場店,ADK-6150036パンク修理レーダーETCカーメイトキャリアPIAAINNOEXGELエクスジェル腰痛エルゴテックスロッドホルダースライム横浜油脂ADK-51LC04ヴァレンティRBR-T2WORLD WING  IZANAMI 200系クラウンマジェスタ ステンレスピラー プラチナムシルバー #800 【型式(年式)】URS206/UZS207型(H23.3～) 【ドアバイザー無車】,【期間限定特価】★クレジットカード利用可★。WORLD WING  IZANAMI 200系クラウンマジェスタ ステンレスピラー プラチナムシルバー #800 【型式(年式)】URS206/UZS207型(H23.3～) 【ドアバイザー無車】[rn]
17-43503,http://tshop.r10s.jp/gyouhan-shop/cabinet/etc2/g0714080000059.jpg?fitin=700:700,12672.0000,,車用品・バイク用品 > カー用品 > 外装パーツ > エアロパーツ > ドアパネル,WORLD WING  IZANAMI 50系エスティマ ステンレスピラー プラチナムシルバー #800 【型式(年式)】ACR5#W /GSR5#W型(H18.1～) 【ドアバイザー無車】,【期間限定特価】★クレジットカード利用可★,"【送料無料】【納期目安】2～7営業日【ご注意】※ご用意する商品は商品タイトルのものとなります。※特にドアバイザーの有無に関しては十分ご注意ください。<br><br><table width=""580"" border=""0"" cellspacing=""0"" cellpadding=""0"">
  <tr>
    <td colspan=""3""><img src=""http://image.rakuten.co.jp/gyouhan-shop/cabinet/t_c05.jpg"" alt=""ご案内"" width=""580"" height=""22""><br><img src=""http://image.rakuten.co.jp/gyouhan-shop/cabinet/spacer.gif"" alt=""格安カー用品ショップ"" width=""1"" height=""5""><td>
  </tr>
  <tr>
    <td width=""280"" align=""left"" valign=""top""><font size=""2""><img src=""http://image.rakuten.co.jp/gyouhan-shop/cabinet/i_i01.jpg"" alt=""格安カー用品ショップ"" width=""4"" height=""13"">　<strong>お支払い方法について</strong><br><br>
    お支払い方法は、下記の何れかをご利用いただけます。<br>

<!-- クレジットはここに挿入 -->
・クレジットカード<br>
<img src=""http://image.rakuten.co.jp/gyouhan-shop/cabinet/guide/r-cragit-2.gif"" alt=""クレジットカード"" ><br><br>
<!-- クレジットはここまで -->

 
・商品代引き<br>
・振込（銀行・郵便局等）<br>
・楽天バンク決済<br><br>
※申し訳ございませんが、現在、沖縄・離島への代金引換サービス
<br>はお受けしておりません。<br>
予めご了承の程、よろしくお願い致します。<br><br>



<!-- クレジット説明はここに挿入 -->


<!-- クレジット説明はここまで -->




    <img src=""http://image.rakuten.co.jp/gyouhan-shop/cabinet/i_i01.jpg"" alt=""格安カー用品ショップ"" width=""4"" height=""13"">　<strong>お届けについて</strong><br><br>
    【即納】【在庫有】と表示されている当店在庫商品につきましては、営業日の午前中までのご注文（ご入金）を確認いたしましたご注文に限り、当日発送、それ以降は翌営業日に発送させていただきます。<br><br>
    当方指定の宅配便<br>
    ※お客様での指定は承っておりません。<br><br>
    詳しくはこちらをご覧ください。<br><br></td>
    <td width=""20"">&nbsp;</td>
    <td width=""280"" align=""left"" valign=""top""><font size=""2""><img src=""http://image.rakuten.co.jp/gyouhan-shop/cabinet/i_i01.jpg"" alt=""格安カー用品ショップ"" width=""4"" height=""13"">　<strong>送料について</strong><br><br>
    【基本送料900円】<br>
    ※大型商品等、送料が異なる場合には商品ページに記載いたします。<br>
※お買い上げ金額50,000円（税別）以上で、<font color=""ff0000"">送料無料</font>となります。<br>
<font size=2 color=red><b>【ご注意】[沖縄・離島への発送につきまして]<br>送料無料対象外となります。<br>バッテリーの発送は行っておりません。<br>全商品代引き発送は行っておりません。<br>通常商品送料4,000円/キャリア、大型商品送料は8,000円となります。</b></font>
<br>
    詳しくはこちらをご覧ください。<br><br><br>
    <img src=""http://image.rakuten.co.jp/gyouhan-shop/cabinet/i_i01.jpg"" alt=""格安カー用品ショップ"" width=""4"" height=""13"">　<strong>返品・交換について</strong><br><br>
    お客様都合による返品は理由の如何を問わず受け付けておりません。通販法の特性上、クーリングオフの対象とはなりませんのでご了承ください。<br><br>
    詳しくはこちらをご覧ください。<br></font></td>
  </tr>
</table>",WORLD WING  IZANAMI 50系エスティマ ステンレスピラー プラチナムシルバー #800 【型式(年式)】ACR5#W /GSR5#W型(H18.1～) 【ドアバイザー無車】：業販ネットショップ楽天市場店,ADK-6150036パンク修理レーダーETCカーメイトキャリアPIAAINNOEXGELエクスジェル腰痛エルゴテックスロッドホルダースライム横浜油脂ADK-51LC04ヴァレンティRBR-T2WORLD WING  IZANAMI 50系エスティマ ステンレスピラー プラチナムシルバー #800 【型式(年式)】ACR5#W /GSR5#W型(H18.1～) 【ドアバイザー無車】,【期間限定特価】★クレジットカード利用可★。WORLD WING  IZANAMI 50系エスティマ ステンレスピラー プラチナムシルバー #800 【型式(年式)】ACR5#W /GSR5#W型(H18.1～) 【ドアバイザー無車】[rn]
17-43504,http://tshop.r10s.jp/gyouhan-shop/cabinet/etc2/g0714080000120.jpg?fitin=700:700,9856.0000,,車用品・バイク用品 > カー用品 > 外装パーツ > エアロパーツ > ドアパネル,WORLD WING  IZANAMI 180系クラウンロイヤルサルーン ステンレスピラー プラチナムブラック #800 【型式(年式)】GRS18#型(H15.12～H20.12) 【ドアバイザー無車】,【期間限定特価】★クレジットカード利用可★,"【送料無料】【納期目安】2～7営業日【ご注意】※ご用意する商品は商品タイトルのものとなります。※特にドアバイザーの有無に関しては十分ご注意ください。<br><br><table width=""580"" border=""0"" cellspacing=""0"" cellpadding=""0"">
  <tr>
    <td colspan=""3""><img src=""http://image.rakuten.co.jp/gyouhan-shop/cabinet/t_c05.jpg"" alt=""ご案内"" width=""580"" height=""22""><br><img src=""http://image.rakuten.co.jp/gyouhan-shop/cabinet/spacer.gif"" alt=""格安カー用品ショップ"" width=""1"" height=""5""><td>
  </tr>
  <tr>
    <td width=""280"" align=""left"" valign=""top""><font size=""2""><img src=""http://image.rakuten.co.jp/gyouhan-shop/cabinet/i_i01.jpg"" alt=""格安カー用品ショップ"" width=""4"" height=""13"">　<strong>お支払い方法について</strong><br><br>
    お支払い方法は、下記の何れかをご利用いただけます。<br>

<!-- クレジットはここに挿入 -->
・クレジットカード<br>
<img src=""http://image.rakuten.co.jp/gyouhan-shop/cabinet/guide/r-cragit-2.gif"" alt=""クレジットカード"" ><br><br>
<!-- クレジットはここまで -->

 
・商品代引き<br>
・振込（銀行・郵便局等）<br>
・楽天バンク決済<br><br>
※申し訳ございませんが、現在、沖縄・離島への代金引換サービス
<br>はお受けしておりません。<br>
予めご了承の程、よろしくお願い致します。<br><br>



<!-- クレジット説明はここに挿入 -->


<!-- クレジット説明はここまで -->




    <img src=""http://image.rakuten.co.jp/gyouhan-shop/cabinet/i_i01.jpg"" alt=""格安カー用品ショップ"" width=""4"" height=""13"">　<strong>お届けについて</strong><br><br>
    【即納】【在庫有】と表示されている当店在庫商品につきましては、営業日の午前中までのご注文（ご入金）を確認いたしましたご注文に限り、当日発送、それ以降は翌営業日に発送させていただきます。<br><br>
    当方指定の宅配便<br>
    ※お客様での指定は承っておりません。<br><br>
    詳しくはこちらをご覧ください。<br><br></td>
    <td width=""20"">&nbsp;</td>
    <td width=""280"" align=""left"" valign=""top""><font size=""2""><img src=""http://image.rakuten.co.jp/gyouhan-shop/cabinet/i_i01.jpg"" alt=""格安カー用品ショップ"" width=""4"" height=""13"">　<strong>送料について</strong><br><br>
    【基本送料900円】<br>
    ※大型商品等、送料が異なる場合には商品ページに記載いたします。<br>
※お買い上げ金額50,000円（税別）以上で、<font color=""ff0000"">送料無料</font>となります。<br>
<font size=2 color=red><b>【ご注意】[沖縄・離島への発送につきまして]<br>送料無料対象外となります。<br>バッテリーの発送は行っておりません。<br>全商品代引き発送は行っておりません。<br>通常商品送料4,000円/キャリア、大型商品送料は8,000円となります。</b></font>
<br>
    詳しくはこちらをご覧ください。<br><br><br>
    <img src=""http://image.rakuten.co.jp/gyouhan-shop/cabinet/i_i01.jpg"" alt=""格安カー用品ショップ"" width=""4"" height=""13"">　<strong>返品・交換について</strong><br><br>
    お客様都合による返品は理由の如何を問わず受け付けておりません。通販法の特性上、クーリングオフの対象とはなりませんのでご了承ください。<br><br>
    詳しくはこちらをご覧ください。<br></font></td>
  </tr>
</table>",WORLD WING  IZANAMI 180系クラウンロイヤルサルーン ステンレスピラー プラチナムブラック #800 【型式(年式)】GRS18#型(H15.12～H20.12) 【ドアバイザー無車】：業販ネットショップ楽天市場店,ADK-6150036パンク修理レーダーETCカーメイトキャリアPIAAINNOEXGELエクスジェル腰痛エルゴテックスロッドホルダースライム横浜油脂ADK-51LC04ヴァレンティRBR-T2WORLD WING  IZANAMI 180系クラウンロイヤルサルーン ステンレスピラー プラチナムブラック #800 【型式(年式)】GRS18#型(H15.12～H20.12) 【ドアバイザー無車】,【期間限定特価】★クレジットカード利用可★。WORLD WING  IZANAMI 180系クラウンロイヤルサルーン ステンレスピラー プラチナムブラック #800 【型式(年式)】GRS18#型(H15.12～H20.12) 【ドアバイザー無車】[rn]
17-43505,http://tshop.r10s.jp/gyouhan-shop/cabinet/etc2/g0714080000108.jpg?fitin=700:700,9856.0000,,車用品・バイク用品 > カー用品 > 外装パーツ > エアロパーツ > ドアパネル,WORLD WING  IZANAMI 30系ハリアーハイブリッド ステンレスピラー プラチナムブラック #800 【型式(年式)】MHU38W 【ドアバイザー無車】,【期間限定特価】★クレジットカード利用可★,"【送料無料】【納期目安】2～7営業日【ご注意】※ご用意する商品は商品タイトルのものとなります。※特にドアバイザーの有無に関しては十分ご注意ください。<br><br><table width=""580"" border=""0"" cellspacing=""0"" cellpadding=""0"">
  <tr>
    <td colspan=""3""><img src=""http://image.rakuten.co.jp/gyouhan-shop/cabinet/t_c05.jpg"" alt=""ご案内"" width=""580"" height=""22""><br><img src=""http://image.rakuten.co.jp/gyouhan-shop/cabinet/spacer.gif"" alt=""格安カー用品ショップ"" width=""1"" height=""5""><td>
  </tr>
  <tr>
    <td width=""280"" align=""left"" valign=""top""><font size=""2""><img src=""http://image.rakuten.co.jp/gyouhan-shop/cabinet/i_i01.jpg"" alt=""格安カー用品ショップ"" width=""4"" height=""13"">　<strong>お支払い方法について</strong><br><br>
    お支払い方法は、下記の何れかをご利用いただけます。<br>

<!-- クレジットはここに挿入 -->
・クレジットカード<br>
<img src=""http://image.rakuten.co.jp/gyouhan-shop/cabinet/guide/r-cragit-2.gif"" alt=""クレジットカード"" ><br><br>
<!-- クレジットはここまで -->

 
・商品代引き<br>
・振込（銀行・郵便局等）<br>
・楽天バンク決済<br><br>
※申し訳ございませんが、現在、沖縄・離島への代金引換サービス
<br>はお受けしておりません。<br>
予めご了承の程、よろしくお願い致します。<br><br>



<!-- クレジット説明はここに挿入 -->


<!-- クレジット説明はここまで -->




    <img src=""http://image.rakuten.co.jp/gyouhan-shop/cabinet/i_i01.jpg"" alt=""格安カー用品ショップ"" width=""4"" height=""13"">　<strong>お届けについて</strong><br><br>
    【即納】【在庫有】と表示されている当店在庫商品につきましては、営業日の午前中までのご注文（ご入金）を確認いたしましたご注文に限り、当日発送、それ以降は翌営業日に発送させていただきます。<br><br>
    当方指定の宅配便<br>
    ※お客様での指定は承っておりません。<br><br>
    詳しくはこちらをご覧ください。<br><br></td>
    <td width=""20"">&nbsp;</td>
    <td width=""280"" align=""left"" valign=""top""><font size=""2""><img src=""http://image.rakuten.co.jp/gyouhan-shop/cabinet/i_i01.jpg"" alt=""格安カー用品ショップ"" width=""4"" height=""13"">　<strong>送料について</strong><br><br>
    【基本送料900円】<br>
    ※大型商品等、送料が異なる場合には商品ページに記載いたします。<br>
※お買い上げ金額50,000円（税別）以上で、<font color=""ff0000"">送料無料</font>となります。<br>
<font size=2 color=red><b>【ご注意】[沖縄・離島への発送につきまして]<br>送料無料対象外となります。<br>バッテリーの発送は行っておりません。<br>全商品代引き発送は行っておりません。<br>通常商品送料4,000円/キャリア、大型商品送料は8,000円となります。</b></font>
<br>
    詳しくはこちらをご覧ください。<br><br><br>
    <img src=""http://image.rakuten.co.jp/gyouhan-shop/cabinet/i_i01.jpg"" alt=""格安カー用品ショップ"" width=""4"" height=""13"">　<strong>返品・交換について</strong><br><br>
    お客様都合による返品は理由の如何を問わず受け付けておりません。通販法の特性上、クーリングオフの対象とはなりませんのでご了承ください。<br><br>
    詳しくはこちらをご覧ください。<br></font></td>
  </tr>
</table>",WORLD WING  IZANAMI 30系ハリアーハイブリッド ステンレスピラー プラチナムブラック #800 【型式(年式)】MHU38W 【ドアバイザー無車】：業販ネットショップ楽天市場店,ADK-6150036パンク修理レーダーETCカーメイトキャリアPIAAINNOEXGELエクスジェル腰痛エルゴテックスロッドホルダースライム横浜油脂ADK-51LC04ヴァレンティRBR-T2WORLD WING  IZANAMI 30系ハリアーハイブリッド ステンレスピラー プラチナムブラック #800 【型式(年式)】MHU38W 【ドアバイザー無車】,【期間限定特価】★クレジットカード利用可★。WORLD WING  IZANAMI 30系ハリアーハイブリッド ステンレスピラー プラチナムブラック #800 【型式(年式)】MHU38W 【ドアバイザー無車】[rn]
17-43506,http://tshop.r10s.jp/gyouhan-shop/cabinet/etc2/g0714080000027.jpg?fitin=700:700,10560.0000,,車用品・バイク用品 > カー用品 > 外装パーツ > エアロパーツ > ドアパネル,WORLD WING  IZANAMI N-BOX+ ステンレスピラー プラチナムシルバー #800 【型式(年式)】JF1/2(H24.7～) 【ドアバイザー無車】,【期間限定特価】★クレジットカード利用可★,"【送料無料】【納期目安】2～7営業日【ご注意】※ご用意する商品は商品タイトルのものとなります。※特にドアバイザーの有無に関しては十分ご注意ください。<br><br><table width=""580"" border=""0"" cellspacing=""0"" cellpadding=""0"">
  <tr>
    <td colspan=""3""><img src=""http://image.rakuten.co.jp/gyouhan-shop/cabinet/t_c05.jpg"" alt=""ご案内"" width=""580"" height=""22""><br><img src=""http://image.rakuten.co.jp/gyouhan-shop/cabinet/spacer.gif"" alt=""格安カー用品ショップ"" width=""1"" height=""5""><td>
  </tr>
  <tr>
    <td width=""280"" align=""left"" valign=""top""><font size=""2""><img src=""http://image.rakuten.co.jp/gyouhan-shop/cabinet/i_i01.jpg"" alt=""格安カー用品ショップ"" width=""4"" height=""13"">　<strong>お支払い方法について</strong><br><br>
    お支払い方法は、下記の何れかをご利用いただけます。<br>

<!-- クレジットはここに挿入 -->
・クレジットカード<br>
<img src=""http://image.rakuten.co.jp/gyouhan-shop/cabinet/guide/r-cragit-2.gif"" alt=""クレジットカード"" ><br><br>
<!-- クレジットはここまで -->

 
・商品代引き<br>
・振込（銀行・郵便局等）<br>
・楽天バンク決済<br><br>
※申し訳ございませんが、現在、沖縄・離島への代金引換サービス
<br>はお受けしておりません。<br>
予めご了承の程、よろしくお願い致します。<br><br>



<!-- クレジット説明はここに挿入 -->


<!-- クレジット説明はここまで -->




    <img src=""http://image.rakuten.co.jp/gyouhan-shop/cabinet/i_i01.jpg"" alt=""格安カー用品ショップ"" width=""4"" height=""13"">　<strong>お届けについて</strong><br><br>
    【即納】【在庫有】と表示されている当店在庫商品につきましては、営業日の午前中までのご注文（ご入金）を確認いたしましたご注文に限り、当日発送、それ以降は翌営業日に発送させていただきます。<br><br>
    当方指定の宅配便<br>
    ※お客様での指定は承っておりません。<br><br>
    詳しくはこちらをご覧ください。<br><br></td>
    <td width=""20"">&nbsp;</td>
    <td width=""280"" align=""left"" valign=""top""><font size=""2""><img src=""http://image.rakuten.co.jp/gyouhan-shop/cabinet/i_i01.jpg"" alt=""格安カー用品ショップ"" width=""4"" height=""13"">　<strong>送料について</strong><br><br>
    【基本送料900円】<br>
    ※大型商品等、送料が異なる場合には商品ページに記載いたします。<br>
※お買い上げ金額50,000円（税別）以上で、<font color=""ff0000"">送料無料</font>となります。<br>
<font size=2 color=red><b>【ご注意】[沖縄・離島への発送につきまして]<br>送料無料対象外となります。<br>バッテリーの発送は行っておりません。<br>全商品代引き発送は行っておりません。<br>通常商品送料4,000円/キャリア、大型商品送料は8,000円となります。</b></font>
<br>
    詳しくはこちらをご覧ください。<br><br><br>
    <img src=""http://image.rakuten.co.jp/gyouhan-shop/cabinet/i_i01.jpg"" alt=""格安カー用品ショップ"" width=""4"" height=""13"">　<strong>返品・交換について</strong><br><br>
    お客様都合による返品は理由の如何を問わず受け付けておりません。通販法の特性上、クーリングオフの対象とはなりませんのでご了承ください。<br><br>
    詳しくはこちらをご覧ください。<br></font></td>
  </tr>
</table>",WORLD WING  IZANAMI N-BOX+ ステンレスピラー プラチナムシルバー #800 【型式(年式)】JF1/2(H24.7～) 【ドアバイザー無車】：業販ネットショップ楽天市場店,ADK-6150036パンク修理レーダーETCカーメイトキャリアPIAAINNOEXGELエクスジェル腰痛エルゴテックスロッドホルダースライム横浜油脂ADK-51LC04ヴァレンティRBR-T2WORLD WING  IZANAMI N-BOX+ ステンレスピラー プラチナムシルバー #800 【型式(年式)】JF1/2(H24.7～) 【ドアバイザー無車】,【期間限定特価】★クレジットカード利用可★。WORLD WING  IZANAMI N-BOX+ ステンレスピラー プラチナムシルバー #800 【型式(年式)】JF1/2(H24.7～) 【ドアバイザー無車】[rn]
17-43507,http://tshop.r10s.jp/gyouhan-shop/cabinet/etc2/g0714080000061.jpg?fitin=700:700,12672.0000,,車用品・バイク用品 > カー用品 > 外装パーツ > エアロパーツ > ドアパネル,WORLD WING  IZANAMI 50系エスティマハイブリッド ステンレスピラー プラチナムシルバー #800 【型式(年式)】AHR20型(H18.6～) 【ドアバイザー無車】,【期間限定特価】★クレジットカード利用可★,"【送料無料】【納期目安】2～7営業日【ご注意】※ご用意する商品は商品タイトルのものとなります。※特にドアバイザーの有無に関しては十分ご注意ください。<br><br><table width=""580"" border=""0"" cellspacing=""0"" cellpadding=""0"">
  <tr>
    <td colspan=""3""><img src=""http://image.rakuten.co.jp/gyouhan-shop/cabinet/t_c05.jpg"" alt=""ご案内"" width=""580"" height=""22""><br><img src=""http://image.rakuten.co.jp/gyouhan-shop/cabinet/spacer.gif"" alt=""格安カー用品ショップ"" width=""1"" height=""5""><td>
  </tr>
  <tr>
    <td width=""280"" align=""left"" valign=""top""><font size=""2""><img src=""http://image.rakuten.co.jp/gyouhan-shop/cabinet/i_i01.jpg"" alt=""格安カー用品ショップ"" width=""4"" height=""13"">　<strong>お支払い方法について</strong><br><br>
    お支払い方法は、下記の何れかをご利用いただけます。<br>

<!-- クレジットはここに挿入 -->
・クレジットカード<br>
<img src=""http://image.rakuten.co.jp/gyouhan-shop/cabinet/guide/r-cragit-2.gif"" alt=""クレジットカード"" ><br><br>
<!-- クレジットはここまで -->

 
・商品代引き<br>
・振込（銀行・郵便局等）<br>
・楽天バンク決済<br><br>
※申し訳ございませんが、現在、沖縄・離島への代金引換サービス
<br>はお受けしておりません。<br>
予めご了承の程、よろしくお願い致します。<br><br>



<!-- クレジット説明はここに挿入 -->


<!-- クレジット説明はここまで -->




    <img src=""http://image.rakuten.co.jp/gyouhan-shop/cabinet/i_i01.jpg"" alt=""格安カー用品ショップ"" width=""4"" height=""13"">　<strong>お届けについて</strong><br><br>
    【即納】【在庫有】と表示されている当店在庫商品につきましては、営業日の午前中までのご注文（ご入金）を確認いたしましたご注文に限り、当日発送、それ以降は翌営業日に発送させていただきます。<br><br>
    当方指定の宅配便<br>
    ※お客様での指定は承っておりません。<br><br>
    詳しくはこちらをご覧ください。<br><br></td>
    <td width=""20"">&nbsp;</td>
    <td width=""280"" align=""left"" valign=""top""><font size=""2""><img src=""http://image.rakuten.co.jp/gyouhan-shop/cabinet/i_i01.jpg"" alt=""格安カー用品ショップ"" width=""4"" height=""13"">　<strong>送料について</strong><br><br>
    【基本送料900円】<br>
    ※大型商品等、送料が異なる場合には商品ページに記載いたします。<br>
※お買い上げ金額50,000円（税別）以上で、<font color=""ff0000"">送料無料</font>となります。<br>
<font size=2 color=red><b>【ご注意】[沖縄・離島への発送につきまして]<br>送料無料対象外となります。<br>バッテリーの発送は行っておりません。<br>全商品代引き発送は行っておりません。<br>通常商品送料4,000円/キャリア、大型商品送料は8,000円となります。</b></font>
<br>
    詳しくはこちらをご覧ください。<br><br><br>
    <img src=""http://image.rakuten.co.jp/gyouhan-shop/cabinet/i_i01.jpg"" alt=""格安カー用品ショップ"" width=""4"" height=""13"">　<strong>返品・交換について</strong><br><br>
    お客様都合による返品は理由の如何を問わず受け付けておりません。通販法の特性上、クーリングオフの対象とはなりませんのでご了承ください。<br><br>
    詳しくはこちらをご覧ください。<br></font></td>
  </tr>
</table>",WORLD WING  IZANAMI 50系エスティマハイブリッド ステンレスピラー プラチナムシルバー #800 【型式(年式)】AHR20型(H18.6～) 【ドアバイザー無車】：業販ネットショップ楽天市場店,ADK-6150036パンク修理レーダーETCカーメイトキャリアPIAAINNOEXGELエクスジェル腰痛エルゴテックスロッドホルダースライム横浜油脂ADK-51LC04ヴァレンティRBR-T2WORLD WING  IZANAMI 50系エスティマハイブリッド ステンレスピラー プラチナムシルバー #800 【型式(年式)】AHR20型(H18.6～) 【ドアバイザー無車】,【期間限定特価】★クレジットカード利用可★。WORLD WING  IZANAMI 50系エスティマハイブリッド ステンレスピラー プラチナムシルバー #800 【型式(年式)】AHR20型(H18.6～) 【ドアバイザー無車】[rn]
17-43508,http://tshop.r10s.jp/gyouhan-shop/cabinet/etc2/g0714080000073.jpg?fitin=700:700,9856.0000,,車用品・バイク用品 > カー用品 > 外装パーツ > エアロパーツ > ドアパネル,WORLD WING  IZANAMI メルセデスベンツAクラス ステンレスピラー プラチナムブラック #800 【型式(年式)】現行車】種 【ドアバイザー無車】,【期間限定特価】★クレジットカード利用可★,"【送料無料】【納期目安】2～7営業日【ご注意】※ご用意する商品は商品タイトルのものとなります。※特にドアバイザーの有無に関しては十分ご注意ください。<br><br><table width=""580"" border=""0"" cellspacing=""0"" cellpadding=""0"">
  <tr>
    <td colspan=""3""><img src=""http://image.rakuten.co.jp/gyouhan-shop/cabinet/t_c05.jpg"" alt=""ご案内"" width=""580"" height=""22""><br><img src=""http://image.rakuten.co.jp/gyouhan-shop/cabinet/spacer.gif"" alt=""格安カー用品ショップ"" width=""1"" height=""5""><td>
  </tr>
  <tr>
    <td width=""280"" align=""left"" valign=""top""><font size=""2""><img src=""http://image.rakuten.co.jp/gyouhan-shop/cabinet/i_i01.jpg"" alt=""格安カー用品ショップ"" width=""4"" height=""13"">　<strong>お支払い方法について</strong><br><br>
    お支払い方法は、下記の何れかをご利用いただけます。<br>

<!-- クレジットはここに挿入 -->
・クレジットカード<br>
<img src=""http://image.rakuten.co.jp/gyouhan-shop/cabinet/guide/r-cragit-2.gif"" alt=""クレジットカード"" ><br><br>
<!-- クレジットはここまで -->

 
・商品代引き<br>
・振込（銀行・郵便局等）<br>
・楽天バンク決済<br><br>
※申し訳ございませんが、現在、沖縄・離島への代金引換サービス
<br>はお受けしておりません。<br>
予めご了承の程、よろしくお願い致します。<br><br>



<!-- クレジット説明はここに挿入 -->


<!-- クレジット説明はここまで -->




    <img src=""http://image.rakuten.co.jp/gyouhan-shop/cabinet/i_i01.jpg"" alt=""格安カー用品ショップ"" width=""4"" height=""13"">　<strong>お届けについて</strong><br><br>
    【即納】【在庫有】と表示されている当店在庫商品につきましては、営業日の午前中までのご注文（ご入金）を確認いたしましたご注文に限り、当日発送、それ以降は翌営業日に発送させていただきます。<br><br>
    当方指定の宅配便<br>
    ※お客様での指定は承っておりません。<br><br>
    詳しくはこちらをご覧ください。<br><br></td>
    <td width=""20"">&nbsp;</td>
    <td width=""280"" align=""left"" valign=""top""><font size=""2""><img src=""http://image.rakuten.co.jp/gyouhan-shop/cabinet/i_i01.jpg"" alt=""格安カー用品ショップ"" width=""4"" height=""13"">　<strong>送料について</strong><br><br>
    【基本送料900円】<br>
    ※大型商品等、送料が異なる場合には商品ページに記載いたします。<br>
※お買い上げ金額50,000円（税別）以上で、<font color=""ff0000"">送料無料</font>となります。<br>
<font size=2 color=red><b>【ご注意】[沖縄・離島への発送につきまして]<br>送料無料対象外となります。<br>バッテリーの発送は行っておりません。<br>全商品代引き発送は行っておりません。<br>通常商品送料4,000円/キャリア、大型商品送料は8,000円となります。</b></font>
<br>
    詳しくはこちらをご覧ください。<br><br><br>
    <img src=""http://image.rakuten.co.jp/gyouhan-shop/cabinet/i_i01.jpg"" alt=""格安カー用品ショップ"" width=""4"" height=""13"">　<strong>返品・交換について</strong><br><br>
    お客様都合による返品は理由の如何を問わず受け付けておりません。通販法の特性上、クーリングオフの対象とはなりませんのでご了承ください。<br><br>
    詳しくはこちらをご覧ください。<br></font></td>
  </tr>
</table>",WORLD WING  IZANAMI メルセデスベンツAクラス ステンレスピラー プラチナムブラック #800 【型式(年式)】現行車】種 【ドアバイザー無車】：業販ネットショップ楽天市場店,ADK-6150036パンク修理レーダーETCカーメイトキャリアPIAAINNOEXGELエクスジェル腰痛エルゴテックスロッドホルダースライム横浜油脂ADK-51LC04ヴァレンティRBR-T2WORLD WING  IZANAMI メルセデスベンツAクラス ステンレスピラー プラチナムブラック #800 【型式(年式)】現行車】種 【ドアバイザー無車】,【期間限定特価】★クレジットカード利用可★。WORLD WING  IZANAMI メルセデスベンツAクラス ステンレスピラー プラチナムブラック #800 【型式(年式)】現行車】種 【ドアバイザー無車】[rn]
17-43509,http://tshop.r10s.jp/gyouhan-shop/cabinet/etc2/g0714080000019.jpg?fitin=700:700,11968.0000,,車用品・バイク用品 > カー用品 > 外装パーツ > エアロパーツ > ドアパネル,WORLD WING  IZANAMI 70系ヴォクシー ステンレスピラー プラチナムシルバー #800 【型式(年式)】ZRR70W/ZRR75W/ZRR70G/ZRR75G型(H19.6～)  【ドアバイザー無車】,【期間限定特価】★クレジットカード利用可★,"【送料無料】【納期目安】2～7営業日【ご注意】※ご用意する商品は商品タイトルのものとなります。※特にドアバイザーの有無に関しては十分ご注意ください。<br><br><table width=""580"" border=""0"" cellspacing=""0"" cellpadding=""0"">
  <tr>
    <td colspan=""3""><img src=""http://image.rakuten.co.jp/gyouhan-shop/cabinet/t_c05.jpg"" alt=""ご案内"" width=""580"" height=""22""><br><img src=""http://image.rakuten.co.jp/gyouhan-shop/cabinet/spacer.gif"" alt=""格安カー用品ショップ"" width=""1"" height=""5""><td>
  </tr>
  <tr>
    <td width=""280"" align=""left"" valign=""top""><font size=""2""><img src=""http://image.rakuten.co.jp/gyouhan-shop/cabinet/i_i01.jpg"" alt=""格安カー用品ショップ"" width=""4"" height=""13"">　<strong>お支払い方法について</strong><br><br>
    お支払い方法は、下記の何れかをご利用いただけます。<br>

<!-- クレジットはここに挿入 -->
・クレジットカード<br>
<img src=""http://image.rakuten.co.jp/gyouhan-shop/cabinet/guide/r-cragit-2.gif"" alt=""クレジットカード"" ><br><br>
<!-- クレジットはここまで -->

 
・商品代引き<br>
・振込（銀行・郵便局等）<br>
・楽天バンク決済<br><br>
※申し訳ございませんが、現在、沖縄・離島への代金引換サービス
<br>はお受けしておりません。<br>
予めご了承の程、よろしくお願い致します。<br><br>



<!-- クレジット説明はここに挿入 -->


<!-- クレジット説明はここまで -->




    <img src=""http://image.rakuten.co.jp/gyouhan-shop/cabinet/i_i01.jpg"" alt=""格安カー用品ショップ"" width=""4"" height=""13"">　<strong>お届けについて</strong><br><br>
    【即納】【在庫有】と表示されている当店在庫商品につきましては、営業日の午前中までのご注文（ご入金）を確認いたしましたご注文に限り、当日発送、それ以降は翌営業日に発送させていただきます。<br><br>
    当方指定の宅配便<br>
    ※お客様での指定は承っておりません。<br><br>
    詳しくはこちらをご覧ください。<br><br></td>
    <td width=""20"">&nbsp;</td>
    <td width=""280"" align=""left"" valign=""top""><font size=""2""><img src=""http://image.rakuten.co.jp/gyouhan-shop/cabinet/i_i01.jpg"" alt=""格安カー用品ショップ"" width=""4"" height=""13"">　<strong>送料について</strong><br><br>
    【基本送料900円】<br>
    ※大型商品等、送料が異なる場合には商品ページに記載いたします。<br>
※お買い上げ金額50,000円（税別）以上で、<font color=""ff0000"">送料無料</font>となります。<br>
<font size=2 color=red><b>【ご注意】[沖縄・離島への発送につきまして]<br>送料無料対象外となります。<br>バッテリーの発送は行っておりません。<br>全商品代引き発送は行っておりません。<br>通常商品送料4,000円/キャリア、大型商品送料は8,000円となります。</b></font>
<br>
    詳しくはこちらをご覧ください。<br><br><br>
    <img src=""http://image.rakuten.co.jp/gyouhan-shop/cabinet/i_i01.jpg"" alt=""格安カー用品ショップ"" width=""4"" height=""13"">　<strong>返品・交換について</strong><br><br>
    お客様都合による返品は理由の如何を問わず受け付けておりません。通販法の特性上、クーリングオフの対象とはなりませんのでご了承ください。<br><br>
    詳しくはこちらをご覧ください。<br></font></td>
  </tr>
</table>",WORLD WING  IZANAMI 70系ヴォクシー ステンレスピラー プラチナムシルバー #800 【型式(年式)】ZRR70W/ZRR75W/ZRR70G/ZRR75G型(H19.6～)  【ドアバイザー無車】：業販ネットショップ楽天市場店,ADK-6150036パンク修理レーダーETCカーメイトキャリアPIAAINNOEXGELエクスジェル腰痛エルゴテックスロッドホルダースライム横浜油脂ADK-51LC04ヴァレンティRBR-T2WORLD WING  IZANAMI 70系ヴォクシー ステンレスピラー プラチナムシルバー #800 【型式(年式)】ZRR70W/ZRR75W/ZRR70G/ZRR75G型(H19.6～)  【ドアバイザー無車】,【期間限定特価】★クレジットカード利用可★。WORLD WING  IZANAMI 70系ヴォクシー ステンレスピラー プラチナムシルバー #800 【型式(年式)】ZRR70W/ZRR75W/ZRR70G/ZRR75G型(H19.6～)  【ドアバイザー無車】[rn]
17-43510,http://tshop.r10s.jp/gyouhan-shop/cabinet/etc2/g0714080000036.jpg?fitin=700:700,11968.0000,,車用品・バイク用品 > カー用品 > 外装パーツ > エアロパーツ > ドアパネル,WORLD WING  IZANAMI CX-5 ステンレスピラー プラチナムシルバー #800 【型式(年式)】KEEFW/KEEAW/KE2FW/KE2AW型(H24.2～) 【ドアバイザー無車】,【期間限定特価】★クレジットカード利用可★,"【送料無料】【納期目安】2～7営業日【ご注意】※ご用意する商品は商品タイトルのものとなります。※特にドアバイザーの有無に関しては十分ご注意ください。<br><br><table width=""580"" border=""0"" cellspacing=""0"" cellpadding=""0"">
  <tr>
    <td colspan=""3""><img src=""http://image.rakuten.co.jp/gyouhan-shop/cabinet/t_c05.jpg"" alt=""ご案内"" width=""580"" height=""22""><br><img src=""http://image.rakuten.co.jp/gyouhan-shop/cabinet/spacer.gif"" alt=""格安カー用品ショップ"" width=""1"" height=""5""><td>
  </tr>
  <tr>
    <td width=""280"" align=""left"" valign=""top""><font size=""2""><img src=""http://image.rakuten.co.jp/gyouhan-shop/cabinet/i_i01.jpg"" alt=""格安カー用品ショップ"" width=""4"" height=""13"">　<strong>お支払い方法について</strong><br><br>
    お支払い方法は、下記の何れかをご利用いただけます。<br>

<!-- クレジットはここに挿入 -->
・クレジットカード<br>
<img src=""http://image.rakuten.co.jp/gyouhan-shop/cabinet/guide/r-cragit-2.gif"" alt=""クレジットカード"" ><br><br>
<!-- クレジットはここまで -->

 
・商品代引き<br>
・振込（銀行・郵便局等）<br>
・楽天バンク決済<br><br>
※申し訳ございませんが、現在、沖縄・離島への代金引換サービス
<br>はお受けしておりません。<br>
予めご了承の程、よろしくお願い致します。<br><br>



<!-- クレジット説明はここに挿入 -->


<!-- クレジット説明はここまで -->




    <img src=""http://image.rakuten.co.jp/gyouhan-shop/cabinet/i_i01.jpg"" alt=""格安カー用品ショップ"" width=""4"" height=""13"">　<strong>お届けについて</strong><br><br>
    【即納】【在庫有】と表示されている当店在庫商品につきましては、営業日の午前中までのご注文（ご入金）を確認いたしましたご注文に限り、当日発送、それ以降は翌営業日に発送させていただきます。<br><br>
    当方指定の宅配便<br>
    ※お客様での指定は承っておりません。<br><br>
    詳しくはこちらをご覧ください。<br><br></td>
    <td width=""20"">&nbsp;</td>
    <td width=""280"" align=""left"" valign=""top""><font size=""2""><img src=""http://image.rakuten.co.jp/gyouhan-shop/cabinet/i_i01.jpg"" alt=""格安カー用品ショップ"" width=""4"" height=""13"">　<strong>送料について</strong><br><br>
    【基本送料900円】<br>
    ※大型商品等、送料が異なる場合には商品ページに記載いたします。<br>
※お買い上げ金額50,000円（税別）以上で、<font color=""ff0000"">送料無料</font>となります。<br>
<font size=2 color=red><b>【ご注意】[沖縄・離島への発送につきまして]<br>送料無料対象外となります。<br>バッテリーの発送は行っておりません。<br>全商品代引き発送は行っておりません。<br>通常商品送料4,000円/キャリア、大型商品送料は8,000円となります。</b></font>
<br>
    詳しくはこちらをご覧ください。<br><br><br>
    <img src=""http://image.rakuten.co.jp/gyouhan-shop/cabinet/i_i01.jpg"" alt=""格安カー用品ショップ"" width=""4"" height=""13"">　<strong>返品・交換について</strong><br><br>
    お客様都合による返品は理由の如何を問わず受け付けておりません。通販法の特性上、クーリングオフの対象とはなりませんのでご了承ください。<br><br>
    詳しくはこちらをご覧ください。<br></font></td>
  </tr>
</table>",WORLD WING  IZANAMI CX-5 ステンレスピラー プラチナムシルバー #800 【型式(年式)】KEEFW/KEEAW/KE2FW/KE2AW型(H24.2～) 【ドアバイザー無車】：業販ネットショップ楽天市場店,ADK-6150036パンク修理レーダーETCカーメイトキャリアPIAAINNOEXGELエクスジェル腰痛エルゴテックスロッドホルダースライム横浜油脂ADK-51LC04ヴァレンティRBR-T2WORLD WING  IZANAMI CX-5 ステンレスピラー プラチナムシルバー #800 【型式(年式)】KEEFW/KEEAW/KE2FW/KE2AW型(H24.2～) 【ドアバイザー無車】,【期間限定特価】★クレジットカード利用可★。WORLD WING  IZANAMI CX-5 ステンレスピラー プラチナムシルバー #800 【型式(年式)】KEEFW/KEEAW/KE2FW/KE2AW型(H24.2～) 【ドアバイザー無車】[rn]
17-43511,http://tshop.r10s.jp/parts/cabinet/detail-s/am-jtlb.jpg?fitin=700:700,12052.8000,,車用品・バイク用品 > カー用品 > 外装パーツ > エアロパーツ > ドアミラー,SuperSportMirror(スーパースポーツミラー) オペル ベクトラ オペル ベクトラ XC [1990～1995] JTCミラー LED ブラック ミラー面手動調整 右ハンドル,車種別ドアミラー オペル ベクトラ,"スタイリッシュなデザインに、個性的なウインカーレンズを採用したJTCタイプ。ブルーミラーを採用。人気のＬＥＤウインカーを内臓！鮮やかなオレンジに発光。<br><br>モーターを排除することで軽量化。手動タイプ。<br><br>カラー：マテリアルブラック<br><br><br>適合車種：オペル ベクトラ XC [1990～1995]<br><br>ボディパーツ | ドアミラー<br>オペル | ベクトラ | XC<tr><td colspan=""2"">
<center><img src=""https://image.rakuten.co.jp/parts/cabinet/design/2017summertire2.jpg"" border=""0"" width=""800px""><br>
</td></tr></center>


<!--

<center>
<img src=""http://image.rakuten.co.jp/parts/cabinet/sale/201612ss_45_pc2.gif"" border=""0"" width=""800px"">
</center><br><br>
<center>
<img src=""http://image.rakuten.co.jp/parts/cabinet/sale/conbini201612pc.jpg"" border=""0"" width=""800px""
><br>

-->



<!--

<style type=""text/css"">
body{

background-image: url(""http://image.rakuten.co.jp/parts/cabinet/sale/36_shop_100x600.gif"");

background-repeat:repeat-y;
background-attachment:scroll;
background-position: right;

}
</style>-->",SuperSportMirror(スーパースポーツミラー) オペル ベクトラ オペル ベクトラ XC [1990～1995] JTCミラー LED ブラック ミラー面手動調整 右ハンドル：ＰＡＲＴＳ,ヘッドライトテールライトコーナーライトサイドマーカーカーボンアンテナドアミラーエアロメーターパネルリップスポイラーウイングホイールカバーペダル車高調ブレーキドライブレコーダーワイパーグリルボンネットローダウンSuperSportMirror(スーパースポーツミラー) オペル ベクトラ オペル ベクトラ XC [1990～1995] JTCミラー LED ブラック ミラー面手動調整 右ハンドル,車種別ドアミラー オペル ベクトラ。SuperSportMirror(スーパースポーツミラー) オペル ベクトラ オペル ベクトラ XC [1990～1995] JTCミラー LED ブラック ミラー面手動調整 右ハンドル[rn]
17-43512,http://tshop.r10s.jp/parts/cabinet/detail-s/am-m6c.jpg?fitin=700:700,10445.6000,,車用品・バイク用品 > カー用品 > 外装パーツ > エアロパーツ > ドアミラー,SuperSportMirror(スーパースポーツミラー) オペル カリブラ オペル カリブラ XE [1994～1997] M60ミラー カーボンルック ミラー面手動調整 右ハンドル ポップアップ格納,車種別ドアミラー オペル カリブラ,"SuperSportMirrorシリーズのフラッグシップモデル。跳ね上がるように格納することが出来ます。ミラーレンズには夜間走行時での後続車のヘッドライトから視界を守るブルーミラーレンズを採用。<br><br>モーターを排除することで軽量化した手動タイプ。　モーター部も配線加工が不要なので電気加工が苦手な方にも簡単に取り付けできます。<br><br>●カラー：カーボンルック　●手動格納機構　●ブルーミラーレンズ　●ミラーレンズ手動調整式　●右ハンドル車用<br><br><br>適合車種：オペル カリブラ XE [1994～1997]<br><br>ボディパーツ | ドアミラー<br>オペル | カリブラ | XE<tr><td colspan=""2"">
<center><img src=""https://image.rakuten.co.jp/parts/cabinet/design/2017summertire2.jpg"" border=""0"" width=""800px""><br>
</td></tr></center>


<!--

<center>
<img src=""http://image.rakuten.co.jp/parts/cabinet/sale/201612ss_45_pc2.gif"" border=""0"" width=""800px"">
</center><br><br>
<center>
<img src=""http://image.rakuten.co.jp/parts/cabinet/sale/conbini201612pc.jpg"" border=""0"" width=""800px""
><br>

-->



<!--

<style type=""text/css"">
body{

background-image: url(""http://image.rakuten.co.jp/parts/cabinet/sale/36_shop_100x600.gif"");

background-repeat:repeat-y;
background-attachment:scroll;
background-position: right;

}
</style>-->",SuperSportMirror(スーパースポーツミラー) オペル カリブラ オペル カリブラ XE [1994～1997] M60ミラー カーボンルック ミラー面手動調整 右ハンドル ポップアップ格納：ＰＡＲＴＳ,ヘッドライトテールライトコーナーライトサイドマーカーカーボンアンテナドアミラーエアロメーターパネルリップスポイラーウイングホイールカバーペダル車高調ブレーキドライブレコーダーワイパーグリルボンネットローダウンSuperSportMirror(スーパースポーツミラー) オペル カリブラ オペル カリブラ XE [1994～1997] M60ミラー カーボンルック ミラー面手動調整 右ハンドル ポップアップ格納,車種別ドアミラー オペル カリブラ。SuperSportMirror(スーパースポーツミラー) オペル カリブラ オペル カリブラ XE [1994～1997] M60ミラー カーボンルック ミラー面手動調整 右ハンドル ポップアップ格納[rn]
17-43513,http://tshop.r10s.jp/parts/cabinet/detail-a/am-rolb.jpg?fitin=700:700,16070.4000,,車用品・バイク用品 > カー用品 > 外装パーツ > エアロパーツ > ドアミラー,SuperSportMirror(スーパースポーツミラー) オペル カリブラ オペル カリブラ XE [1994～1997] ROSSOミラー LED カーボンルック ミラー面電動調整 右ハンドル,車種別ドアミラー オペル カリブラ,"格納式LED付ミラー。ミラーはギラつきの少ないブルーミラーを採用。人気のＬＥＤウインカーを内臓！鮮やかなオレンジに発光。<br><br>ミラーレンズコントロール用モーター内臓。右ハンドル車用<br><br>カラー：カーボンルック<br><br><br>適合車種：オペル カリブラ XE [1994～1997]<br><br>ボディパーツ | ドアミラー<br>オペル | カリブラ | XE<tr><td colspan=""2"">
<center><img src=""https://image.rakuten.co.jp/parts/cabinet/design/2017summertire2.jpg"" border=""0"" width=""800px""><br>
</td></tr></center>


<!--

<center>
<img src=""http://image.rakuten.co.jp/parts/cabinet/sale/201612ss_45_pc2.gif"" border=""0"" width=""800px"">
</center><br><br>
<center>
<img src=""http://image.rakuten.co.jp/parts/cabinet/sale/conbini201612pc.jpg"" border=""0"" width=""800px""
><br>

-->



<!--

<style type=""text/css"">
body{

background-image: url(""http://image.rakuten.co.jp/parts/cabinet/sale/36_shop_100x600.gif"");

background-repeat:repeat-y;
background-attachment:scroll;
background-position: right;

}
</style>-->",SuperSportMirror(スーパースポーツミラー) オペル カリブラ オペル カリブラ XE [1994～1997] ROSSOミラー LED カーボンルック ミラー面電動調整 右ハンドル：ＰＡＲＴＳ,ヘッドライトテールライトコーナーライトサイドマーカーカーボンアンテナドアミラーエアロメーターパネルリップスポイラーウイングホイールカバーペダル車高調ブレーキドライブレコーダーワイパーグリルボンネットローダウンSuperSportMirror(スーパースポーツミラー) オペル カリブラ オペル カリブラ XE [1994～1997] ROSSOミラー LED カーボンルック ミラー面電動調整 右ハンドル,車種別ドアミラー オペル カリブラ。SuperSportMirror(スーパースポーツミラー) オペル カリブラ オペル カリブラ XE [1994～1997] ROSSOミラー LED カーボンルック ミラー面電動調整 右ハンドル[rn]
