url,image,price,status,categories,name,name2,description,metatags_title,metatags_keywords,metatags_description
1-27901,http://tshop.r10s.jp/auc-automax/cabinet/02420218/cushion-suede/img65664404.jpg?fitin=700:700,402.4000,,日用品雑貨・文房具・手芸 > 手芸・クラフト・生地 > 生地・布,クッション付きスエードシート(A4) 柿■【メール便 送料無料】ウレタン スポンジ スエード生地 糊付き アルカンターラ調 30cm×20cmオレンジ カッティング可 起毛 粘着インテリア ウォールクロス 天張り 天井 内装  シール バックスキン【RCP】,メール便送料無料。代引の場合は宅急便送料に変更し発送致します,"光沢が抑えられた肌触りの良いアルカンターラ調シートに<br>
<font color=""#cc0000"" size=""5"">ウレタンスポンジを付けた新しいスエード生地シートです。</font><br>
<br>
非常に面倒な車の内張りの天井の張替え…<br>
当商品で一発解決です！<br>
当商品の裏面には糊が付いておりますので、スプレー糊を使用し、<br>
張替え用の生地に糊(ボンド)が染み込み、見える部分がまだらになって<br>
しまうといったお悩みも同時に解消してくれます。<br>
<br>
３Ｄ曲面対応！<br>
段差のある接地面やザラザラ面、木材の切断面、お部屋の壁のパネルと<br>
パネルの間など、凹凸のある箇所に使用しても施工後表面がガタガタせず<br>
非常に綺麗な見栄えで仕上がります。<br>
<br>
当商品は当店のスエード生地シートと同じ生地にウレタンスポンジの<br>
クッションが付属したものですので、併用が可能です。<br>
<br>
<br>
ステッカー感覚で施工を楽しんで下さい。<br>
ルーフ、トランクルーム、インパネ、オーディオコンソール、<br>
ドアの内張りなどに最適です。<br>
自動車内装だけでなく、お部屋のインテリアファブリックとして<br>
ウォールステッカーや、壁紙などとしてもお使い頂けます。<br>
<br>
※当商品はハイクオリティの韓国製です。 <br>
安価な中国製のものとは全く違います。 <br>
<br>
<br>
【カラー】<br>
商品名（商品タイトル）記載のカラーです。<br>
※全６種類ございます。<br>
ブラック(黒)/オレンジ(柿)/レッド(赤)/ベージュ(肌色)/ブルー(青)/グレー(灰) <br>
<br>
【サイズ】 <br>
商品名（商品タイトル）記載のサイズです。<br>
※全３種類ございます（幅の変更は出来ません）<br>
・Ａ４サイズ　→　幅30cm×20cm  <br>
・小　　　　　→　幅65cm×50cm<br>
・大　　　　　→　幅135cm×100cm<br>
※大サイズに関しまして<br>
100cm以上をご希望の方は希望の長さ(ｍ)分ご購入下さい。<BR>
一度に10m以上ご購入に関しましては送料・代引き手数料<BR>当社が負担させて頂きます。<BR>10mまでであれば1ｍ毎に延長可能。10mを超える場合10ｍ毎にカット致します。<br>
延長をご希望の場合は、希望の長さ（m）分ご購入下さい。<br>
長さ5ｍ以上をご希望の方は在庫の有無をお電話にて<br>
ご確認下さいますようお願い申し上げます。<br><br><br>
 <br>
<font color=""#cc0000"" size=""3"">※色/伸び/質感に関する質問が多々御座いますがモニター環境に<br>
よって色味が異なったり、感じ方に個人差がございますので<br>
不安な方は1円出品しておりますサンプルセットをご購入の<br>
上、商品をご購入下さいますようお願い申し上げます。<br>
購入後の上記理由での返品はお受けできません。</font><br>
<br>
【注意事項】<br>
※貼り付け・車検に関するご質問はお答え致しかねます。<br>
※取り付け前に必ず商品確認を行ってください。<br>
切断・加工後の返品交換は一切お受け致しかねます。<br>
※1枚ずつ業務用切り売りでスタッフが丁寧にカットしておりますが<br>
一部に断面が歪んだり欠けしまう場合が御座います。<br>
※念の為、切り損じを1cm程度(A4サイズは5mm程度)踏まえてお考え下さい。<br><center>
<br>
<img SRC=http://image.rakuten.co.jp/auc-automax/cabinet/imgrc0067382276.gif width=670 height=400><BR>
<br>
<img SRC=http://image.rakuten.co.jp/auc-automax/cabinet/img60333004.gif width=670 height=120><BR>
<br>

<br></center>",クッション付きスエードシート(A4) 柿■【メール便 送料無料】ウレタン スポンジ スエード生地 糊付き アルカンターラ調 30cm&times;20cmオレンジ カッティング可 起毛 粘着インテリア ウォールクロス 天張り 天井 内装  シール バックスキン【RCP】：AUTOMAX izumi,カッティングシートモニタースタンドアルカンターラ調スエード生地シート汎用パーツ自動車アクセサリーメッキモール送料無料ステッカーカー用品バイク用品ドレスアップラグジュアリー内装外装カット済みカーフィルム大阪通販激安格安施工クッション付きスエードシート(A4) 柿■【メール便 送料無料】ウレタン スポンジ スエード生地 糊付き アルカンターラ調 30cm&times;20cmオレンジ カッティング可 起毛 粘着インテリア ウォールクロス 天張り 天井 内装  シール バックスキン【RCP】,メール便送料無料。代引の場合は宅急便送料に変更し発送致します。クッション付きスエードシート(A4) 柿■【メール便 送料無料】ウレタン スポンジ スエード生地 糊付き アルカンターラ調 30cm&times;20cmオレンジ カッティング可 起毛 粘着インテリア ウォールクロス 天張り 天井 内装  シール バックスキン【RCP】
1-27902,http://tshop.r10s.jp/auc-automax/cabinet/02420218/cushion-suede/img65664392.jpg?fitin=700:700,402.4000,,日用品雑貨・文房具・手芸 > 手芸・クラフト・生地 > 生地・布,クッション付きスエードシート(A4) 黒■【メール便 送料無料】ウレタン スポンジ スエード生地 糊付き アルカンターラ調 30cm×20cmブラック カッティング可 起毛 粘着インテリア ウォールクロス 天張り 天井 内装  シール バックスキン【RCP】,メール便送料無料。代引の場合は宅急便送料に変更し発送致します,"光沢が抑えられた肌触りの良いアルカンターラ調シートに<br>
<font color=""#cc0000"" size=""5"">ウレタンスポンジを付けた新しいスエード生地シートです。</font><br>
<br>
非常に面倒な車の内張りの天井の張替え…<br>
当商品で一発解決です！<br>
当商品の裏面には糊が付いておりますので、スプレー糊を使用し、<br>
張替え用の生地に糊(ボンド)が染み込み、見える部分がまだらになって<br>
しまうといったお悩みも同時に解消してくれます。<br>
<br>
３Ｄ曲面対応！<br>
段差のある接地面やザラザラ面、木材の切断面、お部屋の壁のパネルと<br>
パネルの間など、凹凸のある箇所に使用しても施工後表面がガタガタせず<br>
非常に綺麗な見栄えで仕上がります。<br>
<br>
当商品は当店のスエード生地シートと同じ生地にウレタンスポンジの<br>
クッションが付属したものですので、併用が可能です。<br>
<br>
<br>
ステッカー感覚で施工を楽しんで下さい。<br>
ルーフ、トランクルーム、インパネ、オーディオコンソール、<br>
ドアの内張りなどに最適です。<br>
自動車内装だけでなく、お部屋のインテリアファブリックとして<br>
ウォールステッカーや、壁紙などとしてもお使い頂けます。<br>
<br>
※当商品はハイクオリティの韓国製です。 <br>
安価な中国製のものとは全く違います。 <br>
<br>
<br>
【カラー】<br>
商品名（商品タイトル）記載のカラーです。<br>
※全６種類ございます。<br>
ブラック(黒)/オレンジ(柿)/レッド(赤)/ベージュ(肌色)/ブルー(青)/グレー(灰) <br>
<br>
【サイズ】 <br>
商品名（商品タイトル）記載のサイズです。<br>
※全３種類ございます（幅の変更は出来ません）<br>
・Ａ４サイズ　→　幅30cm×20cm  <br>
・小　　　　　→　幅65cm×50cm<br>
・大　　　　　→　幅135cm×100cm<br>
※大サイズに関しまして<br>
100cm以上をご希望の方は希望の長さ(ｍ)分ご購入下さい。<BR>
一度に10m以上ご購入に関しましては送料・代引き手数料<BR>当社が負担させて頂きます。<BR>10mまでであれば1ｍ毎に延長可能。10mを超える場合10ｍ毎にカット致します。<br>
延長をご希望の場合は、希望の長さ（m）分ご購入下さい。<br>
長さ5ｍ以上をご希望の方は在庫の有無をお電話にて<br>
ご確認下さいますようお願い申し上げます。<br><br><br>
 <br>
<font color=""#cc0000"" size=""3"">※色/伸び/質感に関する質問が多々御座いますがモニター環境に<br>
よって色味が異なったり、感じ方に個人差がございますので<br>
不安な方は1円出品しておりますサンプルセットをご購入の<br>
上、商品をご購入下さいますようお願い申し上げます。<br>
購入後の上記理由での返品はお受けできません。</font><br>
<br>
【注意事項】<br>
※貼り付け・車検に関するご質問はお答え致しかねます。<br>
※取り付け前に必ず商品確認を行ってください。<br>
切断・加工後の返品交換は一切お受け致しかねます。<br>
※1枚ずつ業務用切り売りでスタッフが丁寧にカットしておりますが<br>
一部に断面が歪んだり欠けしまう場合が御座います。<br>
※念の為、切り損じを1cm程度(A4サイズは5mm程度)踏まえてお考え下さい。<br><center>
<br>
<img SRC=http://image.rakuten.co.jp/auc-automax/cabinet/imgrc0067382276.gif width=670 height=400><BR>
<br>
<img SRC=http://image.rakuten.co.jp/auc-automax/cabinet/img60333004.gif width=670 height=120><BR>
<br>

<br></center>",クッション付きスエードシート(A4) 黒■【メール便 送料無料】ウレタン スポンジ スエード生地 糊付き アルカンターラ調 30cm&times;20cmブラック カッティング可 起毛 粘着インテリア ウォールクロス 天張り 天井 内装  シール バックスキン【RCP】：AUTOMAX izumi,カッティングシートモニタースタンドアルカンターラ調スエード生地シート汎用パーツ自動車アクセサリーメッキモール送料無料ステッカーカー用品バイク用品ドレスアップラグジュアリー内装外装カット済みカーフィルム大阪通販激安格安施工クッション付きスエードシート(A4) 黒■【メール便 送料無料】ウレタン スポンジ スエード生地 糊付き アルカンターラ調 30cm&times;20cmブラック カッティング可 起毛 粘着インテリア ウォールクロス 天張り 天井 内装  シール バックスキン【RCP】,メール便送料無料。代引の場合は宅急便送料に変更し発送致します。クッション付きスエードシート(A4) 黒■【メール便 送料無料】ウレタン スポンジ スエード生地 糊付き アルカンターラ調 30cm&times;20cmブラック カッティング可 起毛 粘着インテリア ウォールクロス 天張り 天井 内装  シール バックスキン【RCP】
1-27903,http://tshop.r10s.jp/auc-automax/cabinet/02420218/cushion-suede/img65664404.jpg?fitin=700:700,402.4000,,日用品雑貨・文房具・手芸 > 手芸・クラフト・生地 > 生地・布,クッション付きスエードシート(A4) 柿■【メール便 送料無料】ウレタン スポンジ スエード生地 糊付き アルカンターラ調 30cm×20cmオレンジ カッティング可 起毛 粘着インテリア ウォールクロス 天張り 天井 内装  シール バックスキン【RCP】,メール便送料無料。代引の場合は宅急便送料に変更し発送致します,"光沢が抑えられた肌触りの良いアルカンターラ調シートに<br>
<font color=""#cc0000"" size=""5"">ウレタンスポンジを付けた新しいスエード生地シートです。</font><br>
<br>
非常に面倒な車の内張りの天井の張替え…<br>
当商品で一発解決です！<br>
当商品の裏面には糊が付いておりますので、スプレー糊を使用し、<br>
張替え用の生地に糊(ボンド)が染み込み、見える部分がまだらになって<br>
しまうといったお悩みも同時に解消してくれます。<br>
<br>
３Ｄ曲面対応！<br>
段差のある接地面やザラザラ面、木材の切断面、お部屋の壁のパネルと<br>
パネルの間など、凹凸のある箇所に使用しても施工後表面がガタガタせず<br>
非常に綺麗な見栄えで仕上がります。<br>
<br>
当商品は当店のスエード生地シートと同じ生地にウレタンスポンジの<br>
クッションが付属したものですので、併用が可能です。<br>
<br>
<br>
ステッカー感覚で施工を楽しんで下さい。<br>
ルーフ、トランクルーム、インパネ、オーディオコンソール、<br>
ドアの内張りなどに最適です。<br>
自動車内装だけでなく、お部屋のインテリアファブリックとして<br>
ウォールステッカーや、壁紙などとしてもお使い頂けます。<br>
<br>
※当商品はハイクオリティの韓国製です。 <br>
安価な中国製のものとは全く違います。 <br>
<br>
<br>
【カラー】<br>
商品名（商品タイトル）記載のカラーです。<br>
※全６種類ございます。<br>
ブラック(黒)/オレンジ(柿)/レッド(赤)/ベージュ(肌色)/ブルー(青)/グレー(灰) <br>
<br>
【サイズ】 <br>
商品名（商品タイトル）記載のサイズです。<br>
※全３種類ございます（幅の変更は出来ません）<br>
・Ａ４サイズ　→　幅30cm×20cm  <br>
・小　　　　　→　幅65cm×50cm<br>
・大　　　　　→　幅135cm×100cm<br>
※大サイズに関しまして<br>
100cm以上をご希望の方は希望の長さ(ｍ)分ご購入下さい。<BR>
一度に10m以上ご購入に関しましては送料・代引き手数料<BR>当社が負担させて頂きます。<BR>10mまでであれば1ｍ毎に延長可能。10mを超える場合10ｍ毎にカット致します。<br>
延長をご希望の場合は、希望の長さ（m）分ご購入下さい。<br>
長さ5ｍ以上をご希望の方は在庫の有無をお電話にて<br>
ご確認下さいますようお願い申し上げます。<br><br><br>
 <br>
<font color=""#cc0000"" size=""3"">※色/伸び/質感に関する質問が多々御座いますがモニター環境に<br>
よって色味が異なったり、感じ方に個人差がございますので<br>
不安な方は1円出品しておりますサンプルセットをご購入の<br>
上、商品をご購入下さいますようお願い申し上げます。<br>
購入後の上記理由での返品はお受けできません。</font><br>
<br>
【注意事項】<br>
※貼り付け・車検に関するご質問はお答え致しかねます。<br>
※取り付け前に必ず商品確認を行ってください。<br>
切断・加工後の返品交換は一切お受け致しかねます。<br>
※1枚ずつ業務用切り売りでスタッフが丁寧にカットしておりますが<br>
一部に断面が歪んだり欠けしまう場合が御座います。<br>
※念の為、切り損じを1cm程度(A4サイズは5mm程度)踏まえてお考え下さい。<br><center>
<br>
<img SRC=http://image.rakuten.co.jp/auc-automax/cabinet/imgrc0067382276.gif width=670 height=400><BR>
<br>
<img SRC=http://image.rakuten.co.jp/auc-automax/cabinet/img60333004.gif width=670 height=120><BR>
<br>

<br></center>",クッション付きスエードシート(A4) 柿■【メール便 送料無料】ウレタン スポンジ スエード生地 糊付き アルカンターラ調 30cm&times;20cmオレンジ カッティング可 起毛 粘着インテリア ウォールクロス 天張り 天井 内装  シール バックスキン【RCP】：AUTOMAX izumi,カッティングシートモニタースタンドアルカンターラ調スエード生地シート汎用パーツ自動車アクセサリーメッキモール送料無料ステッカーカー用品バイク用品ドレスアップラグジュアリー内装外装カット済みカーフィルム大阪通販激安格安施工クッション付きスエードシート(A4) 柿■【メール便 送料無料】ウレタン スポンジ スエード生地 糊付き アルカンターラ調 30cm&times;20cmオレンジ カッティング可 起毛 粘着インテリア ウォールクロス 天張り 天井 内装  シール バックスキン【RCP】,メール便送料無料。代引の場合は宅急便送料に変更し発送致します。クッション付きスエードシート(A4) 柿■【メール便 送料無料】ウレタン スポンジ スエード生地 糊付き アルカンターラ調 30cm&times;20cmオレンジ カッティング可 起毛 粘着インテリア ウォールクロス 天張り 天井 内装  シール バックスキン【RCP】
1-27904,http://tshop.r10s.jp/auc-automax/cabinet/02420218/cushion-suede/img65664398.jpg?fitin=700:700,402.4000,,日用品雑貨・文房具・手芸 > 手芸・クラフト・生地 > 生地・布,クッション付きスエードシート(A4) ベージュ■【メール便 送料無料】ウレタン スポンジ スエード生地 糊付 アルカンターラ調 30cm×20cm肌色 カッティング可 起毛 粘着インテリア ウォールクロス 天張り 天井 内装  シール バックスキン【RCP】,メール便送料無料。代引の場合は宅急便送料に変更し発送致します,"光沢が抑えられた肌触りの良いアルカンターラ調シートに<br>
<font color=""#cc0000"" size=""5"">ウレタンスポンジを付けた新しいスエード生地シートです。</font><br>
<br>
非常に面倒な車の内張りの天井の張替え…<br>
当商品で一発解決です！<br>
当商品の裏面には糊が付いておりますので、スプレー糊を使用し、<br>
張替え用の生地に糊(ボンド)が染み込み、見える部分がまだらになって<br>
しまうといったお悩みも同時に解消してくれます。<br>
<br>
３Ｄ曲面対応！<br>
段差のある接地面やザラザラ面、木材の切断面、お部屋の壁のパネルと<br>
パネルの間など、凹凸のある箇所に使用しても施工後表面がガタガタせず<br>
非常に綺麗な見栄えで仕上がります。<br>
<br>
当商品は当店のスエード生地シートと同じ生地にウレタンスポンジの<br>
クッションが付属したものですので、併用が可能です。<br>
<br>
<br>
ステッカー感覚で施工を楽しんで下さい。<br>
ルーフ、トランクルーム、インパネ、オーディオコンソール、<br>
ドアの内張りなどに最適です。<br>
自動車内装だけでなく、お部屋のインテリアファブリックとして<br>
ウォールステッカーや、壁紙などとしてもお使い頂けます。<br>
<br>
※当商品はハイクオリティの韓国製です。 <br>
安価な中国製のものとは全く違います。 <br>
<br>
<br>
【カラー】<br>
商品名（商品タイトル）記載のカラーです。<br>
※全６種類ございます。<br>
ブラック(黒)/オレンジ(柿)/レッド(赤)/ベージュ(肌色)/ブルー(青)/グレー(灰) <br>
<br>
【サイズ】 <br>
商品名（商品タイトル）記載のサイズです。<br>
※全３種類ございます（幅の変更は出来ません）<br>
・Ａ４サイズ　→　幅30cm×20cm  <br>
・小　　　　　→　幅65cm×50cm<br>
・大　　　　　→　幅135cm×100cm<br>
※大サイズに関しまして<br>
100cm以上をご希望の方は希望の長さ(ｍ)分ご購入下さい。<BR>
一度に10m以上ご購入に関しましては送料・代引き手数料<BR>当社が負担させて頂きます。<BR>10mまでであれば1ｍ毎に延長可能。10mを超える場合10ｍ毎にカット致します。<br>
延長をご希望の場合は、希望の長さ（m）分ご購入下さい。<br>
長さ5ｍ以上をご希望の方は在庫の有無をお電話にて<br>
ご確認下さいますようお願い申し上げます。<br><br><br>
 <br>
<font color=""#cc0000"" size=""3"">※色/伸び/質感に関する質問が多々御座いますがモニター環境に<br>
よって色味が異なったり、感じ方に個人差がございますので<br>
不安な方は1円出品しておりますサンプルセットをご購入の<br>
上、商品をご購入下さいますようお願い申し上げます。<br>
購入後の上記理由での返品はお受けできません。</font><br>
<br>
【注意事項】<br>
※貼り付け・車検に関するご質問はお答え致しかねます。<br>
※取り付け前に必ず商品確認を行ってください。<br>
切断・加工後の返品交換は一切お受け致しかねます。<br>
※1枚ずつ業務用切り売りでスタッフが丁寧にカットしておりますが<br>
一部に断面が歪んだり欠けしまう場合が御座います。<br>
※念の為、切り損じを1cm程度(A4サイズは5mm程度)踏まえてお考え下さい。<br><center>
<br>
<img SRC=http://image.rakuten.co.jp/auc-automax/cabinet/imgrc0067382276.gif width=670 height=400><BR>
<br>
<img SRC=http://image.rakuten.co.jp/auc-automax/cabinet/img60333004.gif width=670 height=120><BR>
<br>

<br></center>",クッション付きスエードシート(A4) ベージュ■【メール便 送料無料】ウレタン スポンジ スエード生地 糊付 アルカンターラ調 30cm&times;20cm肌色 カッティング可 起毛 粘着インテリア ウォールクロス 天張り 天井 内装  シール バックスキン【RCP】：AUTOMAX izumi,カッティングシートモニタースタンドアルカンターラ調スエード生地シート汎用パーツ自動車アクセサリーメッキモール送料無料ステッカーカー用品バイク用品ドレスアップラグジュアリー内装外装カット済みカーフィルム大阪通販激安格安施工クッション付きスエードシート(A4) ベージュ■【メール便 送料無料】ウレタン スポンジ スエード生地 糊付 アルカンターラ調 30cm&times;20cm肌色 カッティング可 起毛 粘着インテリア ウォールクロス 天張り 天井 内装  シール バックスキン【RCP】,メール便送料無料。代引の場合は宅急便送料に変更し発送致します。クッション付きスエードシート(A4) ベージュ■【メール便 送料無料】ウレタン スポンジ スエード生地 糊付 アルカンターラ調 30cm&times;20cm肌色 カッティング可 起毛 粘着インテリア ウォールクロス 天張り 天井 内装  シール バックスキン【RCP】
1-27905,http://tshop.r10s.jp/auc-automax/cabinet/02420218/trim-recovery-sheet/img65939881.gif?fitin=700:700,1538.4000,,日用品雑貨・文房具・手芸 > 手芸・クラフト・生地 > 生地・布,純正トリム張替えシート(小) ベージュ●内装 張替用メッシュ生地 糊付き65cm×50cm 肌色ウレタン スポンジ付きスポーツニット曲面対応/カッティング可内装/肘掛け/ドア内張り/天井/張替え修理/補修/レストア/リペア検:レカロ/バケッド,この商品は送料 全国一律600円 です(北海道/沖縄除く)同梱可能。,"内装を蘇らせる純正トリム張替えシート登場!!<br>
<br>
欧州車によく見られる天井の垂れ下がりや、肘掛け、シート等の<br>
経年劣化による破れや汚れ、穴あき、引っかき傷などをお手軽!簡単に<BR>
純正同等に蘇らせる<BR><b><font color=""#cc0000"" size=""4"">ウレタンクッション付きのメッシュシート<BR>その名も　トリムリカバリーシート　です!!</font></b><br>
<br>
レカロシート、ブリッド等バケットシートの張替えや天井張替、ドア内張り、<BR>
内装の様々な加工・修復に使用出来、裏面には糊が付いておりますので<BR>
スプレー糊を使用したせいで張替え用の生地に糊(ボンド)が染み込み、<BR>
見える部分がまだらになってしまったといったお悩みも簡単に解決!<BR>
<br>
<br>
伸縮性・弾力性に非常に富み、3D曲面にも当然対応しております。<br>
また段差のある接地面やザラザラ面、木材の切断面、お部屋の壁のパネルと<BR>
パネルの間など、凹凸のある箇所に使用しても施工後 表面がガタガタせず<BR>
綺麗な見栄えで仕上がる張り易さ抜群のカッティング可能なシートです。<br>
※当商品はハイクオリティの韓国製です。 <br>
安価な中国製のものとは全く違います。 <br>
<br>
<BR>

<br>
<br>
【カラー】<br>
商品名（商品タイトル）記載のカラーです。<br>
※全3種類ございます。<br>
ブラック(黒色) / ベージュ(肌色) / グレー(灰) <br>
<br>
【サイズ】 <br>
商品名（商品タイトル）記載のサイズです。<br>
※全３種類ございます（幅の変更は出来ません）<br>
・Ａ４サイズ　→　幅30cm×20cm <br>
・小　　　　　→　幅65cm×50cm<br>
・大　　　　　→　幅135cm×100cm<br>
<br>
※大サイズに関しまして<br>
100cm以上をご希望の方は希望の長さ(ｍ)分ご購入下さい。<br>
一度に10m以上ご購入に関しましては送料・代引き手数料<br>
当社が負担させて頂きます。<br>
10mまでであれば1ｍ毎に延長可能。10mを超える場合10ｍ毎にカット致します。<br>
延長をご希望の場合は、希望の長さ（m）分ご購入下さい。<br>
長さ5ｍ以上をご希望の方は在庫の有無をお電話にて<br>
ご確認下さいますようお願い申し上げます。<br>
<br>
当商品と同様のウレタンスポンジクッションの付いたアルカンターラ調のスエード<br>
生地シート（クッション付きスエードシート）も販売しております。<br>
<br>クッション付きスエードシートの購入はコチラ<br><br>
<br>
ステッカー感覚でルーフ、トランクルーム、インパネ、オーディオ<BR>
コンソール等はもちろん、自動車の内装のみならず、お部屋の<BR>
インテリアファブリックやウォールステッカー、壁紙としても！<br>
<br>
<br>
<br><font color=""#cc0000"" size=""3"">※色/伸び/質感に関する質問が多々御座いますがモニター環境に<br>
よって色味が異なったり、感じ方に個人差がございますので<br>
不安な方は1円出品しておりますサンプルセットをご購入の上、<br>
商品をご購入下さいますようお願い申し上げます。<br>
購入後の上記理由での返品はお受けできません。</font><br><br>
サンプルセット購入はコチラ<br><br>
<br>
【注意事項】<br>
※貼り付け・車検に関するご質問はお答え致しかねます。<br>
※取り付け前に必ず商品確認を行ってください。<br>
切断・加工後の返品交換は一切お受け致しかねます。<br>
※1枚ずつ業務用切り売りでスタッフが丁寧にカットしておりますが<br>
一部に断面が歪んだり欠けしまう場合が御座います。<br>
※切り損じを1cm程度(A4サイズは5mm程度)踏まえてお考え下さい。<br>
<br>
アウディ,アウディー,レンジローバー,外車,ニュー ビートル,ジェッタ<br>
フォルクスワーゲン,オペル ベクトラ,オリジナル, BMW,ゴルフ,クワトロ<br>シトロエン,プジョー,ユーロ車,プリウス等あらゆる車種に使用可能!!<br><center>
<br>
<img SRC=http://image.rakuten.co.jp/auc-automax/cabinet/imgrc0067382276.gif width=670 height=400><BR>
<br>
<img SRC=http://image.rakuten.co.jp/auc-automax/cabinet/img60333004.gif width=670 height=120><BR>
<br>

<br></center>",純正トリム張替えシート(小) ベージュ●内装 張替用メッシュ生地 糊付き65cm&times;50cm 肌色ウレタン スポンジ付きスポーツニット曲面対応/カッティング可内装/肘掛け/ドア内張り/天井/張替え修理/補修/レストア/リペア検:レカロ/バケッド：AUTOMAX izumi,カッティングシートモニタースタンドアルカンターラ調スエード生地シート汎用パーツ自動車アクセサリーメッキモール送料無料ステッカーカー用品バイク用品ドレスアップラグジュアリー内装外装カット済みカーフィルム大阪通販激安格安施工純正トリム張替えシート(小) ベージュ●内装 張替用メッシュ生地 糊付き65cm&times;50cm 肌色ウレタン スポンジ付きスポーツニット曲面対応/カッティング可内装/肘掛け/ドア内張り/天井/張替え修理/補修/レストア/リペア検:レカロ/バケッド,この商品は送料 全国一律600円 です(北海道/沖縄除く)同梱可能。。純正トリム張替えシート(小) ベージュ●内装 張替用メッシュ生地 糊付き65cm&times;50cm 肌色ウレタン スポンジ付きスポーツニット曲面対応/カッティング可内装/肘掛け/ドア内張り/天井/張替え修理/補修/レストア/リペア検:レカロ/バケッド
1-27906,http://tshop.r10s.jp/auc-automax/cabinet/02420218/trim-recovery-sheet/img65939885.gif?fitin=700:700,1538.4000,,日用品雑貨・文房具・手芸 > 手芸・クラフト・生地 > 生地・布,純正トリム張替えシート(小) 灰●内装 張替用メッシュ生地 糊付き65cm×50cm グレーウレタン スポンジ付きスポーツニット曲面対応/カッティング可内装/肘掛け/ドア内張り/天井/張替え修理/補修/レストア/リペア検:レカロ/バケッド,この商品は送料 全国一律600円 です(北海道/沖縄除く)同梱可能。,"内装を蘇らせる純正トリム張替えシート登場!!<br>
<br>
欧州車によく見られる天井の垂れ下がりや、肘掛け、シート等の<br>
経年劣化による破れや汚れ、穴あき、引っかき傷などをお手軽!簡単に<BR>
純正同等に蘇らせる<BR><b><font color=""#cc0000"" size=""4"">ウレタンクッション付きのメッシュシート<BR>その名も　トリムリカバリーシート　です!!</font></b><br>
<br>
レカロシート、ブリッド等バケットシートの張替えや天井張替、ドア内張り、<BR>
内装の様々な加工・修復に使用出来、裏面には糊が付いておりますので<BR>
スプレー糊を使用したせいで張替え用の生地に糊(ボンド)が染み込み、<BR>
見える部分がまだらになってしまったといったお悩みも簡単に解決!<BR>
<br>
<br>
伸縮性・弾力性に非常に富み、3D曲面にも当然対応しております。<br>
また段差のある接地面やザラザラ面、木材の切断面、お部屋の壁のパネルと<BR>
パネルの間など、凹凸のある箇所に使用しても施工後 表面がガタガタせず<BR>
綺麗な見栄えで仕上がる張り易さ抜群のカッティング可能なシートです。<br>
※当商品はハイクオリティの韓国製です。 <br>
安価な中国製のものとは全く違います。 <br>
<br>
<BR>

<br>
<br>
【カラー】<br>
商品名（商品タイトル）記載のカラーです。<br>
※全3種類ございます。<br>
ブラック(黒色) / ベージュ(肌色) / グレー(灰) <br>
<br>
【サイズ】 <br>
商品名（商品タイトル）記載のサイズです。<br>
※全３種類ございます（幅の変更は出来ません）<br>
・Ａ４サイズ　→　幅30cm×20cm <br>
・小　　　　　→　幅65cm×50cm<br>
・大　　　　　→　幅135cm×100cm<br>
<br>
※大サイズに関しまして<br>
100cm以上をご希望の方は希望の長さ(ｍ)分ご購入下さい。<br>
一度に10m以上ご購入に関しましては送料・代引き手数料<br>
当社が負担させて頂きます。<br>
10mまでであれば1ｍ毎に延長可能。10mを超える場合10ｍ毎にカット致します。<br>
延長をご希望の場合は、希望の長さ（m）分ご購入下さい。<br>
長さ5ｍ以上をご希望の方は在庫の有無をお電話にて<br>
ご確認下さいますようお願い申し上げます。<br>
<br>
当商品と同様のウレタンスポンジクッションの付いたアルカンターラ調のスエード<br>
生地シート（クッション付きスエードシート）も販売しております。<br>
<br>クッション付きスエードシートの購入はコチラ<br><br>
<br>
ステッカー感覚でルーフ、トランクルーム、インパネ、オーディオ<BR>
コンソール等はもちろん、自動車の内装のみならず、お部屋の<BR>
インテリアファブリックやウォールステッカー、壁紙としても！<br>
<br>
<br>
<br><font color=""#cc0000"" size=""3"">※色/伸び/質感に関する質問が多々御座いますがモニター環境に<br>
よって色味が異なったり、感じ方に個人差がございますので<br>
不安な方は1円出品しておりますサンプルセットをご購入の上、<br>
商品をご購入下さいますようお願い申し上げます。<br>
購入後の上記理由での返品はお受けできません。</font><br><br>
サンプルセット購入はコチラ<br><br>
<br>
【注意事項】<br>
※貼り付け・車検に関するご質問はお答え致しかねます。<br>
※取り付け前に必ず商品確認を行ってください。<br>
切断・加工後の返品交換は一切お受け致しかねます。<br>
※1枚ずつ業務用切り売りでスタッフが丁寧にカットしておりますが<br>
一部に断面が歪んだり欠けしまう場合が御座います。<br>
※切り損じを1cm程度(A4サイズは5mm程度)踏まえてお考え下さい。<br>
<br>
アウディ,アウディー,レンジローバー,外車,ニュー ビートル,ジェッタ<br>
フォルクスワーゲン,オペル ベクトラ,オリジナル, BMW,ゴルフ,クワトロ<br>シトロエン,プジョー,ユーロ車,プリウス等あらゆる車種に使用可能!!<br><center>
<br>
<img SRC=http://image.rakuten.co.jp/auc-automax/cabinet/imgrc0067382276.gif width=670 height=400><BR>
<br>
<img SRC=http://image.rakuten.co.jp/auc-automax/cabinet/img60333004.gif width=670 height=120><BR>
<br>

<br></center>",純正トリム張替えシート(小) 灰●内装 張替用メッシュ生地 糊付き65cm&times;50cm グレーウレタン スポンジ付きスポーツニット曲面対応/カッティング可内装/肘掛け/ドア内張り/天井/張替え修理/補修/レストア/リペア検:レカロ/バケッド：AUTOMAX izumi,カッティングシートモニタースタンドアルカンターラ調スエード生地シート汎用パーツ自動車アクセサリーメッキモール送料無料ステッカーカー用品バイク用品ドレスアップラグジュアリー内装外装カット済みカーフィルム大阪通販激安格安施工純正トリム張替えシート(小) 灰●内装 張替用メッシュ生地 糊付き65cm&times;50cm グレーウレタン スポンジ付きスポーツニット曲面対応/カッティング可内装/肘掛け/ドア内張り/天井/張替え修理/補修/レストア/リペア検:レカロ/バケッド,この商品は送料 全国一律600円 です(北海道/沖縄除く)同梱可能。。純正トリム張替えシート(小) 灰●内装 張替用メッシュ生地 糊付き65cm&times;50cm グレーウレタン スポンジ付きスポーツニット曲面対応/カッティング可内装/肘掛け/ドア内張り/天井/張替え修理/補修/レストア/リペア検:レカロ/バケッド
1-27907,http://tshop.r10s.jp/auc-automax/cabinet/02420218/trim-recovery-sheet/img65939883.gif?fitin=700:700,1538.4000,,日用品雑貨・文房具・手芸 > 手芸・クラフト・生地 > 生地・布,純正トリム張替えシート(小) 黒●内装 張替用メッシュ生地 糊付き65cm×50cm ブラックウレタン スポンジ付きスポーツニット曲面対応/カッティング可内装/肘掛け/ドア内張り/天井/張替え修理/補修/レストア/リペア検:レカロ,この商品は送料 全国一律600円 です(北海道/沖縄除く)同梱可能。,"内装を蘇らせる純正トリム張替えシート登場!!<br>
<br>
欧州車によく見られる天井の垂れ下がりや、肘掛け、シート等の<br>
経年劣化による破れや汚れ、穴あき、引っかき傷などをお手軽!簡単に<BR>
純正同等に蘇らせる<BR><b><font color=""#cc0000"" size=""4"">ウレタンクッション付きのメッシュシート<BR>その名も　トリムリカバリーシート　です!!</font></b><br>
<br>
レカロシート、ブリッド等バケットシートの張替えや天井張替、ドア内張り、<BR>
内装の様々な加工・修復に使用出来、裏面には糊が付いておりますので<BR>
スプレー糊を使用したせいで張替え用の生地に糊(ボンド)が染み込み、<BR>
見える部分がまだらになってしまったといったお悩みも簡単に解決!<BR>
<br>
<br>
伸縮性・弾力性に非常に富み、3D曲面にも当然対応しております。<br>
また段差のある接地面やザラザラ面、木材の切断面、お部屋の壁のパネルと<BR>
パネルの間など、凹凸のある箇所に使用しても施工後 表面がガタガタせず<BR>
綺麗な見栄えで仕上がる張り易さ抜群のカッティング可能なシートです。<br>
※当商品はハイクオリティの韓国製です。 <br>
安価な中国製のものとは全く違います。 <br>
<br>
<BR>

<br>
<br>
【カラー】<br>
商品名（商品タイトル）記載のカラーです。<br>
※全3種類ございます。<br>
ブラック(黒色) / ベージュ(肌色) / グレー(灰) <br>
<br>
【サイズ】 <br>
商品名（商品タイトル）記載のサイズです。<br>
※全３種類ございます（幅の変更は出来ません）<br>
・Ａ４サイズ　→　幅30cm×20cm <br>
・小　　　　　→　幅65cm×50cm<br>
・大　　　　　→　幅135cm×100cm<br>
<br>
※大サイズに関しまして<br>
100cm以上をご希望の方は希望の長さ(ｍ)分ご購入下さい。<br>
一度に10m以上ご購入に関しましては送料・代引き手数料<br>
当社が負担させて頂きます。<br>
10mまでであれば1ｍ毎に延長可能。10mを超える場合10ｍ毎にカット致します。<br>
延長をご希望の場合は、希望の長さ（m）分ご購入下さい。<br>
長さ5ｍ以上をご希望の方は在庫の有無をお電話にて<br>
ご確認下さいますようお願い申し上げます。<br>
<br>
当商品と同様のウレタンスポンジクッションの付いたアルカンターラ調のスエード<br>
生地シート（クッション付きスエードシート）も販売しております。<br>
<br>クッション付きスエードシートの購入はコチラ<br><br>
<br>
ステッカー感覚でルーフ、トランクルーム、インパネ、オーディオ<BR>
コンソール等はもちろん、自動車の内装のみならず、お部屋の<BR>
インテリアファブリックやウォールステッカー、壁紙としても！<br>
<br>
<br>
<br><font color=""#cc0000"" size=""3"">※色/伸び/質感に関する質問が多々御座いますがモニター環境に<br>
よって色味が異なったり、感じ方に個人差がございますので<br>
不安な方は1円出品しておりますサンプルセットをご購入の上、<br>
商品をご購入下さいますようお願い申し上げます。<br>
購入後の上記理由での返品はお受けできません。</font><br><br>
サンプルセット購入はコチラ<br><br>
<br>
【注意事項】<br>
※貼り付け・車検に関するご質問はお答え致しかねます。<br>
※取り付け前に必ず商品確認を行ってください。<br>
切断・加工後の返品交換は一切お受け致しかねます。<br>
※1枚ずつ業務用切り売りでスタッフが丁寧にカットしておりますが<br>
一部に断面が歪んだり欠けしまう場合が御座います。<br>
※切り損じを1cm程度(A4サイズは5mm程度)踏まえてお考え下さい。<br>
<br>
アウディ,アウディー,レンジローバー,外車,ニュー ビートル,ジェッタ<br>
フォルクスワーゲン,オペル ベクトラ,オリジナル, BMW,ゴルフ,クワトロ<br>シトロエン,プジョー,ユーロ車,プリウス等あらゆる車種に使用可能!!<br><center>
<br>
<img SRC=http://image.rakuten.co.jp/auc-automax/cabinet/imgrc0067382276.gif width=670 height=400><BR>
<br>
<img SRC=http://image.rakuten.co.jp/auc-automax/cabinet/img60333004.gif width=670 height=120><BR>
<br>

<br></center>",純正トリム張替えシート(小) 黒●内装 張替用メッシュ生地 糊付き65cm&times;50cm ブラックウレタン スポンジ付きスポーツニット曲面対応/カッティング可内装/肘掛け/ドア内張り/天井/張替え修理/補修/レストア/リペア検:レカロ：AUTOMAX izumi,カッティングシートモニタースタンドアルカンターラ調スエード生地シート汎用パーツ自動車アクセサリーメッキモール送料無料ステッカーカー用品バイク用品ドレスアップラグジュアリー内装外装カット済みカーフィルム大阪通販激安格安施工純正トリム張替えシート(小) 黒●内装 張替用メッシュ生地 糊付き65cm&times;50cm ブラックウレタン スポンジ付きスポーツニット曲面対応/カッティング可内装/肘掛け/ドア内張り/天井/張替え修理/補修/レストア/リペア検:レカロ,この商品は送料 全国一律600円 です(北海道/沖縄除く)同梱可能。。純正トリム張替えシート(小) 黒●内装 張替用メッシュ生地 糊付き65cm&times;50cm ブラックウレタン スポンジ付きスポーツニット曲面対応/カッティング可内装/肘掛け/ドア内張り/天井/張替え修理/補修/レストア/リペア検:レカロ
1-27908,http://tshop.r10s.jp/auc-automax/cabinet/02420218/trim-recovery-sheet/img65939881.gif?fitin=700:700,1538.4000,,日用品雑貨・文房具・手芸 > 手芸・クラフト・生地 > 生地・布,純正トリム張替えシート(小) ベージュ●内装 張替用メッシュ生地 糊付き65cm×50cm 肌色ウレタン スポンジ付きスポーツニット曲面対応/カッティング可内装/肘掛け/ドア内張り/天井/張替え修理/補修/レストア/リペア検:レカロ/バケッド,この商品は送料 全国一律600円 です(北海道/沖縄除く)同梱可能。,"内装を蘇らせる純正トリム張替えシート登場!!<br>
<br>
欧州車によく見られる天井の垂れ下がりや、肘掛け、シート等の<br>
経年劣化による破れや汚れ、穴あき、引っかき傷などをお手軽!簡単に<BR>
純正同等に蘇らせる<BR><b><font color=""#cc0000"" size=""4"">ウレタンクッション付きのメッシュシート<BR>その名も　トリムリカバリーシート　です!!</font></b><br>
<br>
レカロシート、ブリッド等バケットシートの張替えや天井張替、ドア内張り、<BR>
内装の様々な加工・修復に使用出来、裏面には糊が付いておりますので<BR>
スプレー糊を使用したせいで張替え用の生地に糊(ボンド)が染み込み、<BR>
見える部分がまだらになってしまったといったお悩みも簡単に解決!<BR>
<br>
<br>
伸縮性・弾力性に非常に富み、3D曲面にも当然対応しております。<br>
また段差のある接地面やザラザラ面、木材の切断面、お部屋の壁のパネルと<BR>
パネルの間など、凹凸のある箇所に使用しても施工後 表面がガタガタせず<BR>
綺麗な見栄えで仕上がる張り易さ抜群のカッティング可能なシートです。<br>
※当商品はハイクオリティの韓国製です。 <br>
安価な中国製のものとは全く違います。 <br>
<br>
<BR>

<br>
<br>
【カラー】<br>
商品名（商品タイトル）記載のカラーです。<br>
※全3種類ございます。<br>
ブラック(黒色) / ベージュ(肌色) / グレー(灰) <br>
<br>
【サイズ】 <br>
商品名（商品タイトル）記載のサイズです。<br>
※全３種類ございます（幅の変更は出来ません）<br>
・Ａ４サイズ　→　幅30cm×20cm <br>
・小　　　　　→　幅65cm×50cm<br>
・大　　　　　→　幅135cm×100cm<br>
<br>
※大サイズに関しまして<br>
100cm以上をご希望の方は希望の長さ(ｍ)分ご購入下さい。<br>
一度に10m以上ご購入に関しましては送料・代引き手数料<br>
当社が負担させて頂きます。<br>
10mまでであれば1ｍ毎に延長可能。10mを超える場合10ｍ毎にカット致します。<br>
延長をご希望の場合は、希望の長さ（m）分ご購入下さい。<br>
長さ5ｍ以上をご希望の方は在庫の有無をお電話にて<br>
ご確認下さいますようお願い申し上げます。<br>
<br>
当商品と同様のウレタンスポンジクッションの付いたアルカンターラ調のスエード<br>
生地シート（クッション付きスエードシート）も販売しております。<br>
<br>クッション付きスエードシートの購入はコチラ<br><br>
<br>
ステッカー感覚でルーフ、トランクルーム、インパネ、オーディオ<BR>
コンソール等はもちろん、自動車の内装のみならず、お部屋の<BR>
インテリアファブリックやウォールステッカー、壁紙としても！<br>
<br>
<br>
<br><font color=""#cc0000"" size=""3"">※色/伸び/質感に関する質問が多々御座いますがモニター環境に<br>
よって色味が異なったり、感じ方に個人差がございますので<br>
不安な方は1円出品しておりますサンプルセットをご購入の上、<br>
商品をご購入下さいますようお願い申し上げます。<br>
購入後の上記理由での返品はお受けできません。</font><br><br>
サンプルセット購入はコチラ<br><br>
<br>
【注意事項】<br>
※貼り付け・車検に関するご質問はお答え致しかねます。<br>
※取り付け前に必ず商品確認を行ってください。<br>
切断・加工後の返品交換は一切お受け致しかねます。<br>
※1枚ずつ業務用切り売りでスタッフが丁寧にカットしておりますが<br>
一部に断面が歪んだり欠けしまう場合が御座います。<br>
※切り損じを1cm程度(A4サイズは5mm程度)踏まえてお考え下さい。<br>
<br>
アウディ,アウディー,レンジローバー,外車,ニュー ビートル,ジェッタ<br>
フォルクスワーゲン,オペル ベクトラ,オリジナル, BMW,ゴルフ,クワトロ<br>シトロエン,プジョー,ユーロ車,プリウス等あらゆる車種に使用可能!!<br><center>
<br>
<img SRC=http://image.rakuten.co.jp/auc-automax/cabinet/imgrc0067382276.gif width=670 height=400><BR>
<br>
<img SRC=http://image.rakuten.co.jp/auc-automax/cabinet/img60333004.gif width=670 height=120><BR>
<br>

<br></center>",純正トリム張替えシート(小) ベージュ●内装 張替用メッシュ生地 糊付き65cm&times;50cm 肌色ウレタン スポンジ付きスポーツニット曲面対応/カッティング可内装/肘掛け/ドア内張り/天井/張替え修理/補修/レストア/リペア検:レカロ/バケッド：AUTOMAX izumi,カッティングシートモニタースタンドアルカンターラ調スエード生地シート汎用パーツ自動車アクセサリーメッキモール送料無料ステッカーカー用品バイク用品ドレスアップラグジュアリー内装外装カット済みカーフィルム大阪通販激安格安施工純正トリム張替えシート(小) ベージュ●内装 張替用メッシュ生地 糊付き65cm&times;50cm 肌色ウレタン スポンジ付きスポーツニット曲面対応/カッティング可内装/肘掛け/ドア内張り/天井/張替え修理/補修/レストア/リペア検:レカロ/バケッド,この商品は送料 全国一律600円 です(北海道/沖縄除く)同梱可能。。純正トリム張替えシート(小) ベージュ●内装 張替用メッシュ生地 糊付き65cm&times;50cm 肌色ウレタン スポンジ付きスポーツニット曲面対応/カッティング可内装/肘掛け/ドア内張り/天井/張替え修理/補修/レストア/リペア検:レカロ/バケッド
1-27909,http://tshop.r10s.jp/auc-automax/cabinet/02420218/trim-recovery-sheet/img65939883.gif?fitin=700:700,1538.4000,,日用品雑貨・文房具・手芸 > 手芸・クラフト・生地 > 生地・布,純正トリム張替えシート(小) 黒●内装 張替用メッシュ生地 糊付き65cm×50cm ブラックウレタン スポンジ付きスポーツニット曲面対応/カッティング可内装/肘掛け/ドア内張り/天井/張替え修理/補修/レストア/リペア検:レカロ,この商品は送料 全国一律600円 です(北海道/沖縄除く)同梱可能。,"内装を蘇らせる純正トリム張替えシート登場!!<br>
<br>
欧州車によく見られる天井の垂れ下がりや、肘掛け、シート等の<br>
経年劣化による破れや汚れ、穴あき、引っかき傷などをお手軽!簡単に<BR>
純正同等に蘇らせる<BR><b><font color=""#cc0000"" size=""4"">ウレタンクッション付きのメッシュシート<BR>その名も　トリムリカバリーシート　です!!</font></b><br>
<br>
レカロシート、ブリッド等バケットシートの張替えや天井張替、ドア内張り、<BR>
内装の様々な加工・修復に使用出来、裏面には糊が付いておりますので<BR>
スプレー糊を使用したせいで張替え用の生地に糊(ボンド)が染み込み、<BR>
見える部分がまだらになってしまったといったお悩みも簡単に解決!<BR>
<br>
<br>
伸縮性・弾力性に非常に富み、3D曲面にも当然対応しております。<br>
また段差のある接地面やザラザラ面、木材の切断面、お部屋の壁のパネルと<BR>
パネルの間など、凹凸のある箇所に使用しても施工後 表面がガタガタせず<BR>
綺麗な見栄えで仕上がる張り易さ抜群のカッティング可能なシートです。<br>
※当商品はハイクオリティの韓国製です。 <br>
安価な中国製のものとは全く違います。 <br>
<br>
<BR>

<br>
<br>
【カラー】<br>
商品名（商品タイトル）記載のカラーです。<br>
※全3種類ございます。<br>
ブラック(黒色) / ベージュ(肌色) / グレー(灰) <br>
<br>
【サイズ】 <br>
商品名（商品タイトル）記載のサイズです。<br>
※全３種類ございます（幅の変更は出来ません）<br>
・Ａ４サイズ　→　幅30cm×20cm <br>
・小　　　　　→　幅65cm×50cm<br>
・大　　　　　→　幅135cm×100cm<br>
<br>
※大サイズに関しまして<br>
100cm以上をご希望の方は希望の長さ(ｍ)分ご購入下さい。<br>
一度に10m以上ご購入に関しましては送料・代引き手数料<br>
当社が負担させて頂きます。<br>
10mまでであれば1ｍ毎に延長可能。10mを超える場合10ｍ毎にカット致します。<br>
延長をご希望の場合は、希望の長さ（m）分ご購入下さい。<br>
長さ5ｍ以上をご希望の方は在庫の有無をお電話にて<br>
ご確認下さいますようお願い申し上げます。<br>
<br>
当商品と同様のウレタンスポンジクッションの付いたアルカンターラ調のスエード<br>
生地シート（クッション付きスエードシート）も販売しております。<br>
<br>クッション付きスエードシートの購入はコチラ<br><br>
<br>
ステッカー感覚でルーフ、トランクルーム、インパネ、オーディオ<BR>
コンソール等はもちろん、自動車の内装のみならず、お部屋の<BR>
インテリアファブリックやウォールステッカー、壁紙としても！<br>
<br>
<br>
<br><font color=""#cc0000"" size=""3"">※色/伸び/質感に関する質問が多々御座いますがモニター環境に<br>
よって色味が異なったり、感じ方に個人差がございますので<br>
不安な方は1円出品しておりますサンプルセットをご購入の上、<br>
商品をご購入下さいますようお願い申し上げます。<br>
購入後の上記理由での返品はお受けできません。</font><br><br>
サンプルセット購入はコチラ<br><br>
<br>
【注意事項】<br>
※貼り付け・車検に関するご質問はお答え致しかねます。<br>
※取り付け前に必ず商品確認を行ってください。<br>
切断・加工後の返品交換は一切お受け致しかねます。<br>
※1枚ずつ業務用切り売りでスタッフが丁寧にカットしておりますが<br>
一部に断面が歪んだり欠けしまう場合が御座います。<br>
※切り損じを1cm程度(A4サイズは5mm程度)踏まえてお考え下さい。<br>
<br>
アウディ,アウディー,レンジローバー,外車,ニュー ビートル,ジェッタ<br>
フォルクスワーゲン,オペル ベクトラ,オリジナル, BMW,ゴルフ,クワトロ<br>シトロエン,プジョー,ユーロ車,プリウス等あらゆる車種に使用可能!!<br><center>
<br>
<img SRC=http://image.rakuten.co.jp/auc-automax/cabinet/imgrc0067382276.gif width=670 height=400><BR>
<br>
<img SRC=http://image.rakuten.co.jp/auc-automax/cabinet/img60333004.gif width=670 height=120><BR>
<br>

<br></center>",純正トリム張替えシート(小) 黒●内装 張替用メッシュ生地 糊付き65cm&times;50cm ブラックウレタン スポンジ付きスポーツニット曲面対応/カッティング可内装/肘掛け/ドア内張り/天井/張替え修理/補修/レストア/リペア検:レカロ：AUTOMAX izumi,カッティングシートモニタースタンドアルカンターラ調スエード生地シート汎用パーツ自動車アクセサリーメッキモール送料無料ステッカーカー用品バイク用品ドレスアップラグジュアリー内装外装カット済みカーフィルム大阪通販激安格安施工純正トリム張替えシート(小) 黒●内装 張替用メッシュ生地 糊付き65cm&times;50cm ブラックウレタン スポンジ付きスポーツニット曲面対応/カッティング可内装/肘掛け/ドア内張り/天井/張替え修理/補修/レストア/リペア検:レカロ,この商品は送料 全国一律600円 です(北海道/沖縄除く)同梱可能。。純正トリム張替えシート(小) 黒●内装 張替用メッシュ生地 糊付き65cm&times;50cm ブラックウレタン スポンジ付きスポーツニット曲面対応/カッティング可内装/肘掛け/ドア内張り/天井/張替え修理/補修/レストア/リペア検:レカロ
1-27910,http://tshop.r10s.jp/auc-automax/cabinet/02420218/trim-recovery-sheet/img65939885.gif?fitin=700:700,1538.4000,,日用品雑貨・文房具・手芸 > 手芸・クラフト・生地 > 生地・布,純正トリム張替えシート(小) 灰●内装 張替用メッシュ生地 糊付き65cm×50cm グレーウレタン スポンジ付きスポーツニット曲面対応/カッティング可内装/肘掛け/ドア内張り/天井/張替え修理/補修/レストア/リペア検:レカロ/バケッド,この商品は送料 全国一律600円 です(北海道/沖縄除く)同梱可能。,"内装を蘇らせる純正トリム張替えシート登場!!<br>
<br>
欧州車によく見られる天井の垂れ下がりや、肘掛け、シート等の<br>
経年劣化による破れや汚れ、穴あき、引っかき傷などをお手軽!簡単に<BR>
純正同等に蘇らせる<BR><b><font color=""#cc0000"" size=""4"">ウレタンクッション付きのメッシュシート<BR>その名も　トリムリカバリーシート　です!!</font></b><br>
<br>
レカロシート、ブリッド等バケットシートの張替えや天井張替、ドア内張り、<BR>
内装の様々な加工・修復に使用出来、裏面には糊が付いておりますので<BR>
スプレー糊を使用したせいで張替え用の生地に糊(ボンド)が染み込み、<BR>
見える部分がまだらになってしまったといったお悩みも簡単に解決!<BR>
<br>
<br>
伸縮性・弾力性に非常に富み、3D曲面にも当然対応しております。<br>
また段差のある接地面やザラザラ面、木材の切断面、お部屋の壁のパネルと<BR>
パネルの間など、凹凸のある箇所に使用しても施工後 表面がガタガタせず<BR>
綺麗な見栄えで仕上がる張り易さ抜群のカッティング可能なシートです。<br>
※当商品はハイクオリティの韓国製です。 <br>
安価な中国製のものとは全く違います。 <br>
<br>
<BR>

<br>
<br>
【カラー】<br>
商品名（商品タイトル）記載のカラーです。<br>
※全3種類ございます。<br>
ブラック(黒色) / ベージュ(肌色) / グレー(灰) <br>
<br>
【サイズ】 <br>
商品名（商品タイトル）記載のサイズです。<br>
※全３種類ございます（幅の変更は出来ません）<br>
・Ａ４サイズ　→　幅30cm×20cm <br>
・小　　　　　→　幅65cm×50cm<br>
・大　　　　　→　幅135cm×100cm<br>
<br>
※大サイズに関しまして<br>
100cm以上をご希望の方は希望の長さ(ｍ)分ご購入下さい。<br>
一度に10m以上ご購入に関しましては送料・代引き手数料<br>
当社が負担させて頂きます。<br>
10mまでであれば1ｍ毎に延長可能。10mを超える場合10ｍ毎にカット致します。<br>
延長をご希望の場合は、希望の長さ（m）分ご購入下さい。<br>
長さ5ｍ以上をご希望の方は在庫の有無をお電話にて<br>
ご確認下さいますようお願い申し上げます。<br>
<br>
当商品と同様のウレタンスポンジクッションの付いたアルカンターラ調のスエード<br>
生地シート（クッション付きスエードシート）も販売しております。<br>
<br>クッション付きスエードシートの購入はコチラ<br><br>
<br>
ステッカー感覚でルーフ、トランクルーム、インパネ、オーディオ<BR>
コンソール等はもちろん、自動車の内装のみならず、お部屋の<BR>
インテリアファブリックやウォールステッカー、壁紙としても！<br>
<br>
<br>
<br><font color=""#cc0000"" size=""3"">※色/伸び/質感に関する質問が多々御座いますがモニター環境に<br>
よって色味が異なったり、感じ方に個人差がございますので<br>
不安な方は1円出品しておりますサンプルセットをご購入の上、<br>
商品をご購入下さいますようお願い申し上げます。<br>
購入後の上記理由での返品はお受けできません。</font><br><br>
サンプルセット購入はコチラ<br><br>
<br>
【注意事項】<br>
※貼り付け・車検に関するご質問はお答え致しかねます。<br>
※取り付け前に必ず商品確認を行ってください。<br>
切断・加工後の返品交換は一切お受け致しかねます。<br>
※1枚ずつ業務用切り売りでスタッフが丁寧にカットしておりますが<br>
一部に断面が歪んだり欠けしまう場合が御座います。<br>
※切り損じを1cm程度(A4サイズは5mm程度)踏まえてお考え下さい。<br>
<br>
アウディ,アウディー,レンジローバー,外車,ニュー ビートル,ジェッタ<br>
フォルクスワーゲン,オペル ベクトラ,オリジナル, BMW,ゴルフ,クワトロ<br>シトロエン,プジョー,ユーロ車,プリウス等あらゆる車種に使用可能!!<br><center>
<br>
<img SRC=http://image.rakuten.co.jp/auc-automax/cabinet/imgrc0067382276.gif width=670 height=400><BR>
<br>
<img SRC=http://image.rakuten.co.jp/auc-automax/cabinet/img60333004.gif width=670 height=120><BR>
<br>

<br></center>",純正トリム張替えシート(小) 灰●内装 張替用メッシュ生地 糊付き65cm&times;50cm グレーウレタン スポンジ付きスポーツニット曲面対応/カッティング可内装/肘掛け/ドア内張り/天井/張替え修理/補修/レストア/リペア検:レカロ/バケッド：AUTOMAX izumi,カッティングシートモニタースタンドアルカンターラ調スエード生地シート汎用パーツ自動車アクセサリーメッキモール送料無料ステッカーカー用品バイク用品ドレスアップラグジュアリー内装外装カット済みカーフィルム大阪通販激安格安施工純正トリム張替えシート(小) 灰●内装 張替用メッシュ生地 糊付き65cm&times;50cm グレーウレタン スポンジ付きスポーツニット曲面対応/カッティング可内装/肘掛け/ドア内張り/天井/張替え修理/補修/レストア/リペア検:レカロ/バケッド,この商品は送料 全国一律600円 です(北海道/沖縄除く)同梱可能。。純正トリム張替えシート(小) 灰●内装 張替用メッシュ生地 糊付き65cm&times;50cm グレーウレタン スポンジ付きスポーツニット曲面対応/カッティング可内装/肘掛け/ドア内張り/天井/張替え修理/補修/レストア/リペア検:レカロ/バケッド
1-27911,http://tshop.r10s.jp/auc-automax/cabinet/02420218/trim-recovery-sheet/img65939885.gif?fitin=700:700,1538.4000,,日用品雑貨・文房具・手芸 > 手芸・クラフト・生地 > 生地・布,純正トリム張替えシート(小) 灰●内装 張替用メッシュ生地 糊付き65cm×50cm グレーウレタン スポンジ付きスポーツニット曲面対応/カッティング可内装/肘掛け/ドア内張り/天井/張替え修理/補修/レストア/リペア検:レカロ/バケッド,この商品は送料 全国一律600円 です(北海道/沖縄除く)同梱可能。,"内装を蘇らせる純正トリム張替えシート登場!!<br>
<br>
欧州車によく見られる天井の垂れ下がりや、肘掛け、シート等の<br>
経年劣化による破れや汚れ、穴あき、引っかき傷などをお手軽!簡単に<BR>
純正同等に蘇らせる<BR><b><font color=""#cc0000"" size=""4"">ウレタンクッション付きのメッシュシート<BR>その名も　トリムリカバリーシート　です!!</font></b><br>
<br>
レカロシート、ブリッド等バケットシートの張替えや天井張替、ドア内張り、<BR>
内装の様々な加工・修復に使用出来、裏面には糊が付いておりますので<BR>
スプレー糊を使用したせいで張替え用の生地に糊(ボンド)が染み込み、<BR>
見える部分がまだらになってしまったといったお悩みも簡単に解決!<BR>
<br>
<br>
伸縮性・弾力性に非常に富み、3D曲面にも当然対応しております。<br>
また段差のある接地面やザラザラ面、木材の切断面、お部屋の壁のパネルと<BR>
パネルの間など、凹凸のある箇所に使用しても施工後 表面がガタガタせず<BR>
綺麗な見栄えで仕上がる張り易さ抜群のカッティング可能なシートです。<br>
※当商品はハイクオリティの韓国製です。 <br>
安価な中国製のものとは全く違います。 <br>
<br>
<BR>

<br>
<br>
【カラー】<br>
商品名（商品タイトル）記載のカラーです。<br>
※全3種類ございます。<br>
ブラック(黒色) / ベージュ(肌色) / グレー(灰) <br>
<br>
【サイズ】 <br>
商品名（商品タイトル）記載のサイズです。<br>
※全３種類ございます（幅の変更は出来ません）<br>
・Ａ４サイズ　→　幅30cm×20cm <br>
・小　　　　　→　幅65cm×50cm<br>
・大　　　　　→　幅135cm×100cm<br>
<br>
※大サイズに関しまして<br>
100cm以上をご希望の方は希望の長さ(ｍ)分ご購入下さい。<br>
一度に10m以上ご購入に関しましては送料・代引き手数料<br>
当社が負担させて頂きます。<br>
10mまでであれば1ｍ毎に延長可能。10mを超える場合10ｍ毎にカット致します。<br>
延長をご希望の場合は、希望の長さ（m）分ご購入下さい。<br>
長さ5ｍ以上をご希望の方は在庫の有無をお電話にて<br>
ご確認下さいますようお願い申し上げます。<br>
<br>
当商品と同様のウレタンスポンジクッションの付いたアルカンターラ調のスエード<br>
生地シート（クッション付きスエードシート）も販売しております。<br>
<br>クッション付きスエードシートの購入はコチラ<br><br>
<br>
ステッカー感覚でルーフ、トランクルーム、インパネ、オーディオ<BR>
コンソール等はもちろん、自動車の内装のみならず、お部屋の<BR>
インテリアファブリックやウォールステッカー、壁紙としても！<br>
<br>
<br>
<br><font color=""#cc0000"" size=""3"">※色/伸び/質感に関する質問が多々御座いますがモニター環境に<br>
よって色味が異なったり、感じ方に個人差がございますので<br>
不安な方は1円出品しておりますサンプルセットをご購入の上、<br>
商品をご購入下さいますようお願い申し上げます。<br>
購入後の上記理由での返品はお受けできません。</font><br><br>
サンプルセット購入はコチラ<br><br>
<br>
【注意事項】<br>
※貼り付け・車検に関するご質問はお答え致しかねます。<br>
※取り付け前に必ず商品確認を行ってください。<br>
切断・加工後の返品交換は一切お受け致しかねます。<br>
※1枚ずつ業務用切り売りでスタッフが丁寧にカットしておりますが<br>
一部に断面が歪んだり欠けしまう場合が御座います。<br>
※切り損じを1cm程度(A4サイズは5mm程度)踏まえてお考え下さい。<br>
<br>
アウディ,アウディー,レンジローバー,外車,ニュー ビートル,ジェッタ<br>
フォルクスワーゲン,オペル ベクトラ,オリジナル, BMW,ゴルフ,クワトロ<br>シトロエン,プジョー,ユーロ車,プリウス等あらゆる車種に使用可能!!<br><center>
<br>
<img SRC=http://image.rakuten.co.jp/auc-automax/cabinet/imgrc0067382276.gif width=670 height=400><BR>
<br>
<img SRC=http://image.rakuten.co.jp/auc-automax/cabinet/img60333004.gif width=670 height=120><BR>
<br>

<br></center>",純正トリム張替えシート(小) 灰●内装 張替用メッシュ生地 糊付き65cm&times;50cm グレーウレタン スポンジ付きスポーツニット曲面対応/カッティング可内装/肘掛け/ドア内張り/天井/張替え修理/補修/レストア/リペア検:レカロ/バケッド：AUTOMAX izumi,カッティングシートモニタースタンドアルカンターラ調スエード生地シート汎用パーツ自動車アクセサリーメッキモール送料無料ステッカーカー用品バイク用品ドレスアップラグジュアリー内装外装カット済みカーフィルム大阪通販激安格安施工純正トリム張替えシート(小) 灰●内装 張替用メッシュ生地 糊付き65cm&times;50cm グレーウレタン スポンジ付きスポーツニット曲面対応/カッティング可内装/肘掛け/ドア内張り/天井/張替え修理/補修/レストア/リペア検:レカロ/バケッド,この商品は送料 全国一律600円 です(北海道/沖縄除く)同梱可能。。純正トリム張替えシート(小) 灰●内装 張替用メッシュ生地 糊付き65cm&times;50cm グレーウレタン スポンジ付きスポーツニット曲面対応/カッティング可内装/肘掛け/ドア内張り/天井/張替え修理/補修/レストア/リペア検:レカロ/バケッド
1-27912,http://tshop.r10s.jp/auc-automax/cabinet/02420218/trim-recovery-sheet/img65939881.gif?fitin=700:700,1538.4000,,日用品雑貨・文房具・手芸 > 手芸・クラフト・生地 > 生地・布,純正トリム張替えシート(小) ベージュ●内装 張替用メッシュ生地 糊付き65cm×50cm 肌色ウレタン スポンジ付きスポーツニット曲面対応/カッティング可内装/肘掛け/ドア内張り/天井/張替え修理/補修/レストア/リペア検:レカロ/バケッド,この商品は送料 全国一律600円 です(北海道/沖縄除く)同梱可能。,"内装を蘇らせる純正トリム張替えシート登場!!<br>
<br>
欧州車によく見られる天井の垂れ下がりや、肘掛け、シート等の<br>
経年劣化による破れや汚れ、穴あき、引っかき傷などをお手軽!簡単に<BR>
純正同等に蘇らせる<BR><b><font color=""#cc0000"" size=""4"">ウレタンクッション付きのメッシュシート<BR>その名も　トリムリカバリーシート　です!!</font></b><br>
<br>
レカロシート、ブリッド等バケットシートの張替えや天井張替、ドア内張り、<BR>
内装の様々な加工・修復に使用出来、裏面には糊が付いておりますので<BR>
スプレー糊を使用したせいで張替え用の生地に糊(ボンド)が染み込み、<BR>
見える部分がまだらになってしまったといったお悩みも簡単に解決!<BR>
<br>
<br>
伸縮性・弾力性に非常に富み、3D曲面にも当然対応しております。<br>
また段差のある接地面やザラザラ面、木材の切断面、お部屋の壁のパネルと<BR>
パネルの間など、凹凸のある箇所に使用しても施工後 表面がガタガタせず<BR>
綺麗な見栄えで仕上がる張り易さ抜群のカッティング可能なシートです。<br>
※当商品はハイクオリティの韓国製です。 <br>
安価な中国製のものとは全く違います。 <br>
<br>
<BR>

<br>
<br>
【カラー】<br>
商品名（商品タイトル）記載のカラーです。<br>
※全3種類ございます。<br>
ブラック(黒色) / ベージュ(肌色) / グレー(灰) <br>
<br>
【サイズ】 <br>
商品名（商品タイトル）記載のサイズです。<br>
※全３種類ございます（幅の変更は出来ません）<br>
・Ａ４サイズ　→　幅30cm×20cm <br>
・小　　　　　→　幅65cm×50cm<br>
・大　　　　　→　幅135cm×100cm<br>
<br>
※大サイズに関しまして<br>
100cm以上をご希望の方は希望の長さ(ｍ)分ご購入下さい。<br>
一度に10m以上ご購入に関しましては送料・代引き手数料<br>
当社が負担させて頂きます。<br>
10mまでであれば1ｍ毎に延長可能。10mを超える場合10ｍ毎にカット致します。<br>
延長をご希望の場合は、希望の長さ（m）分ご購入下さい。<br>
長さ5ｍ以上をご希望の方は在庫の有無をお電話にて<br>
ご確認下さいますようお願い申し上げます。<br>
<br>
当商品と同様のウレタンスポンジクッションの付いたアルカンターラ調のスエード<br>
生地シート（クッション付きスエードシート）も販売しております。<br>
<br>クッション付きスエードシートの購入はコチラ<br><br>
<br>
ステッカー感覚でルーフ、トランクルーム、インパネ、オーディオ<BR>
コンソール等はもちろん、自動車の内装のみならず、お部屋の<BR>
インテリアファブリックやウォールステッカー、壁紙としても！<br>
<br>
<br>
<br><font color=""#cc0000"" size=""3"">※色/伸び/質感に関する質問が多々御座いますがモニター環境に<br>
よって色味が異なったり、感じ方に個人差がございますので<br>
不安な方は1円出品しておりますサンプルセットをご購入の上、<br>
商品をご購入下さいますようお願い申し上げます。<br>
購入後の上記理由での返品はお受けできません。</font><br><br>
サンプルセット購入はコチラ<br><br>
<br>
【注意事項】<br>
※貼り付け・車検に関するご質問はお答え致しかねます。<br>
※取り付け前に必ず商品確認を行ってください。<br>
切断・加工後の返品交換は一切お受け致しかねます。<br>
※1枚ずつ業務用切り売りでスタッフが丁寧にカットしておりますが<br>
一部に断面が歪んだり欠けしまう場合が御座います。<br>
※切り損じを1cm程度(A4サイズは5mm程度)踏まえてお考え下さい。<br>
<br>
アウディ,アウディー,レンジローバー,外車,ニュー ビートル,ジェッタ<br>
フォルクスワーゲン,オペル ベクトラ,オリジナル, BMW,ゴルフ,クワトロ<br>シトロエン,プジョー,ユーロ車,プリウス等あらゆる車種に使用可能!!<br><center>
<br>
<img SRC=http://image.rakuten.co.jp/auc-automax/cabinet/imgrc0067382276.gif width=670 height=400><BR>
<br>
<img SRC=http://image.rakuten.co.jp/auc-automax/cabinet/img60333004.gif width=670 height=120><BR>
<br>

<br></center>",純正トリム張替えシート(小) ベージュ●内装 張替用メッシュ生地 糊付き65cm&times;50cm 肌色ウレタン スポンジ付きスポーツニット曲面対応/カッティング可内装/肘掛け/ドア内張り/天井/張替え修理/補修/レストア/リペア検:レカロ/バケッド：AUTOMAX izumi,カッティングシートモニタースタンドアルカンターラ調スエード生地シート汎用パーツ自動車アクセサリーメッキモール送料無料ステッカーカー用品バイク用品ドレスアップラグジュアリー内装外装カット済みカーフィルム大阪通販激安格安施工純正トリム張替えシート(小) ベージュ●内装 張替用メッシュ生地 糊付き65cm&times;50cm 肌色ウレタン スポンジ付きスポーツニット曲面対応/カッティング可内装/肘掛け/ドア内張り/天井/張替え修理/補修/レストア/リペア検:レカロ/バケッド,この商品は送料 全国一律600円 です(北海道/沖縄除く)同梱可能。。純正トリム張替えシート(小) ベージュ●内装 張替用メッシュ生地 糊付き65cm&times;50cm 肌色ウレタン スポンジ付きスポーツニット曲面対応/カッティング可内装/肘掛け/ドア内張り/天井/張替え修理/補修/レストア/リペア検:レカロ/バケッド
1-27913,http://tshop.r10s.jp/auc-automax/cabinet/02420218/trim-recovery-sheet/img65939885.gif?fitin=700:700,1538.4000,,日用品雑貨・文房具・手芸 > 手芸・クラフト・生地 > 生地・布,純正トリム張替えシート(小) 灰●内装 張替用メッシュ生地 糊付き65cm×50cm グレーウレタン スポンジ付きスポーツニット曲面対応/カッティング可内装/肘掛け/ドア内張り/天井/張替え修理/補修/レストア/リペア検:レカロ/バケッド,この商品は送料 全国一律600円 です(北海道/沖縄除く)同梱可能。,"内装を蘇らせる純正トリム張替えシート登場!!<br>
<br>
欧州車によく見られる天井の垂れ下がりや、肘掛け、シート等の<br>
経年劣化による破れや汚れ、穴あき、引っかき傷などをお手軽!簡単に<BR>
純正同等に蘇らせる<BR><b><font color=""#cc0000"" size=""4"">ウレタンクッション付きのメッシュシート<BR>その名も　トリムリカバリーシート　です!!</font></b><br>
<br>
レカロシート、ブリッド等バケットシートの張替えや天井張替、ドア内張り、<BR>
内装の様々な加工・修復に使用出来、裏面には糊が付いておりますので<BR>
スプレー糊を使用したせいで張替え用の生地に糊(ボンド)が染み込み、<BR>
見える部分がまだらになってしまったといったお悩みも簡単に解決!<BR>
<br>
<br>
伸縮性・弾力性に非常に富み、3D曲面にも当然対応しております。<br>
また段差のある接地面やザラザラ面、木材の切断面、お部屋の壁のパネルと<BR>
パネルの間など、凹凸のある箇所に使用しても施工後 表面がガタガタせず<BR>
綺麗な見栄えで仕上がる張り易さ抜群のカッティング可能なシートです。<br>
※当商品はハイクオリティの韓国製です。 <br>
安価な中国製のものとは全く違います。 <br>
<br>
<BR>

<br>
<br>
【カラー】<br>
商品名（商品タイトル）記載のカラーです。<br>
※全3種類ございます。<br>
ブラック(黒色) / ベージュ(肌色) / グレー(灰) <br>
<br>
【サイズ】 <br>
商品名（商品タイトル）記載のサイズです。<br>
※全３種類ございます（幅の変更は出来ません）<br>
・Ａ４サイズ　→　幅30cm×20cm <br>
・小　　　　　→　幅65cm×50cm<br>
・大　　　　　→　幅135cm×100cm<br>
<br>
※大サイズに関しまして<br>
100cm以上をご希望の方は希望の長さ(ｍ)分ご購入下さい。<br>
一度に10m以上ご購入に関しましては送料・代引き手数料<br>
当社が負担させて頂きます。<br>
10mまでであれば1ｍ毎に延長可能。10mを超える場合10ｍ毎にカット致します。<br>
延長をご希望の場合は、希望の長さ（m）分ご購入下さい。<br>
長さ5ｍ以上をご希望の方は在庫の有無をお電話にて<br>
ご確認下さいますようお願い申し上げます。<br>
<br>
当商品と同様のウレタンスポンジクッションの付いたアルカンターラ調のスエード<br>
生地シート（クッション付きスエードシート）も販売しております。<br>
<br>クッション付きスエードシートの購入はコチラ<br><br>
<br>
ステッカー感覚でルーフ、トランクルーム、インパネ、オーディオ<BR>
コンソール等はもちろん、自動車の内装のみならず、お部屋の<BR>
インテリアファブリックやウォールステッカー、壁紙としても！<br>
<br>
<br>
<br><font color=""#cc0000"" size=""3"">※色/伸び/質感に関する質問が多々御座いますがモニター環境に<br>
よって色味が異なったり、感じ方に個人差がございますので<br>
不安な方は1円出品しておりますサンプルセットをご購入の上、<br>
商品をご購入下さいますようお願い申し上げます。<br>
購入後の上記理由での返品はお受けできません。</font><br><br>
サンプルセット購入はコチラ<br><br>
<br>
【注意事項】<br>
※貼り付け・車検に関するご質問はお答え致しかねます。<br>
※取り付け前に必ず商品確認を行ってください。<br>
切断・加工後の返品交換は一切お受け致しかねます。<br>
※1枚ずつ業務用切り売りでスタッフが丁寧にカットしておりますが<br>
一部に断面が歪んだり欠けしまう場合が御座います。<br>
※切り損じを1cm程度(A4サイズは5mm程度)踏まえてお考え下さい。<br>
<br>
アウディ,アウディー,レンジローバー,外車,ニュー ビートル,ジェッタ<br>
フォルクスワーゲン,オペル ベクトラ,オリジナル, BMW,ゴルフ,クワトロ<br>シトロエン,プジョー,ユーロ車,プリウス等あらゆる車種に使用可能!!<br><center>
<br>
<img SRC=http://image.rakuten.co.jp/auc-automax/cabinet/imgrc0067382276.gif width=670 height=400><BR>
<br>
<img SRC=http://image.rakuten.co.jp/auc-automax/cabinet/img60333004.gif width=670 height=120><BR>
<br>

<br></center>",純正トリム張替えシート(小) 灰●内装 張替用メッシュ生地 糊付き65cm&times;50cm グレーウレタン スポンジ付きスポーツニット曲面対応/カッティング可内装/肘掛け/ドア内張り/天井/張替え修理/補修/レストア/リペア検:レカロ/バケッド：AUTOMAX izumi,カッティングシートモニタースタンドアルカンターラ調スエード生地シート汎用パーツ自動車アクセサリーメッキモール送料無料ステッカーカー用品バイク用品ドレスアップラグジュアリー内装外装カット済みカーフィルム大阪通販激安格安施工純正トリム張替えシート(小) 灰●内装 張替用メッシュ生地 糊付き65cm&times;50cm グレーウレタン スポンジ付きスポーツニット曲面対応/カッティング可内装/肘掛け/ドア内張り/天井/張替え修理/補修/レストア/リペア検:レカロ/バケッド,この商品は送料 全国一律600円 です(北海道/沖縄除く)同梱可能。。純正トリム張替えシート(小) 灰●内装 張替用メッシュ生地 糊付き65cm&times;50cm グレーウレタン スポンジ付きスポーツニット曲面対応/カッティング可内装/肘掛け/ドア内張り/天井/張替え修理/補修/レストア/リペア検:レカロ/バケッド
1-27914,http://tshop.r10s.jp/auc-automax/cabinet/02420218/trim-recovery-sheet/img65939885.gif?fitin=700:700,1538.4000,,日用品雑貨・文房具・手芸 > 手芸・クラフト・生地 > 生地・布,純正トリム張替えシート(小) 灰●内装 張替用メッシュ生地 糊付き65cm×50cm グレーウレタン スポンジ付きスポーツニット曲面対応/カッティング可内装/肘掛け/ドア内張り/天井/張替え修理/補修/レストア/リペア検:レカロ/バケッド,この商品は送料 全国一律600円 です(北海道/沖縄除く)同梱可能。,"内装を蘇らせる純正トリム張替えシート登場!!<br>
<br>
欧州車によく見られる天井の垂れ下がりや、肘掛け、シート等の<br>
経年劣化による破れや汚れ、穴あき、引っかき傷などをお手軽!簡単に<BR>
純正同等に蘇らせる<BR><b><font color=""#cc0000"" size=""4"">ウレタンクッション付きのメッシュシート<BR>その名も　トリムリカバリーシート　です!!</font></b><br>
<br>
レカロシート、ブリッド等バケットシートの張替えや天井張替、ドア内張り、<BR>
内装の様々な加工・修復に使用出来、裏面には糊が付いておりますので<BR>
スプレー糊を使用したせいで張替え用の生地に糊(ボンド)が染み込み、<BR>
見える部分がまだらになってしまったといったお悩みも簡単に解決!<BR>
<br>
<br>
伸縮性・弾力性に非常に富み、3D曲面にも当然対応しております。<br>
また段差のある接地面やザラザラ面、木材の切断面、お部屋の壁のパネルと<BR>
パネルの間など、凹凸のある箇所に使用しても施工後 表面がガタガタせず<BR>
綺麗な見栄えで仕上がる張り易さ抜群のカッティング可能なシートです。<br>
※当商品はハイクオリティの韓国製です。 <br>
安価な中国製のものとは全く違います。 <br>
<br>
<BR>

<br>
<br>
【カラー】<br>
商品名（商品タイトル）記載のカラーです。<br>
※全3種類ございます。<br>
ブラック(黒色) / ベージュ(肌色) / グレー(灰) <br>
<br>
【サイズ】 <br>
商品名（商品タイトル）記載のサイズです。<br>
※全３種類ございます（幅の変更は出来ません）<br>
・Ａ４サイズ　→　幅30cm×20cm <br>
・小　　　　　→　幅65cm×50cm<br>
・大　　　　　→　幅135cm×100cm<br>
<br>
※大サイズに関しまして<br>
100cm以上をご希望の方は希望の長さ(ｍ)分ご購入下さい。<br>
一度に10m以上ご購入に関しましては送料・代引き手数料<br>
当社が負担させて頂きます。<br>
10mまでであれば1ｍ毎に延長可能。10mを超える場合10ｍ毎にカット致します。<br>
延長をご希望の場合は、希望の長さ（m）分ご購入下さい。<br>
長さ5ｍ以上をご希望の方は在庫の有無をお電話にて<br>
ご確認下さいますようお願い申し上げます。<br>
<br>
当商品と同様のウレタンスポンジクッションの付いたアルカンターラ調のスエード<br>
生地シート（クッション付きスエードシート）も販売しております。<br>
<br>クッション付きスエードシートの購入はコチラ<br><br>
<br>
ステッカー感覚でルーフ、トランクルーム、インパネ、オーディオ<BR>
コンソール等はもちろん、自動車の内装のみならず、お部屋の<BR>
インテリアファブリックやウォールステッカー、壁紙としても！<br>
<br>
<br>
<br><font color=""#cc0000"" size=""3"">※色/伸び/質感に関する質問が多々御座いますがモニター環境に<br>
よって色味が異なったり、感じ方に個人差がございますので<br>
不安な方は1円出品しておりますサンプルセットをご購入の上、<br>
商品をご購入下さいますようお願い申し上げます。<br>
購入後の上記理由での返品はお受けできません。</font><br><br>
サンプルセット購入はコチラ<br><br>
<br>
【注意事項】<br>
※貼り付け・車検に関するご質問はお答え致しかねます。<br>
※取り付け前に必ず商品確認を行ってください。<br>
切断・加工後の返品交換は一切お受け致しかねます。<br>
※1枚ずつ業務用切り売りでスタッフが丁寧にカットしておりますが<br>
一部に断面が歪んだり欠けしまう場合が御座います。<br>
※切り損じを1cm程度(A4サイズは5mm程度)踏まえてお考え下さい。<br>
<br>
アウディ,アウディー,レンジローバー,外車,ニュー ビートル,ジェッタ<br>
フォルクスワーゲン,オペル ベクトラ,オリジナル, BMW,ゴルフ,クワトロ<br>シトロエン,プジョー,ユーロ車,プリウス等あらゆる車種に使用可能!!<br><center>
<br>
<img SRC=http://image.rakuten.co.jp/auc-automax/cabinet/imgrc0067382276.gif width=670 height=400><BR>
<br>
<img SRC=http://image.rakuten.co.jp/auc-automax/cabinet/img60333004.gif width=670 height=120><BR>
<br>

<br></center>",純正トリム張替えシート(小) 灰●内装 張替用メッシュ生地 糊付き65cm&times;50cm グレーウレタン スポンジ付きスポーツニット曲面対応/カッティング可内装/肘掛け/ドア内張り/天井/張替え修理/補修/レストア/リペア検:レカロ/バケッド：AUTOMAX izumi,カッティングシートモニタースタンドアルカンターラ調スエード生地シート汎用パーツ自動車アクセサリーメッキモール送料無料ステッカーカー用品バイク用品ドレスアップラグジュアリー内装外装カット済みカーフィルム大阪通販激安格安施工純正トリム張替えシート(小) 灰●内装 張替用メッシュ生地 糊付き65cm&times;50cm グレーウレタン スポンジ付きスポーツニット曲面対応/カッティング可内装/肘掛け/ドア内張り/天井/張替え修理/補修/レストア/リペア検:レカロ/バケッド,この商品は送料 全国一律600円 です(北海道/沖縄除く)同梱可能。。純正トリム張替えシート(小) 灰●内装 張替用メッシュ生地 糊付き65cm&times;50cm グレーウレタン スポンジ付きスポーツニット曲面対応/カッティング可内装/肘掛け/ドア内張り/天井/張替え修理/補修/レストア/リペア検:レカロ/バケッド
1-27915,http://tshop.r10s.jp/auc-automax/cabinet/02420218/cushion-suede/img65664370.jpg?fitin=700:700,1538.4000,,日用品雑貨・文房具・手芸 > 手芸・クラフト・生地 > 生地・布,クッション付きスエードシート(小) 青●ウレタン スポンジ スエード生地 糊付き アルカンターラ調 65cm×50cmブルー カッティング可 起毛 粘着 曲面 革 レザー ヌバックインテリア ウォールクロス 天張り 天井 内装 ステッカー シール バックスキンルック,この商品は送料 全国一律600円 です(北海道/沖縄除く)同梱可能。,"光沢が抑えられた肌触りの良いアルカンターラ調シートに<br>
<font color=""#cc0000"" size=""5"">ウレタンスポンジを付けた新しいスエード生地シートです。</font><br>
<br>
非常に面倒な車の内張りの天井の張替え…<br>
当商品で一発解決です！<br>
当商品の裏面には糊が付いておりますので、スプレー糊を使用し、<br>
張替え用の生地に糊(ボンド)が染み込み、見える部分がまだらになって<br>
しまうといったお悩みも同時に解消してくれます。<br>
<br>
３Ｄ曲面対応！<br>
段差のある接地面やザラザラ面、木材の切断面、お部屋の壁のパネルと<br>
パネルの間など、凹凸のある箇所に使用しても施工後表面がガタガタせず<br>
非常に綺麗な見栄えで仕上がります。<br>
<br>
当商品は当店のスエード生地シートと同じ生地にウレタンスポンジの<br>
クッションが付属したものですので、併用が可能です。<br>
<br>
<br>
ステッカー感覚で施工を楽しんで下さい。<br>
ルーフ、トランクルーム、インパネ、オーディオコンソール、<br>
ドアの内張りなどに最適です。<br>
自動車内装だけでなく、お部屋のインテリアファブリックとして<br>
ウォールステッカーや、壁紙などとしてもお使い頂けます。<br>
<br>
※当商品はハイクオリティの韓国製です。 <br>
安価な中国製のものとは全く違います。 <br>
<br>
<br>
【カラー】<br>
商品名（商品タイトル）記載のカラーです。<br>
※全６種類ございます。<br>
ブラック(黒)/オレンジ(柿)/レッド(赤)/ベージュ(肌色)/ブルー(青)/グレー(灰) <br>
<br>
【サイズ】 <br>
商品名（商品タイトル）記載のサイズです。<br>
※全３種類ございます（幅の変更は出来ません）<br>
・Ａ４サイズ　→　幅30cm×20cm  <br>
・小　　　　　→　幅65cm×50cm<br>
・大　　　　　→　幅135cm×100cm<br>
※大サイズに関しまして<br>
100cm以上をご希望の方は希望の長さ(ｍ)分ご購入下さい。<BR>
一度に10m以上ご購入に関しましては送料・代引き手数料<BR>当社が負担させて頂きます。<BR>10mまでであれば1ｍ毎に延長可能。10mを超える場合10ｍ毎にカット致します。<br>
延長をご希望の場合は、希望の長さ（m）分ご購入下さい。<br>
長さ5ｍ以上をご希望の方は在庫の有無をお電話にて<br>
ご確認下さいますようお願い申し上げます。<br><br><br>
 <br>
<font color=""#cc0000"" size=""3"">※色/伸び/質感に関する質問が多々御座いますがモニター環境に<br>
よって色味が異なったり、感じ方に個人差がございますので<br>
不安な方は1円出品しておりますサンプルセットをご購入の<br>
上、商品をご購入下さいますようお願い申し上げます。<br>
購入後の上記理由での返品はお受けできません。</font><br>
<br>
【注意事項】<br>
※貼り付け・車検に関するご質問はお答え致しかねます。<br>
※取り付け前に必ず商品確認を行ってください。<br>
切断・加工後の返品交換は一切お受け致しかねます。<br>
※1枚ずつ業務用切り売りでスタッフが丁寧にカットしておりますが<br>
一部に断面が歪んだり欠けしまう場合が御座います。<br>
※念の為、切り損じを1cm程度(A4サイズは5mm程度)踏まえてお考え下さい。<br><center>
<br>
<img SRC=http://image.rakuten.co.jp/auc-automax/cabinet/imgrc0067382276.gif width=670 height=400><BR>
<br>
<img SRC=http://image.rakuten.co.jp/auc-automax/cabinet/img60333004.gif width=670 height=120><BR>
<br>

<br></center>",クッション付きスエードシート(小) 青●ウレタン スポンジ スエード生地 糊付き アルカンターラ調 65cm&times;50cmブルー カッティング可 起毛 粘着 曲面 革 レザー ヌバックインテリア ウォールクロス 天張り 天井 内装 ステッカー シール バックスキンルック：AUTOMAX izumi,カッティングシートモニタースタンドアルカンターラ調スエード生地シート汎用パーツ自動車アクセサリーメッキモール送料無料ステッカーカー用品バイク用品ドレスアップラグジュアリー内装外装カット済みカーフィルム大阪通販激安格安施工クッション付きスエードシート(小) 青●ウレタン スポンジ スエード生地 糊付き アルカンターラ調 65cm&times;50cmブルー カッティング可 起毛 粘着 曲面 革 レザー ヌバックインテリア ウォールクロス 天張り 天井 内装 ステッカー シール バックスキンルック,この商品は送料 全国一律600円 です(北海道/沖縄除く)同梱可能。。クッション付きスエードシート(小) 青●ウレタン スポンジ スエード生地 糊付き アルカンターラ調 65cm&times;50cmブルー カッティング可 起毛 粘着 曲面 革 レザー ヌバックインテリア ウォールクロス 天張り 天井 内装 ステッカー シール バックスキンルック
1-27916,http://tshop.r10s.jp/auc-automax/cabinet/02420218/cushion-suede/img65664368.jpg?fitin=700:700,1538.4000,,日用品雑貨・文房具・手芸 > 手芸・クラフト・生地 > 生地・布,クッション付きスエードシート(小) ベージュ●ウレタン スポンジ スエード生地 糊付き アルカンターラ調 65cm×50cm肌色 カッティング可 起毛 粘着 曲面 革 レザー ヌバックインテリア ウォールクロス 天張り 天井 内装 ステッカー シール バックスキン,この商品は送料 全国一律600円 です(北海道/沖縄除く)同梱可能。,"光沢が抑えられた肌触りの良いアルカンターラ調シートに<br>
<font color=""#cc0000"" size=""5"">ウレタンスポンジを付けた新しいスエード生地シートです。</font><br>
<br>
非常に面倒な車の内張りの天井の張替え…<br>
当商品で一発解決です！<br>
当商品の裏面には糊が付いておりますので、スプレー糊を使用し、<br>
張替え用の生地に糊(ボンド)が染み込み、見える部分がまだらになって<br>
しまうといったお悩みも同時に解消してくれます。<br>
<br>
３Ｄ曲面対応！<br>
段差のある接地面やザラザラ面、木材の切断面、お部屋の壁のパネルと<br>
パネルの間など、凹凸のある箇所に使用しても施工後表面がガタガタせず<br>
非常に綺麗な見栄えで仕上がります。<br>
<br>
当商品は当店のスエード生地シートと同じ生地にウレタンスポンジの<br>
クッションが付属したものですので、併用が可能です。<br>
<br>
<br>
ステッカー感覚で施工を楽しんで下さい。<br>
ルーフ、トランクルーム、インパネ、オーディオコンソール、<br>
ドアの内張りなどに最適です。<br>
自動車内装だけでなく、お部屋のインテリアファブリックとして<br>
ウォールステッカーや、壁紙などとしてもお使い頂けます。<br>
<br>
※当商品はハイクオリティの韓国製です。 <br>
安価な中国製のものとは全く違います。 <br>
<br>
<br>
【カラー】<br>
商品名（商品タイトル）記載のカラーです。<br>
※全６種類ございます。<br>
ブラック(黒)/オレンジ(柿)/レッド(赤)/ベージュ(肌色)/ブルー(青)/グレー(灰) <br>
<br>
【サイズ】 <br>
商品名（商品タイトル）記載のサイズです。<br>
※全３種類ございます（幅の変更は出来ません）<br>
・Ａ４サイズ　→　幅30cm×20cm  <br>
・小　　　　　→　幅65cm×50cm<br>
・大　　　　　→　幅135cm×100cm<br>
※大サイズに関しまして<br>
100cm以上をご希望の方は希望の長さ(ｍ)分ご購入下さい。<BR>
一度に10m以上ご購入に関しましては送料・代引き手数料<BR>当社が負担させて頂きます。<BR>10mまでであれば1ｍ毎に延長可能。10mを超える場合10ｍ毎にカット致します。<br>
延長をご希望の場合は、希望の長さ（m）分ご購入下さい。<br>
長さ5ｍ以上をご希望の方は在庫の有無をお電話にて<br>
ご確認下さいますようお願い申し上げます。<br><br><br>
 <br>
<font color=""#cc0000"" size=""3"">※色/伸び/質感に関する質問が多々御座いますがモニター環境に<br>
よって色味が異なったり、感じ方に個人差がございますので<br>
不安な方は1円出品しておりますサンプルセットをご購入の<br>
上、商品をご購入下さいますようお願い申し上げます。<br>
購入後の上記理由での返品はお受けできません。</font><br>
<br>
【注意事項】<br>
※貼り付け・車検に関するご質問はお答え致しかねます。<br>
※取り付け前に必ず商品確認を行ってください。<br>
切断・加工後の返品交換は一切お受け致しかねます。<br>
※1枚ずつ業務用切り売りでスタッフが丁寧にカットしておりますが<br>
一部に断面が歪んだり欠けしまう場合が御座います。<br>
※念の為、切り損じを1cm程度(A4サイズは5mm程度)踏まえてお考え下さい。<br><center>
<br>
<img SRC=http://image.rakuten.co.jp/auc-automax/cabinet/imgrc0067382276.gif width=670 height=400><BR>
<br>
<img SRC=http://image.rakuten.co.jp/auc-automax/cabinet/img60333004.gif width=670 height=120><BR>
<br>

<br></center>",クッション付きスエードシート(小) ベージュ●ウレタン スポンジ スエード生地 糊付き アルカンターラ調 65cm&times;50cm肌色 カッティング可 起毛 粘着 曲面 革 レザー ヌバックインテリア ウォールクロス 天張り 天井 内装 ステッカー シール バックスキン：AUTOMAX izumi,カッティングシートモニタースタンドアルカンターラ調スエード生地シート汎用パーツ自動車アクセサリーメッキモール送料無料ステッカーカー用品バイク用品ドレスアップラグジュアリー内装外装カット済みカーフィルム大阪通販激安格安施工クッション付きスエードシート(小) ベージュ●ウレタン スポンジ スエード生地 糊付き アルカンターラ調 65cm&times;50cm肌色 カッティング可 起毛 粘着 曲面 革 レザー ヌバックインテリア ウォールクロス 天張り 天井 内装 ステッカー シール バックスキン,この商品は送料 全国一律600円 です(北海道/沖縄除く)同梱可能。。クッション付きスエードシート(小) ベージュ●ウレタン スポンジ スエード生地 糊付き アルカンターラ調 65cm&times;50cm肌色 カッティング可 起毛 粘着 曲面 革 レザー ヌバックインテリア ウォールクロス 天張り 天井 内装 ステッカー シール バックスキン
1-27917,http://tshop.r10s.jp/auc-automax/cabinet/02420218/cushion-suede/img65664372.jpg?fitin=700:700,1538.4000,,日用品雑貨・文房具・手芸 > 手芸・クラフト・生地 > 生地・布,クッション付きスエードシート(小) 灰●ウレタン スポンジ スエード生地 糊付き アルカンターラ調 65cm×50cmグレー カッティング可 起毛 粘着 曲面 革 レザー ヌバックインテリア ウォールクロス 天張り 天井 内装 ステッカー シール バックスキンルック,この商品は送料 全国一律600円 です(北海道/沖縄除く)同梱可能。,"光沢が抑えられた肌触りの良いアルカンターラ調シートに<br>
<font color=""#cc0000"" size=""5"">ウレタンスポンジを付けた新しいスエード生地シートです。</font><br>
<br>
非常に面倒な車の内張りの天井の張替え…<br>
当商品で一発解決です！<br>
当商品の裏面には糊が付いておりますので、スプレー糊を使用し、<br>
張替え用の生地に糊(ボンド)が染み込み、見える部分がまだらになって<br>
しまうといったお悩みも同時に解消してくれます。<br>
<br>
３Ｄ曲面対応！<br>
段差のある接地面やザラザラ面、木材の切断面、お部屋の壁のパネルと<br>
パネルの間など、凹凸のある箇所に使用しても施工後表面がガタガタせず<br>
非常に綺麗な見栄えで仕上がります。<br>
<br>
当商品は当店のスエード生地シートと同じ生地にウレタンスポンジの<br>
クッションが付属したものですので、併用が可能です。<br>
<br>
<br>
ステッカー感覚で施工を楽しんで下さい。<br>
ルーフ、トランクルーム、インパネ、オーディオコンソール、<br>
ドアの内張りなどに最適です。<br>
自動車内装だけでなく、お部屋のインテリアファブリックとして<br>
ウォールステッカーや、壁紙などとしてもお使い頂けます。<br>
<br>
※当商品はハイクオリティの韓国製です。 <br>
安価な中国製のものとは全く違います。 <br>
<br>
<br>
【カラー】<br>
商品名（商品タイトル）記載のカラーです。<br>
※全６種類ございます。<br>
ブラック(黒)/オレンジ(柿)/レッド(赤)/ベージュ(肌色)/ブルー(青)/グレー(灰) <br>
<br>
【サイズ】 <br>
商品名（商品タイトル）記載のサイズです。<br>
※全３種類ございます（幅の変更は出来ません）<br>
・Ａ４サイズ　→　幅30cm×20cm  <br>
・小　　　　　→　幅65cm×50cm<br>
・大　　　　　→　幅135cm×100cm<br>
※大サイズに関しまして<br>
100cm以上をご希望の方は希望の長さ(ｍ)分ご購入下さい。<BR>
一度に10m以上ご購入に関しましては送料・代引き手数料<BR>当社が負担させて頂きます。<BR>10mまでであれば1ｍ毎に延長可能。10mを超える場合10ｍ毎にカット致します。<br>
延長をご希望の場合は、希望の長さ（m）分ご購入下さい。<br>
長さ5ｍ以上をご希望の方は在庫の有無をお電話にて<br>
ご確認下さいますようお願い申し上げます。<br><br><br>
 <br>
<font color=""#cc0000"" size=""3"">※色/伸び/質感に関する質問が多々御座いますがモニター環境に<br>
よって色味が異なったり、感じ方に個人差がございますので<br>
不安な方は1円出品しておりますサンプルセットをご購入の<br>
上、商品をご購入下さいますようお願い申し上げます。<br>
購入後の上記理由での返品はお受けできません。</font><br>
<br>
【注意事項】<br>
※貼り付け・車検に関するご質問はお答え致しかねます。<br>
※取り付け前に必ず商品確認を行ってください。<br>
切断・加工後の返品交換は一切お受け致しかねます。<br>
※1枚ずつ業務用切り売りでスタッフが丁寧にカットしておりますが<br>
一部に断面が歪んだり欠けしまう場合が御座います。<br>
※念の為、切り損じを1cm程度(A4サイズは5mm程度)踏まえてお考え下さい。<br><center>
<br>
<img SRC=http://image.rakuten.co.jp/auc-automax/cabinet/imgrc0067382276.gif width=670 height=400><BR>
<br>
<img SRC=http://image.rakuten.co.jp/auc-automax/cabinet/img60333004.gif width=670 height=120><BR>
<br>

<br></center>",クッション付きスエードシート(小) 灰●ウレタン スポンジ スエード生地 糊付き アルカンターラ調 65cm&times;50cmグレー カッティング可 起毛 粘着 曲面 革 レザー ヌバックインテリア ウォールクロス 天張り 天井 内装 ステッカー シール バックスキンルック：AUTOMAX izumi,カッティングシートモニタースタンドアルカンターラ調スエード生地シート汎用パーツ自動車アクセサリーメッキモール送料無料ステッカーカー用品バイク用品ドレスアップラグジュアリー内装外装カット済みカーフィルム大阪通販激安格安施工クッション付きスエードシート(小) 灰●ウレタン スポンジ スエード生地 糊付き アルカンターラ調 65cm&times;50cmグレー カッティング可 起毛 粘着 曲面 革 レザー ヌバックインテリア ウォールクロス 天張り 天井 内装 ステッカー シール バックスキンルック,この商品は送料 全国一律600円 です(北海道/沖縄除く)同梱可能。。クッション付きスエードシート(小) 灰●ウレタン スポンジ スエード生地 糊付き アルカンターラ調 65cm&times;50cmグレー カッティング可 起毛 粘着 曲面 革 レザー ヌバックインテリア ウォールクロス 天張り 天井 内装 ステッカー シール バックスキンルック
1-27918,http://tshop.r10s.jp/auc-automax/cabinet/02420218/cushion-suede/img65664370.jpg?fitin=700:700,1538.4000,,日用品雑貨・文房具・手芸 > 手芸・クラフト・生地 > 生地・布,クッション付きスエードシート(小) 青●ウレタン スポンジ スエード生地 糊付き アルカンターラ調 65cm×50cmブルー カッティング可 起毛 粘着 曲面 革 レザー ヌバックインテリア ウォールクロス 天張り 天井 内装 ステッカー シール バックスキンルック,この商品は送料 全国一律600円 です(北海道/沖縄除く)同梱可能。,"光沢が抑えられた肌触りの良いアルカンターラ調シートに<br>
<font color=""#cc0000"" size=""5"">ウレタンスポンジを付けた新しいスエード生地シートです。</font><br>
<br>
非常に面倒な車の内張りの天井の張替え…<br>
当商品で一発解決です！<br>
当商品の裏面には糊が付いておりますので、スプレー糊を使用し、<br>
張替え用の生地に糊(ボンド)が染み込み、見える部分がまだらになって<br>
しまうといったお悩みも同時に解消してくれます。<br>
<br>
３Ｄ曲面対応！<br>
段差のある接地面やザラザラ面、木材の切断面、お部屋の壁のパネルと<br>
パネルの間など、凹凸のある箇所に使用しても施工後表面がガタガタせず<br>
非常に綺麗な見栄えで仕上がります。<br>
<br>
当商品は当店のスエード生地シートと同じ生地にウレタンスポンジの<br>
クッションが付属したものですので、併用が可能です。<br>
<br>
<br>
ステッカー感覚で施工を楽しんで下さい。<br>
ルーフ、トランクルーム、インパネ、オーディオコンソール、<br>
ドアの内張りなどに最適です。<br>
自動車内装だけでなく、お部屋のインテリアファブリックとして<br>
ウォールステッカーや、壁紙などとしてもお使い頂けます。<br>
<br>
※当商品はハイクオリティの韓国製です。 <br>
安価な中国製のものとは全く違います。 <br>
<br>
<br>
【カラー】<br>
商品名（商品タイトル）記載のカラーです。<br>
※全６種類ございます。<br>
ブラック(黒)/オレンジ(柿)/レッド(赤)/ベージュ(肌色)/ブルー(青)/グレー(灰) <br>
<br>
【サイズ】 <br>
商品名（商品タイトル）記載のサイズです。<br>
※全３種類ございます（幅の変更は出来ません）<br>
・Ａ４サイズ　→　幅30cm×20cm  <br>
・小　　　　　→　幅65cm×50cm<br>
・大　　　　　→　幅135cm×100cm<br>
※大サイズに関しまして<br>
100cm以上をご希望の方は希望の長さ(ｍ)分ご購入下さい。<BR>
一度に10m以上ご購入に関しましては送料・代引き手数料<BR>当社が負担させて頂きます。<BR>10mまでであれば1ｍ毎に延長可能。10mを超える場合10ｍ毎にカット致します。<br>
延長をご希望の場合は、希望の長さ（m）分ご購入下さい。<br>
長さ5ｍ以上をご希望の方は在庫の有無をお電話にて<br>
ご確認下さいますようお願い申し上げます。<br><br><br>
 <br>
<font color=""#cc0000"" size=""3"">※色/伸び/質感に関する質問が多々御座いますがモニター環境に<br>
よって色味が異なったり、感じ方に個人差がございますので<br>
不安な方は1円出品しておりますサンプルセットをご購入の<br>
上、商品をご購入下さいますようお願い申し上げます。<br>
購入後の上記理由での返品はお受けできません。</font><br>
<br>
【注意事項】<br>
※貼り付け・車検に関するご質問はお答え致しかねます。<br>
※取り付け前に必ず商品確認を行ってください。<br>
切断・加工後の返品交換は一切お受け致しかねます。<br>
※1枚ずつ業務用切り売りでスタッフが丁寧にカットしておりますが<br>
一部に断面が歪んだり欠けしまう場合が御座います。<br>
※念の為、切り損じを1cm程度(A4サイズは5mm程度)踏まえてお考え下さい。<br><center>
<br>
<img SRC=http://image.rakuten.co.jp/auc-automax/cabinet/imgrc0067382276.gif width=670 height=400><BR>
<br>
<img SRC=http://image.rakuten.co.jp/auc-automax/cabinet/img60333004.gif width=670 height=120><BR>
<br>

<br></center>",クッション付きスエードシート(小) 青●ウレタン スポンジ スエード生地 糊付き アルカンターラ調 65cm&times;50cmブルー カッティング可 起毛 粘着 曲面 革 レザー ヌバックインテリア ウォールクロス 天張り 天井 内装 ステッカー シール バックスキンルック：AUTOMAX izumi,カッティングシートモニタースタンドアルカンターラ調スエード生地シート汎用パーツ自動車アクセサリーメッキモール送料無料ステッカーカー用品バイク用品ドレスアップラグジュアリー内装外装カット済みカーフィルム大阪通販激安格安施工クッション付きスエードシート(小) 青●ウレタン スポンジ スエード生地 糊付き アルカンターラ調 65cm&times;50cmブルー カッティング可 起毛 粘着 曲面 革 レザー ヌバックインテリア ウォールクロス 天張り 天井 内装 ステッカー シール バックスキンルック,この商品は送料 全国一律600円 です(北海道/沖縄除く)同梱可能。。クッション付きスエードシート(小) 青●ウレタン スポンジ スエード生地 糊付き アルカンターラ調 65cm&times;50cmブルー カッティング可 起毛 粘着 曲面 革 レザー ヌバックインテリア ウォールクロス 天張り 天井 内装 ステッカー シール バックスキンルック
1-27919,http://tshop.r10s.jp/auc-automax/cabinet/02420218/cushion-suede/img65598340.jpg?fitin=700:700,1538.4000,,日用品雑貨・文房具・手芸 > 手芸・クラフト・生地 > 生地・布,クッション付きスエードシート(小) 黒●ウレタン スポンジ スエード生地 糊付 アルカンターラ調 65cm×50cmブラック カッティング可 起毛 粘着 曲面 革 レザー ヌバックインテリア ウォールクロス 天張り 天井 内装 ステッカー シール バックスキンルック,この商品は送料 全国一律600円 です(北海道/沖縄除く)同梱可能。,"光沢が抑えられた肌触りの良いアルカンターラ調シートに<br>
<font color=""#cc0000"" size=""5"">ウレタンスポンジを付けた新しいスエード生地シートです。</font><br>
<br>
非常に面倒な車の内張りの天井の張替え…<br>
当商品で一発解決です！<br>
当商品の裏面には糊が付いておりますので、スプレー糊を使用し、<br>
張替え用の生地に糊(ボンド)が染み込み、見える部分がまだらになって<br>
しまうといったお悩みも同時に解消してくれます。<br>
<br>
３Ｄ曲面対応！<br>
段差のある接地面やザラザラ面、木材の切断面、お部屋の壁のパネルと<br>
パネルの間など、凹凸のある箇所に使用しても施工後表面がガタガタせず<br>
非常に綺麗な見栄えで仕上がります。<br>
<br>
当商品は当店のスエード生地シートと同じ生地にウレタンスポンジの<br>
クッションが付属したものですので、併用が可能です。<br>
<br>
<br>
ステッカー感覚で施工を楽しんで下さい。<br>
ルーフ、トランクルーム、インパネ、オーディオコンソール、<br>
ドアの内張りなどに最適です。<br>
自動車内装だけでなく、お部屋のインテリアファブリックとして<br>
ウォールステッカーや、壁紙などとしてもお使い頂けます。<br>
<br>
※当商品はハイクオリティの韓国製です。 <br>
安価な中国製のものとは全く違います。 <br>
<br>
<br>
【カラー】<br>
商品名（商品タイトル）記載のカラーです。<br>
※全６種類ございます。<br>
ブラック(黒)/オレンジ(柿)/レッド(赤)/ベージュ(肌色)/ブルー(青)/グレー(灰) <br>
<br>
【サイズ】 <br>
商品名（商品タイトル）記載のサイズです。<br>
※全３種類ございます（幅の変更は出来ません）<br>
・Ａ４サイズ　→　幅30cm×20cm  <br>
・小　　　　　→　幅65cm×50cm<br>
・大　　　　　→　幅135cm×100cm<br>
※大サイズに関しまして<br>
100cm以上をご希望の方は希望の長さ(ｍ)分ご購入下さい。<BR>
一度に10m以上ご購入に関しましては送料・代引き手数料<BR>当社が負担させて頂きます。<BR>10mまでであれば1ｍ毎に延長可能。10mを超える場合10ｍ毎にカット致します。<br>
延長をご希望の場合は、希望の長さ（m）分ご購入下さい。<br>
長さ5ｍ以上をご希望の方は在庫の有無をお電話にて<br>
ご確認下さいますようお願い申し上げます。<br><br><br>
 <br>
<font color=""#cc0000"" size=""3"">※色/伸び/質感に関する質問が多々御座いますがモニター環境に<br>
よって色味が異なったり、感じ方に個人差がございますので<br>
不安な方は1円出品しておりますサンプルセットをご購入の<br>
上、商品をご購入下さいますようお願い申し上げます。<br>
購入後の上記理由での返品はお受けできません。</font><br>
<br>
【注意事項】<br>
※貼り付け・車検に関するご質問はお答え致しかねます。<br>
※取り付け前に必ず商品確認を行ってください。<br>
切断・加工後の返品交換は一切お受け致しかねます。<br>
※1枚ずつ業務用切り売りでスタッフが丁寧にカットしておりますが<br>
一部に断面が歪んだり欠けしまう場合が御座います。<br>
※念の為、切り損じを1cm程度(A4サイズは5mm程度)踏まえてお考え下さい。<br><center>
<br>
<img SRC=http://image.rakuten.co.jp/auc-automax/cabinet/imgrc0067382276.gif width=670 height=400><BR>
<br>
<img SRC=http://image.rakuten.co.jp/auc-automax/cabinet/img60333004.gif width=670 height=120><BR>
<br>

<br></center>",クッション付きスエードシート(小) 黒●ウレタン スポンジ スエード生地 糊付 アルカンターラ調 65cm&times;50cmブラック カッティング可 起毛 粘着 曲面 革 レザー ヌバックインテリア ウォールクロス 天張り 天井 内装 ステッカー シール バックスキンルック：AUTOMAX izumi,カッティングシートモニタースタンドアルカンターラ調スエード生地シート汎用パーツ自動車アクセサリーメッキモール送料無料ステッカーカー用品バイク用品ドレスアップラグジュアリー内装外装カット済みカーフィルム大阪通販激安格安施工クッション付きスエードシート(小) 黒●ウレタン スポンジ スエード生地 糊付 アルカンターラ調 65cm&times;50cmブラック カッティング可 起毛 粘着 曲面 革 レザー ヌバックインテリア ウォールクロス 天張り 天井 内装 ステッカー シール バックスキンルック,この商品は送料 全国一律600円 です(北海道/沖縄除く)同梱可能。。クッション付きスエードシート(小) 黒●ウレタン スポンジ スエード生地 糊付 アルカンターラ調 65cm&times;50cmブラック カッティング可 起毛 粘着 曲面 革 レザー ヌバックインテリア ウォールクロス 天張り 天井 内装 ステッカー シール バックスキンルック
1-27920,http://tshop.r10s.jp/auc-automax/cabinet/02420218/trim-recovery-sheet/img65939880.gif?fitin=700:700,402.4000,,日用品雑貨・文房具・手芸 > 手芸・クラフト・生地 > 生地・布,純正トリム張替えシート(A4) 灰■【メール便 送料無料】内装 張替用メッシュ生地 糊付き30cm×20cm グレーウレタン スポンジ付きスポーツニット曲面/カッティング可天井/クッション修理/補修/レストア/リペア【RCP】,メール便送料無料。代引の場合は宅急便送料に変更し発送致します,"内装を蘇らせる純正トリム張替えシート登場!!<br>
<br>
欧州車によく見られる天井の垂れ下がりや、肘掛け、シート等の<br>
経年劣化による破れや汚れ、穴あき、引っかき傷などをお手軽!簡単に<BR>
純正同等に蘇らせる<BR><b><font color=""#cc0000"" size=""4"">ウレタンクッション付きのメッシュシート<BR>その名も　トリムリカバリーシート　です!!</font></b><br>
<br>
レカロシート、ブリッド等バケットシートの張替えや天井張替、ドア内張り、<BR>
内装の様々な加工・修復に使用出来、裏面には糊が付いておりますので<BR>
スプレー糊を使用したせいで張替え用の生地に糊(ボンド)が染み込み、<BR>
見える部分がまだらになってしまったといったお悩みも簡単に解決!<BR>
<br>
<br>
伸縮性・弾力性に非常に富み、3D曲面にも当然対応しております。<br>
また段差のある接地面やザラザラ面、木材の切断面、お部屋の壁のパネルと<BR>
パネルの間など、凹凸のある箇所に使用しても施工後 表面がガタガタせず<BR>
綺麗な見栄えで仕上がる張り易さ抜群のカッティング可能なシートです。<br>
※当商品はハイクオリティの韓国製です。 <br>
安価な中国製のものとは全く違います。 <br>
<br>
<BR>

<br>
<br>
【カラー】<br>
商品名（商品タイトル）記載のカラーです。<br>
※全3種類ございます。<br>
ブラック(黒色) / ベージュ(肌色) / グレー(灰) <br>
<br>
【サイズ】 <br>
商品名（商品タイトル）記載のサイズです。<br>
※全３種類ございます（幅の変更は出来ません）<br>
・Ａ４サイズ　→　幅30cm×20cm <br>
・小　　　　　→　幅65cm×50cm<br>
・大　　　　　→　幅135cm×100cm<br>
<br>
※大サイズに関しまして<br>
100cm以上をご希望の方は希望の長さ(ｍ)分ご購入下さい。<br>
一度に10m以上ご購入に関しましては送料・代引き手数料<br>
当社が負担させて頂きます。<br>
10mまでであれば1ｍ毎に延長可能。10mを超える場合10ｍ毎にカット致します。<br>
延長をご希望の場合は、希望の長さ（m）分ご購入下さい。<br>
長さ5ｍ以上をご希望の方は在庫の有無をお電話にて<br>
ご確認下さいますようお願い申し上げます。<br>
<br>
当商品と同様のウレタンスポンジクッションの付いたアルカンターラ調のスエード<br>
生地シート（クッション付きスエードシート）も販売しております。<br>
<br>クッション付きスエードシートの購入はコチラ<br><br>
<br>
ステッカー感覚でルーフ、トランクルーム、インパネ、オーディオ<BR>
コンソール等はもちろん、自動車の内装のみならず、お部屋の<BR>
インテリアファブリックやウォールステッカー、壁紙としても！<br>
<br>
<br>
<br><font color=""#cc0000"" size=""3"">※色/伸び/質感に関する質問が多々御座いますがモニター環境に<br>
よって色味が異なったり、感じ方に個人差がございますので<br>
不安な方は1円出品しておりますサンプルセットをご購入の上、<br>
商品をご購入下さいますようお願い申し上げます。<br>
購入後の上記理由での返品はお受けできません。</font><br><br>
サンプルセット購入はコチラ<br><br>
<br>
【注意事項】<br>
※貼り付け・車検に関するご質問はお答え致しかねます。<br>
※取り付け前に必ず商品確認を行ってください。<br>
切断・加工後の返品交換は一切お受け致しかねます。<br>
※1枚ずつ業務用切り売りでスタッフが丁寧にカットしておりますが<br>
一部に断面が歪んだり欠けしまう場合が御座います。<br>
※切り損じを1cm程度(A4サイズは5mm程度)踏まえてお考え下さい。<br>
<br>
アウディ,アウディー,レンジローバー,外車,ニュー ビートル,ジェッタ<br>
フォルクスワーゲン,オペル ベクトラ,オリジナル, BMW,ゴルフ,クワトロ<br>シトロエン,プジョー,ユーロ車,プリウス等あらゆる車種に使用可能!!<br><center>
<br>
<img SRC=http://image.rakuten.co.jp/auc-automax/cabinet/imgrc0067382276.gif width=670 height=400><BR>
<br>
<img SRC=http://image.rakuten.co.jp/auc-automax/cabinet/img60333004.gif width=670 height=120><BR>
<br>

<br></center>",純正トリム張替えシート(A4) 灰■【メール便 送料無料】内装 張替用メッシュ生地 糊付き30cm&times;20cm グレーウレタン スポンジ付きスポーツニット曲面/カッティング可天井/クッション修理/補修/レストア/リペア【RCP】：AUTOMAX izumi,カッティングシートモニタースタンドアルカンターラ調スエード生地シート汎用パーツ自動車アクセサリーメッキモール送料無料ステッカーカー用品バイク用品ドレスアップラグジュアリー内装外装カット済みカーフィルム大阪通販激安格安施工純正トリム張替えシート(A4) 灰■【メール便 送料無料】内装 張替用メッシュ生地 糊付き30cm&times;20cm グレーウレタン スポンジ付きスポーツニット曲面/カッティング可天井/クッション修理/補修/レストア/リペア【RCP】,メール便送料無料。代引の場合は宅急便送料に変更し発送致します。純正トリム張替えシート(A4) 灰■【メール便 送料無料】内装 張替用メッシュ生地 糊付き30cm&times;20cm グレーウレタン スポンジ付きスポーツニット曲面/カッティング可天井/クッション修理/補修/レストア/リペア【RCP】
1-27921,http://tshop.r10s.jp/auc-automax/cabinet/02420218/cushion-suede/img65664376.jpg?fitin=700:700,1538.4000,,日用品雑貨・文房具・手芸 > 手芸・クラフト・生地 > 生地・布,クッション付きスエードシート(小) 赤●ウレタン スポンジ スエード生地 糊付き アルカンターラ調 65cm×50cmレッド カッティング可 起毛 粘着 曲面 革 レザー ヌバックインテリア ウォールクロス 天張り 天井 内装 ステッカー シール バックスキンルック,この商品は送料 全国一律600円 です(北海道/沖縄除く)同梱可能。,"光沢が抑えられた肌触りの良いアルカンターラ調シートに<br>
<font color=""#cc0000"" size=""5"">ウレタンスポンジを付けた新しいスエード生地シートです。</font><br>
<br>
非常に面倒な車の内張りの天井の張替え…<br>
当商品で一発解決です！<br>
当商品の裏面には糊が付いておりますので、スプレー糊を使用し、<br>
張替え用の生地に糊(ボンド)が染み込み、見える部分がまだらになって<br>
しまうといったお悩みも同時に解消してくれます。<br>
<br>
３Ｄ曲面対応！<br>
段差のある接地面やザラザラ面、木材の切断面、お部屋の壁のパネルと<br>
パネルの間など、凹凸のある箇所に使用しても施工後表面がガタガタせず<br>
非常に綺麗な見栄えで仕上がります。<br>
<br>
当商品は当店のスエード生地シートと同じ生地にウレタンスポンジの<br>
クッションが付属したものですので、併用が可能です。<br>
<br>
<br>
ステッカー感覚で施工を楽しんで下さい。<br>
ルーフ、トランクルーム、インパネ、オーディオコンソール、<br>
ドアの内張りなどに最適です。<br>
自動車内装だけでなく、お部屋のインテリアファブリックとして<br>
ウォールステッカーや、壁紙などとしてもお使い頂けます。<br>
<br>
※当商品はハイクオリティの韓国製です。 <br>
安価な中国製のものとは全く違います。 <br>
<br>
<br>
【カラー】<br>
商品名（商品タイトル）記載のカラーです。<br>
※全６種類ございます。<br>
ブラック(黒)/オレンジ(柿)/レッド(赤)/ベージュ(肌色)/ブルー(青)/グレー(灰) <br>
<br>
【サイズ】 <br>
商品名（商品タイトル）記載のサイズです。<br>
※全３種類ございます（幅の変更は出来ません）<br>
・Ａ４サイズ　→　幅30cm×20cm  <br>
・小　　　　　→　幅65cm×50cm<br>
・大　　　　　→　幅135cm×100cm<br>
※大サイズに関しまして<br>
100cm以上をご希望の方は希望の長さ(ｍ)分ご購入下さい。<BR>
一度に10m以上ご購入に関しましては送料・代引き手数料<BR>当社が負担させて頂きます。<BR>10mまでであれば1ｍ毎に延長可能。10mを超える場合10ｍ毎にカット致します。<br>
延長をご希望の場合は、希望の長さ（m）分ご購入下さい。<br>
長さ5ｍ以上をご希望の方は在庫の有無をお電話にて<br>
ご確認下さいますようお願い申し上げます。<br><br><br>
 <br>
<font color=""#cc0000"" size=""3"">※色/伸び/質感に関する質問が多々御座いますがモニター環境に<br>
よって色味が異なったり、感じ方に個人差がございますので<br>
不安な方は1円出品しておりますサンプルセットをご購入の<br>
上、商品をご購入下さいますようお願い申し上げます。<br>
購入後の上記理由での返品はお受けできません。</font><br>
<br>
【注意事項】<br>
※貼り付け・車検に関するご質問はお答え致しかねます。<br>
※取り付け前に必ず商品確認を行ってください。<br>
切断・加工後の返品交換は一切お受け致しかねます。<br>
※1枚ずつ業務用切り売りでスタッフが丁寧にカットしておりますが<br>
一部に断面が歪んだり欠けしまう場合が御座います。<br>
※念の為、切り損じを1cm程度(A4サイズは5mm程度)踏まえてお考え下さい。<br><center>
<br>
<img SRC=http://image.rakuten.co.jp/auc-automax/cabinet/imgrc0067382276.gif width=670 height=400><BR>
<br>
<img SRC=http://image.rakuten.co.jp/auc-automax/cabinet/img60333004.gif width=670 height=120><BR>
<br>

<br></center>",クッション付きスエードシート(小) 赤●ウレタン スポンジ スエード生地 糊付き アルカンターラ調 65cm&times;50cmレッド カッティング可 起毛 粘着 曲面 革 レザー ヌバックインテリア ウォールクロス 天張り 天井 内装 ステッカー シール バックスキンルック：AUTOMAX izumi,カッティングシートモニタースタンドアルカンターラ調スエード生地シート汎用パーツ自動車アクセサリーメッキモール送料無料ステッカーカー用品バイク用品ドレスアップラグジュアリー内装外装カット済みカーフィルム大阪通販激安格安施工クッション付きスエードシート(小) 赤●ウレタン スポンジ スエード生地 糊付き アルカンターラ調 65cm&times;50cmレッド カッティング可 起毛 粘着 曲面 革 レザー ヌバックインテリア ウォールクロス 天張り 天井 内装 ステッカー シール バックスキンルック,この商品は送料 全国一律600円 です(北海道/沖縄除く)同梱可能。。クッション付きスエードシート(小) 赤●ウレタン スポンジ スエード生地 糊付き アルカンターラ調 65cm&times;50cmレッド カッティング可 起毛 粘着 曲面 革 レザー ヌバックインテリア ウォールクロス 天張り 天井 内装 ステッカー シール バックスキンルック
1-27922,http://tshop.r10s.jp/auc-automax/cabinet/02420218/cushion-suede/img65664370.jpg?fitin=700:700,1538.4000,,日用品雑貨・文房具・手芸 > 手芸・クラフト・生地 > 生地・布,クッション付きスエードシート(小) 青●ウレタン スポンジ スエード生地 糊付き アルカンターラ調 65cm×50cmブルー カッティング可 起毛 粘着 曲面 革 レザー ヌバックインテリア ウォールクロス 天張り 天井 内装 ステッカー シール バックスキンルック,この商品は送料 全国一律600円 です(北海道/沖縄除く)同梱可能。,"光沢が抑えられた肌触りの良いアルカンターラ調シートに<br>
<font color=""#cc0000"" size=""5"">ウレタンスポンジを付けた新しいスエード生地シートです。</font><br>
<br>
非常に面倒な車の内張りの天井の張替え…<br>
当商品で一発解決です！<br>
当商品の裏面には糊が付いておりますので、スプレー糊を使用し、<br>
張替え用の生地に糊(ボンド)が染み込み、見える部分がまだらになって<br>
しまうといったお悩みも同時に解消してくれます。<br>
<br>
３Ｄ曲面対応！<br>
段差のある接地面やザラザラ面、木材の切断面、お部屋の壁のパネルと<br>
パネルの間など、凹凸のある箇所に使用しても施工後表面がガタガタせず<br>
非常に綺麗な見栄えで仕上がります。<br>
<br>
当商品は当店のスエード生地シートと同じ生地にウレタンスポンジの<br>
クッションが付属したものですので、併用が可能です。<br>
<br>
<br>
ステッカー感覚で施工を楽しんで下さい。<br>
ルーフ、トランクルーム、インパネ、オーディオコンソール、<br>
ドアの内張りなどに最適です。<br>
自動車内装だけでなく、お部屋のインテリアファブリックとして<br>
ウォールステッカーや、壁紙などとしてもお使い頂けます。<br>
<br>
※当商品はハイクオリティの韓国製です。 <br>
安価な中国製のものとは全く違います。 <br>
<br>
<br>
【カラー】<br>
商品名（商品タイトル）記載のカラーです。<br>
※全６種類ございます。<br>
ブラック(黒)/オレンジ(柿)/レッド(赤)/ベージュ(肌色)/ブルー(青)/グレー(灰) <br>
<br>
【サイズ】 <br>
商品名（商品タイトル）記載のサイズです。<br>
※全３種類ございます（幅の変更は出来ません）<br>
・Ａ４サイズ　→　幅30cm×20cm  <br>
・小　　　　　→　幅65cm×50cm<br>
・大　　　　　→　幅135cm×100cm<br>
※大サイズに関しまして<br>
100cm以上をご希望の方は希望の長さ(ｍ)分ご購入下さい。<BR>
一度に10m以上ご購入に関しましては送料・代引き手数料<BR>当社が負担させて頂きます。<BR>10mまでであれば1ｍ毎に延長可能。10mを超える場合10ｍ毎にカット致します。<br>
延長をご希望の場合は、希望の長さ（m）分ご購入下さい。<br>
長さ5ｍ以上をご希望の方は在庫の有無をお電話にて<br>
ご確認下さいますようお願い申し上げます。<br><br><br>
 <br>
<font color=""#cc0000"" size=""3"">※色/伸び/質感に関する質問が多々御座いますがモニター環境に<br>
よって色味が異なったり、感じ方に個人差がございますので<br>
不安な方は1円出品しておりますサンプルセットをご購入の<br>
上、商品をご購入下さいますようお願い申し上げます。<br>
購入後の上記理由での返品はお受けできません。</font><br>
<br>
【注意事項】<br>
※貼り付け・車検に関するご質問はお答え致しかねます。<br>
※取り付け前に必ず商品確認を行ってください。<br>
切断・加工後の返品交換は一切お受け致しかねます。<br>
※1枚ずつ業務用切り売りでスタッフが丁寧にカットしておりますが<br>
一部に断面が歪んだり欠けしまう場合が御座います。<br>
※念の為、切り損じを1cm程度(A4サイズは5mm程度)踏まえてお考え下さい。<br><center>
<br>
<img SRC=http://image.rakuten.co.jp/auc-automax/cabinet/imgrc0067382276.gif width=670 height=400><BR>
<br>
<img SRC=http://image.rakuten.co.jp/auc-automax/cabinet/img60333004.gif width=670 height=120><BR>
<br>

<br></center>",クッション付きスエードシート(小) 青●ウレタン スポンジ スエード生地 糊付き アルカンターラ調 65cm&times;50cmブルー カッティング可 起毛 粘着 曲面 革 レザー ヌバックインテリア ウォールクロス 天張り 天井 内装 ステッカー シール バックスキンルック：AUTOMAX izumi,カッティングシートモニタースタンドアルカンターラ調スエード生地シート汎用パーツ自動車アクセサリーメッキモール送料無料ステッカーカー用品バイク用品ドレスアップラグジュアリー内装外装カット済みカーフィルム大阪通販激安格安施工クッション付きスエードシート(小) 青●ウレタン スポンジ スエード生地 糊付き アルカンターラ調 65cm&times;50cmブルー カッティング可 起毛 粘着 曲面 革 レザー ヌバックインテリア ウォールクロス 天張り 天井 内装 ステッカー シール バックスキンルック,この商品は送料 全国一律600円 です(北海道/沖縄除く)同梱可能。。クッション付きスエードシート(小) 青●ウレタン スポンジ スエード生地 糊付き アルカンターラ調 65cm&times;50cmブルー カッティング可 起毛 粘着 曲面 革 レザー ヌバックインテリア ウォールクロス 天張り 天井 内装 ステッカー シール バックスキンルック
1-27923,http://tshop.r10s.jp/auc-automax/cabinet/02420218/cushion-suede/img65664374.jpg?fitin=700:700,1538.4000,,日用品雑貨・文房具・手芸 > 手芸・クラフト・生地 > 生地・布,クッション付きスエードシート(小) 柿●ウレタン スポンジ スエード生地 糊付 アルカンターラ調 65cm×50cmオレンジ カッティング可 起毛 粘着 曲面 革 レザー ヌバックインテリア ウォールクロス 天張り 天井 内装 ステッカー シール バックスキンルック,この商品は送料 全国一律600円 です(北海道/沖縄除く)同梱可能。,"光沢が抑えられた肌触りの良いアルカンターラ調シートに<br>
<font color=""#cc0000"" size=""5"">ウレタンスポンジを付けた新しいスエード生地シートです。</font><br>
<br>
非常に面倒な車の内張りの天井の張替え…<br>
当商品で一発解決です！<br>
当商品の裏面には糊が付いておりますので、スプレー糊を使用し、<br>
張替え用の生地に糊(ボンド)が染み込み、見える部分がまだらになって<br>
しまうといったお悩みも同時に解消してくれます。<br>
<br>
３Ｄ曲面対応！<br>
段差のある接地面やザラザラ面、木材の切断面、お部屋の壁のパネルと<br>
パネルの間など、凹凸のある箇所に使用しても施工後表面がガタガタせず<br>
非常に綺麗な見栄えで仕上がります。<br>
<br>
当商品は当店のスエード生地シートと同じ生地にウレタンスポンジの<br>
クッションが付属したものですので、併用が可能です。<br>
<br>
<br>
ステッカー感覚で施工を楽しんで下さい。<br>
ルーフ、トランクルーム、インパネ、オーディオコンソール、<br>
ドアの内張りなどに最適です。<br>
自動車内装だけでなく、お部屋のインテリアファブリックとして<br>
ウォールステッカーや、壁紙などとしてもお使い頂けます。<br>
<br>
※当商品はハイクオリティの韓国製です。 <br>
安価な中国製のものとは全く違います。 <br>
<br>
<br>
【カラー】<br>
商品名（商品タイトル）記載のカラーです。<br>
※全６種類ございます。<br>
ブラック(黒)/オレンジ(柿)/レッド(赤)/ベージュ(肌色)/ブルー(青)/グレー(灰) <br>
<br>
【サイズ】 <br>
商品名（商品タイトル）記載のサイズです。<br>
※全３種類ございます（幅の変更は出来ません）<br>
・Ａ４サイズ　→　幅30cm×20cm  <br>
・小　　　　　→　幅65cm×50cm<br>
・大　　　　　→　幅135cm×100cm<br>
※大サイズに関しまして<br>
100cm以上をご希望の方は希望の長さ(ｍ)分ご購入下さい。<BR>
一度に10m以上ご購入に関しましては送料・代引き手数料<BR>当社が負担させて頂きます。<BR>10mまでであれば1ｍ毎に延長可能。10mを超える場合10ｍ毎にカット致します。<br>
延長をご希望の場合は、希望の長さ（m）分ご購入下さい。<br>
長さ5ｍ以上をご希望の方は在庫の有無をお電話にて<br>
ご確認下さいますようお願い申し上げます。<br><br><br>
 <br>
<font color=""#cc0000"" size=""3"">※色/伸び/質感に関する質問が多々御座いますがモニター環境に<br>
よって色味が異なったり、感じ方に個人差がございますので<br>
不安な方は1円出品しておりますサンプルセットをご購入の<br>
上、商品をご購入下さいますようお願い申し上げます。<br>
購入後の上記理由での返品はお受けできません。</font><br>
<br>
【注意事項】<br>
※貼り付け・車検に関するご質問はお答え致しかねます。<br>
※取り付け前に必ず商品確認を行ってください。<br>
切断・加工後の返品交換は一切お受け致しかねます。<br>
※1枚ずつ業務用切り売りでスタッフが丁寧にカットしておりますが<br>
一部に断面が歪んだり欠けしまう場合が御座います。<br>
※念の為、切り損じを1cm程度(A4サイズは5mm程度)踏まえてお考え下さい。<br><center>
<br>
<img SRC=http://image.rakuten.co.jp/auc-automax/cabinet/imgrc0067382276.gif width=670 height=400><BR>
<br>
<img SRC=http://image.rakuten.co.jp/auc-automax/cabinet/img60333004.gif width=670 height=120><BR>
<br>

<br></center>",クッション付きスエードシート(小) 柿●ウレタン スポンジ スエード生地 糊付 アルカンターラ調 65cm&times;50cmオレンジ カッティング可 起毛 粘着 曲面 革 レザー ヌバックインテリア ウォールクロス 天張り 天井 内装 ステッカー シール バックスキンルック：AUTOMAX izumi,カッティングシートモニタースタンドアルカンターラ調スエード生地シート汎用パーツ自動車アクセサリーメッキモール送料無料ステッカーカー用品バイク用品ドレスアップラグジュアリー内装外装カット済みカーフィルム大阪通販激安格安施工クッション付きスエードシート(小) 柿●ウレタン スポンジ スエード生地 糊付 アルカンターラ調 65cm&times;50cmオレンジ カッティング可 起毛 粘着 曲面 革 レザー ヌバックインテリア ウォールクロス 天張り 天井 内装 ステッカー シール バックスキンルック,この商品は送料 全国一律600円 です(北海道/沖縄除く)同梱可能。。クッション付きスエードシート(小) 柿●ウレタン スポンジ スエード生地 糊付 アルカンターラ調 65cm&times;50cmオレンジ カッティング可 起毛 粘着 曲面 革 レザー ヌバックインテリア ウォールクロス 天張り 天井 内装 ステッカー シール バックスキンルック
1-27924,http://tshop.r10s.jp/auc-automax/cabinet/02420218/cushion-suede/img65598340.jpg?fitin=700:700,1538.4000,,日用品雑貨・文房具・手芸 > 手芸・クラフト・生地 > 生地・布,クッション付きスエードシート(小) 黒●ウレタン スポンジ スエード生地 糊付 アルカンターラ調 65cm×50cmブラック カッティング可 起毛 粘着 曲面 革 レザー ヌバックインテリア ウォールクロス 天張り 天井 内装 ステッカー シール バックスキンルック,この商品は送料 全国一律600円 です(北海道/沖縄除く)同梱可能。,"光沢が抑えられた肌触りの良いアルカンターラ調シートに<br>
<font color=""#cc0000"" size=""5"">ウレタンスポンジを付けた新しいスエード生地シートです。</font><br>
<br>
非常に面倒な車の内張りの天井の張替え…<br>
当商品で一発解決です！<br>
当商品の裏面には糊が付いておりますので、スプレー糊を使用し、<br>
張替え用の生地に糊(ボンド)が染み込み、見える部分がまだらになって<br>
しまうといったお悩みも同時に解消してくれます。<br>
<br>
３Ｄ曲面対応！<br>
段差のある接地面やザラザラ面、木材の切断面、お部屋の壁のパネルと<br>
パネルの間など、凹凸のある箇所に使用しても施工後表面がガタガタせず<br>
非常に綺麗な見栄えで仕上がります。<br>
<br>
当商品は当店のスエード生地シートと同じ生地にウレタンスポンジの<br>
クッションが付属したものですので、併用が可能です。<br>
<br>
<br>
ステッカー感覚で施工を楽しんで下さい。<br>
ルーフ、トランクルーム、インパネ、オーディオコンソール、<br>
ドアの内張りなどに最適です。<br>
自動車内装だけでなく、お部屋のインテリアファブリックとして<br>
ウォールステッカーや、壁紙などとしてもお使い頂けます。<br>
<br>
※当商品はハイクオリティの韓国製です。 <br>
安価な中国製のものとは全く違います。 <br>
<br>
<br>
【カラー】<br>
商品名（商品タイトル）記載のカラーです。<br>
※全６種類ございます。<br>
ブラック(黒)/オレンジ(柿)/レッド(赤)/ベージュ(肌色)/ブルー(青)/グレー(灰) <br>
<br>
【サイズ】 <br>
商品名（商品タイトル）記載のサイズです。<br>
※全３種類ございます（幅の変更は出来ません）<br>
・Ａ４サイズ　→　幅30cm×20cm  <br>
・小　　　　　→　幅65cm×50cm<br>
・大　　　　　→　幅135cm×100cm<br>
※大サイズに関しまして<br>
100cm以上をご希望の方は希望の長さ(ｍ)分ご購入下さい。<BR>
一度に10m以上ご購入に関しましては送料・代引き手数料<BR>当社が負担させて頂きます。<BR>10mまでであれば1ｍ毎に延長可能。10mを超える場合10ｍ毎にカット致します。<br>
延長をご希望の場合は、希望の長さ（m）分ご購入下さい。<br>
長さ5ｍ以上をご希望の方は在庫の有無をお電話にて<br>
ご確認下さいますようお願い申し上げます。<br><br><br>
 <br>
<font color=""#cc0000"" size=""3"">※色/伸び/質感に関する質問が多々御座いますがモニター環境に<br>
よって色味が異なったり、感じ方に個人差がございますので<br>
不安な方は1円出品しておりますサンプルセットをご購入の<br>
上、商品をご購入下さいますようお願い申し上げます。<br>
購入後の上記理由での返品はお受けできません。</font><br>
<br>
【注意事項】<br>
※貼り付け・車検に関するご質問はお答え致しかねます。<br>
※取り付け前に必ず商品確認を行ってください。<br>
切断・加工後の返品交換は一切お受け致しかねます。<br>
※1枚ずつ業務用切り売りでスタッフが丁寧にカットしておりますが<br>
一部に断面が歪んだり欠けしまう場合が御座います。<br>
※念の為、切り損じを1cm程度(A4サイズは5mm程度)踏まえてお考え下さい。<br><center>
<br>
<img SRC=http://image.rakuten.co.jp/auc-automax/cabinet/imgrc0067382276.gif width=670 height=400><BR>
<br>
<img SRC=http://image.rakuten.co.jp/auc-automax/cabinet/img60333004.gif width=670 height=120><BR>
<br>

<br></center>",クッション付きスエードシート(小) 黒●ウレタン スポンジ スエード生地 糊付 アルカンターラ調 65cm&times;50cmブラック カッティング可 起毛 粘着 曲面 革 レザー ヌバックインテリア ウォールクロス 天張り 天井 内装 ステッカー シール バックスキンルック：AUTOMAX izumi,カッティングシートモニタースタンドアルカンターラ調スエード生地シート汎用パーツ自動車アクセサリーメッキモール送料無料ステッカーカー用品バイク用品ドレスアップラグジュアリー内装外装カット済みカーフィルム大阪通販激安格安施工クッション付きスエードシート(小) 黒●ウレタン スポンジ スエード生地 糊付 アルカンターラ調 65cm&times;50cmブラック カッティング可 起毛 粘着 曲面 革 レザー ヌバックインテリア ウォールクロス 天張り 天井 内装 ステッカー シール バックスキンルック,この商品は送料 全国一律600円 です(北海道/沖縄除く)同梱可能。。クッション付きスエードシート(小) 黒●ウレタン スポンジ スエード生地 糊付 アルカンターラ調 65cm&times;50cmブラック カッティング可 起毛 粘着 曲面 革 レザー ヌバックインテリア ウォールクロス 天張り 天井 内装 ステッカー シール バックスキンルック
1-27925,http://tshop.r10s.jp/auc-automax/cabinet/02420218/cushion-suede/img65664376.jpg?fitin=700:700,1538.4000,,日用品雑貨・文房具・手芸 > 手芸・クラフト・生地 > 生地・布,クッション付きスエードシート(小) 赤●ウレタン スポンジ スエード生地 糊付き アルカンターラ調 65cm×50cmレッド カッティング可 起毛 粘着 曲面 革 レザー ヌバックインテリア ウォールクロス 天張り 天井 内装 ステッカー シール バックスキンルック,この商品は送料 全国一律600円 です(北海道/沖縄除く)同梱可能。,"光沢が抑えられた肌触りの良いアルカンターラ調シートに<br>
<font color=""#cc0000"" size=""5"">ウレタンスポンジを付けた新しいスエード生地シートです。</font><br>
<br>
非常に面倒な車の内張りの天井の張替え…<br>
当商品で一発解決です！<br>
当商品の裏面には糊が付いておりますので、スプレー糊を使用し、<br>
張替え用の生地に糊(ボンド)が染み込み、見える部分がまだらになって<br>
しまうといったお悩みも同時に解消してくれます。<br>
<br>
３Ｄ曲面対応！<br>
段差のある接地面やザラザラ面、木材の切断面、お部屋の壁のパネルと<br>
パネルの間など、凹凸のある箇所に使用しても施工後表面がガタガタせず<br>
非常に綺麗な見栄えで仕上がります。<br>
<br>
当商品は当店のスエード生地シートと同じ生地にウレタンスポンジの<br>
クッションが付属したものですので、併用が可能です。<br>
<br>
<br>
ステッカー感覚で施工を楽しんで下さい。<br>
ルーフ、トランクルーム、インパネ、オーディオコンソール、<br>
ドアの内張りなどに最適です。<br>
自動車内装だけでなく、お部屋のインテリアファブリックとして<br>
ウォールステッカーや、壁紙などとしてもお使い頂けます。<br>
<br>
※当商品はハイクオリティの韓国製です。 <br>
安価な中国製のものとは全く違います。 <br>
<br>
<br>
【カラー】<br>
商品名（商品タイトル）記載のカラーです。<br>
※全６種類ございます。<br>
ブラック(黒)/オレンジ(柿)/レッド(赤)/ベージュ(肌色)/ブルー(青)/グレー(灰) <br>
<br>
【サイズ】 <br>
商品名（商品タイトル）記載のサイズです。<br>
※全３種類ございます（幅の変更は出来ません）<br>
・Ａ４サイズ　→　幅30cm×20cm  <br>
・小　　　　　→　幅65cm×50cm<br>
・大　　　　　→　幅135cm×100cm<br>
※大サイズに関しまして<br>
100cm以上をご希望の方は希望の長さ(ｍ)分ご購入下さい。<BR>
一度に10m以上ご購入に関しましては送料・代引き手数料<BR>当社が負担させて頂きます。<BR>10mまでであれば1ｍ毎に延長可能。10mを超える場合10ｍ毎にカット致します。<br>
延長をご希望の場合は、希望の長さ（m）分ご購入下さい。<br>
長さ5ｍ以上をご希望の方は在庫の有無をお電話にて<br>
ご確認下さいますようお願い申し上げます。<br><br><br>
 <br>
<font color=""#cc0000"" size=""3"">※色/伸び/質感に関する質問が多々御座いますがモニター環境に<br>
よって色味が異なったり、感じ方に個人差がございますので<br>
不安な方は1円出品しておりますサンプルセットをご購入の<br>
上、商品をご購入下さいますようお願い申し上げます。<br>
購入後の上記理由での返品はお受けできません。</font><br>
<br>
【注意事項】<br>
※貼り付け・車検に関するご質問はお答え致しかねます。<br>
※取り付け前に必ず商品確認を行ってください。<br>
切断・加工後の返品交換は一切お受け致しかねます。<br>
※1枚ずつ業務用切り売りでスタッフが丁寧にカットしておりますが<br>
一部に断面が歪んだり欠けしまう場合が御座います。<br>
※念の為、切り損じを1cm程度(A4サイズは5mm程度)踏まえてお考え下さい。<br><center>
<br>
<img SRC=http://image.rakuten.co.jp/auc-automax/cabinet/imgrc0067382276.gif width=670 height=400><BR>
<br>
<img SRC=http://image.rakuten.co.jp/auc-automax/cabinet/img60333004.gif width=670 height=120><BR>
<br>

<br></center>",クッション付きスエードシート(小) 赤●ウレタン スポンジ スエード生地 糊付き アルカンターラ調 65cm&times;50cmレッド カッティング可 起毛 粘着 曲面 革 レザー ヌバックインテリア ウォールクロス 天張り 天井 内装 ステッカー シール バックスキンルック：AUTOMAX izumi,カッティングシートモニタースタンドアルカンターラ調スエード生地シート汎用パーツ自動車アクセサリーメッキモール送料無料ステッカーカー用品バイク用品ドレスアップラグジュアリー内装外装カット済みカーフィルム大阪通販激安格安施工クッション付きスエードシート(小) 赤●ウレタン スポンジ スエード生地 糊付き アルカンターラ調 65cm&times;50cmレッド カッティング可 起毛 粘着 曲面 革 レザー ヌバックインテリア ウォールクロス 天張り 天井 内装 ステッカー シール バックスキンルック,この商品は送料 全国一律600円 です(北海道/沖縄除く)同梱可能。。クッション付きスエードシート(小) 赤●ウレタン スポンジ スエード生地 糊付き アルカンターラ調 65cm&times;50cmレッド カッティング可 起毛 粘着 曲面 革 レザー ヌバックインテリア ウォールクロス 天張り 天井 内装 ステッカー シール バックスキンルック
1-27926,http://tshop.r10s.jp/auc-automax/cabinet/02420218/trim-recovery-sheet/img65939879.gif?fitin=700:700,402.4000,,日用品雑貨・文房具・手芸 > 手芸・クラフト・生地 > 生地・布,純正トリム張替えシート(A4) 黒■【メール便 送料無料】内装 張替用メッシュ生地 糊付き30cm×20cm ブラックウレタン スポンジ付きスポーツニット曲面/カッティング可天井/クッション修理/補修/レストア【RCP】,メール便送料無料。代引の場合は宅急便送料に変更し発送致します,"内装を蘇らせる純正トリム張替えシート登場!!<br>
<br>
欧州車によく見られる天井の垂れ下がりや、肘掛け、シート等の<br>
経年劣化による破れや汚れ、穴あき、引っかき傷などをお手軽!簡単に<BR>
純正同等に蘇らせる<BR><b><font color=""#cc0000"" size=""4"">ウレタンクッション付きのメッシュシート<BR>その名も　トリムリカバリーシート　です!!</font></b><br>
<br>
レカロシート、ブリッド等バケットシートの張替えや天井張替、ドア内張り、<BR>
内装の様々な加工・修復に使用出来、裏面には糊が付いておりますので<BR>
スプレー糊を使用したせいで張替え用の生地に糊(ボンド)が染み込み、<BR>
見える部分がまだらになってしまったといったお悩みも簡単に解決!<BR>
<br>
<br>
伸縮性・弾力性に非常に富み、3D曲面にも当然対応しております。<br>
また段差のある接地面やザラザラ面、木材の切断面、お部屋の壁のパネルと<BR>
パネルの間など、凹凸のある箇所に使用しても施工後 表面がガタガタせず<BR>
綺麗な見栄えで仕上がる張り易さ抜群のカッティング可能なシートです。<br>
※当商品はハイクオリティの韓国製です。 <br>
安価な中国製のものとは全く違います。 <br>
<br>
<BR>

<br>
<br>
【カラー】<br>
商品名（商品タイトル）記載のカラーです。<br>
※全3種類ございます。<br>
ブラック(黒色) / ベージュ(肌色) / グレー(灰) <br>
<br>
【サイズ】 <br>
商品名（商品タイトル）記載のサイズです。<br>
※全３種類ございます（幅の変更は出来ません）<br>
・Ａ４サイズ　→　幅30cm×20cm <br>
・小　　　　　→　幅65cm×50cm<br>
・大　　　　　→　幅135cm×100cm<br>
<br>
※大サイズに関しまして<br>
100cm以上をご希望の方は希望の長さ(ｍ)分ご購入下さい。<br>
一度に10m以上ご購入に関しましては送料・代引き手数料<br>
当社が負担させて頂きます。<br>
10mまでであれば1ｍ毎に延長可能。10mを超える場合10ｍ毎にカット致します。<br>
延長をご希望の場合は、希望の長さ（m）分ご購入下さい。<br>
長さ5ｍ以上をご希望の方は在庫の有無をお電話にて<br>
ご確認下さいますようお願い申し上げます。<br>
<br>
当商品と同様のウレタンスポンジクッションの付いたアルカンターラ調のスエード<br>
生地シート（クッション付きスエードシート）も販売しております。<br>
<br>クッション付きスエードシートの購入はコチラ<br><br>
<br>
ステッカー感覚でルーフ、トランクルーム、インパネ、オーディオ<BR>
コンソール等はもちろん、自動車の内装のみならず、お部屋の<BR>
インテリアファブリックやウォールステッカー、壁紙としても！<br>
<br>
<br>
<br><font color=""#cc0000"" size=""3"">※色/伸び/質感に関する質問が多々御座いますがモニター環境に<br>
よって色味が異なったり、感じ方に個人差がございますので<br>
不安な方は1円出品しておりますサンプルセットをご購入の上、<br>
商品をご購入下さいますようお願い申し上げます。<br>
購入後の上記理由での返品はお受けできません。</font><br><br>
サンプルセット購入はコチラ<br><br>
<br>
【注意事項】<br>
※貼り付け・車検に関するご質問はお答え致しかねます。<br>
※取り付け前に必ず商品確認を行ってください。<br>
切断・加工後の返品交換は一切お受け致しかねます。<br>
※1枚ずつ業務用切り売りでスタッフが丁寧にカットしておりますが<br>
一部に断面が歪んだり欠けしまう場合が御座います。<br>
※切り損じを1cm程度(A4サイズは5mm程度)踏まえてお考え下さい。<br>
<br>
アウディ,アウディー,レンジローバー,外車,ニュー ビートル,ジェッタ<br>
フォルクスワーゲン,オペル ベクトラ,オリジナル, BMW,ゴルフ,クワトロ<br>シトロエン,プジョー,ユーロ車,プリウス等あらゆる車種に使用可能!!<br><center>
<br>
<img SRC=http://image.rakuten.co.jp/auc-automax/cabinet/imgrc0067382276.gif width=670 height=400><BR>
<br>
<img SRC=http://image.rakuten.co.jp/auc-automax/cabinet/img60333004.gif width=670 height=120><BR>
<br>

<br></center>",純正トリム張替えシート(A4) 黒■【メール便 送料無料】内装 張替用メッシュ生地 糊付き30cm&times;20cm ブラックウレタン スポンジ付きスポーツニット曲面/カッティング可天井/クッション修理/補修/レストア【RCP】：AUTOMAX izumi,カッティングシートモニタースタンドアルカンターラ調スエード生地シート汎用パーツ自動車アクセサリーメッキモール送料無料ステッカーカー用品バイク用品ドレスアップラグジュアリー内装外装カット済みカーフィルム大阪通販激安格安施工純正トリム張替えシート(A4) 黒■【メール便 送料無料】内装 張替用メッシュ生地 糊付き30cm&times;20cm ブラックウレタン スポンジ付きスポーツニット曲面/カッティング可天井/クッション修理/補修/レストア【RCP】,メール便送料無料。代引の場合は宅急便送料に変更し発送致します。純正トリム張替えシート(A4) 黒■【メール便 送料無料】内装 張替用メッシュ生地 糊付き30cm&times;20cm ブラックウレタン スポンジ付きスポーツニット曲面/カッティング可天井/クッション修理/補修/レストア【RCP】
1-27927,http://tshop.r10s.jp/auc-automax/cabinet/02420218/cushion-suede/img65664374.jpg?fitin=700:700,1538.4000,,日用品雑貨・文房具・手芸 > 手芸・クラフト・生地 > 生地・布,クッション付きスエードシート(小) 柿●ウレタン スポンジ スエード生地 糊付 アルカンターラ調 65cm×50cmオレンジ カッティング可 起毛 粘着 曲面 革 レザー ヌバックインテリア ウォールクロス 天張り 天井 内装 ステッカー シール バックスキンルック,この商品は送料 全国一律600円 です(北海道/沖縄除く)同梱可能。,"光沢が抑えられた肌触りの良いアルカンターラ調シートに<br>
<font color=""#cc0000"" size=""5"">ウレタンスポンジを付けた新しいスエード生地シートです。</font><br>
<br>
非常に面倒な車の内張りの天井の張替え…<br>
当商品で一発解決です！<br>
当商品の裏面には糊が付いておりますので、スプレー糊を使用し、<br>
張替え用の生地に糊(ボンド)が染み込み、見える部分がまだらになって<br>
しまうといったお悩みも同時に解消してくれます。<br>
<br>
３Ｄ曲面対応！<br>
段差のある接地面やザラザラ面、木材の切断面、お部屋の壁のパネルと<br>
パネルの間など、凹凸のある箇所に使用しても施工後表面がガタガタせず<br>
非常に綺麗な見栄えで仕上がります。<br>
<br>
当商品は当店のスエード生地シートと同じ生地にウレタンスポンジの<br>
クッションが付属したものですので、併用が可能です。<br>
<br>
<br>
ステッカー感覚で施工を楽しんで下さい。<br>
ルーフ、トランクルーム、インパネ、オーディオコンソール、<br>
ドアの内張りなどに最適です。<br>
自動車内装だけでなく、お部屋のインテリアファブリックとして<br>
ウォールステッカーや、壁紙などとしてもお使い頂けます。<br>
<br>
※当商品はハイクオリティの韓国製です。 <br>
安価な中国製のものとは全く違います。 <br>
<br>
<br>
【カラー】<br>
商品名（商品タイトル）記載のカラーです。<br>
※全６種類ございます。<br>
ブラック(黒)/オレンジ(柿)/レッド(赤)/ベージュ(肌色)/ブルー(青)/グレー(灰) <br>
<br>
【サイズ】 <br>
商品名（商品タイトル）記載のサイズです。<br>
※全３種類ございます（幅の変更は出来ません）<br>
・Ａ４サイズ　→　幅30cm×20cm  <br>
・小　　　　　→　幅65cm×50cm<br>
・大　　　　　→　幅135cm×100cm<br>
※大サイズに関しまして<br>
100cm以上をご希望の方は希望の長さ(ｍ)分ご購入下さい。<BR>
一度に10m以上ご購入に関しましては送料・代引き手数料<BR>当社が負担させて頂きます。<BR>10mまでであれば1ｍ毎に延長可能。10mを超える場合10ｍ毎にカット致します。<br>
延長をご希望の場合は、希望の長さ（m）分ご購入下さい。<br>
長さ5ｍ以上をご希望の方は在庫の有無をお電話にて<br>
ご確認下さいますようお願い申し上げます。<br><br><br>
 <br>
<font color=""#cc0000"" size=""3"">※色/伸び/質感に関する質問が多々御座いますがモニター環境に<br>
よって色味が異なったり、感じ方に個人差がございますので<br>
不安な方は1円出品しておりますサンプルセットをご購入の<br>
上、商品をご購入下さいますようお願い申し上げます。<br>
購入後の上記理由での返品はお受けできません。</font><br>
<br>
【注意事項】<br>
※貼り付け・車検に関するご質問はお答え致しかねます。<br>
※取り付け前に必ず商品確認を行ってください。<br>
切断・加工後の返品交換は一切お受け致しかねます。<br>
※1枚ずつ業務用切り売りでスタッフが丁寧にカットしておりますが<br>
一部に断面が歪んだり欠けしまう場合が御座います。<br>
※念の為、切り損じを1cm程度(A4サイズは5mm程度)踏まえてお考え下さい。<br><center>
<br>
<img SRC=http://image.rakuten.co.jp/auc-automax/cabinet/imgrc0067382276.gif width=670 height=400><BR>
<br>
<img SRC=http://image.rakuten.co.jp/auc-automax/cabinet/img60333004.gif width=670 height=120><BR>
<br>

<br></center>",クッション付きスエードシート(小) 柿●ウレタン スポンジ スエード生地 糊付 アルカンターラ調 65cm&times;50cmオレンジ カッティング可 起毛 粘着 曲面 革 レザー ヌバックインテリア ウォールクロス 天張り 天井 内装 ステッカー シール バックスキンルック：AUTOMAX izumi,カッティングシートモニタースタンドアルカンターラ調スエード生地シート汎用パーツ自動車アクセサリーメッキモール送料無料ステッカーカー用品バイク用品ドレスアップラグジュアリー内装外装カット済みカーフィルム大阪通販激安格安施工クッション付きスエードシート(小) 柿●ウレタン スポンジ スエード生地 糊付 アルカンターラ調 65cm&times;50cmオレンジ カッティング可 起毛 粘着 曲面 革 レザー ヌバックインテリア ウォールクロス 天張り 天井 内装 ステッカー シール バックスキンルック,この商品は送料 全国一律600円 です(北海道/沖縄除く)同梱可能。。クッション付きスエードシート(小) 柿●ウレタン スポンジ スエード生地 糊付 アルカンターラ調 65cm&times;50cmオレンジ カッティング可 起毛 粘着 曲面 革 レザー ヌバックインテリア ウォールクロス 天張り 天井 内装 ステッカー シール バックスキンルック
1-27928,http://tshop.r10s.jp/auc-automax/cabinet/02420218/cushion-suede/img65664376.jpg?fitin=700:700,1538.4000,,日用品雑貨・文房具・手芸 > 手芸・クラフト・生地 > 生地・布,クッション付きスエードシート(小) 赤●ウレタン スポンジ スエード生地 糊付き アルカンターラ調 65cm×50cmレッド カッティング可 起毛 粘着 曲面 革 レザー ヌバックインテリア ウォールクロス 天張り 天井 内装 ステッカー シール バックスキンルック,この商品は送料 全国一律600円 です(北海道/沖縄除く)同梱可能。,"光沢が抑えられた肌触りの良いアルカンターラ調シートに<br>
<font color=""#cc0000"" size=""5"">ウレタンスポンジを付けた新しいスエード生地シートです。</font><br>
<br>
非常に面倒な車の内張りの天井の張替え…<br>
当商品で一発解決です！<br>
当商品の裏面には糊が付いておりますので、スプレー糊を使用し、<br>
張替え用の生地に糊(ボンド)が染み込み、見える部分がまだらになって<br>
しまうといったお悩みも同時に解消してくれます。<br>
<br>
３Ｄ曲面対応！<br>
段差のある接地面やザラザラ面、木材の切断面、お部屋の壁のパネルと<br>
パネルの間など、凹凸のある箇所に使用しても施工後表面がガタガタせず<br>
非常に綺麗な見栄えで仕上がります。<br>
<br>
当商品は当店のスエード生地シートと同じ生地にウレタンスポンジの<br>
クッションが付属したものですので、併用が可能です。<br>
<br>
<br>
ステッカー感覚で施工を楽しんで下さい。<br>
ルーフ、トランクルーム、インパネ、オーディオコンソール、<br>
ドアの内張りなどに最適です。<br>
自動車内装だけでなく、お部屋のインテリアファブリックとして<br>
ウォールステッカーや、壁紙などとしてもお使い頂けます。<br>
<br>
※当商品はハイクオリティの韓国製です。 <br>
安価な中国製のものとは全く違います。 <br>
<br>
<br>
【カラー】<br>
商品名（商品タイトル）記載のカラーです。<br>
※全６種類ございます。<br>
ブラック(黒)/オレンジ(柿)/レッド(赤)/ベージュ(肌色)/ブルー(青)/グレー(灰) <br>
<br>
【サイズ】 <br>
商品名（商品タイトル）記載のサイズです。<br>
※全３種類ございます（幅の変更は出来ません）<br>
・Ａ４サイズ　→　幅30cm×20cm  <br>
・小　　　　　→　幅65cm×50cm<br>
・大　　　　　→　幅135cm×100cm<br>
※大サイズに関しまして<br>
100cm以上をご希望の方は希望の長さ(ｍ)分ご購入下さい。<BR>
一度に10m以上ご購入に関しましては送料・代引き手数料<BR>当社が負担させて頂きます。<BR>10mまでであれば1ｍ毎に延長可能。10mを超える場合10ｍ毎にカット致します。<br>
延長をご希望の場合は、希望の長さ（m）分ご購入下さい。<br>
長さ5ｍ以上をご希望の方は在庫の有無をお電話にて<br>
ご確認下さいますようお願い申し上げます。<br><br><br>
 <br>
<font color=""#cc0000"" size=""3"">※色/伸び/質感に関する質問が多々御座いますがモニター環境に<br>
よって色味が異なったり、感じ方に個人差がございますので<br>
不安な方は1円出品しておりますサンプルセットをご購入の<br>
上、商品をご購入下さいますようお願い申し上げます。<br>
購入後の上記理由での返品はお受けできません。</font><br>
<br>
【注意事項】<br>
※貼り付け・車検に関するご質問はお答え致しかねます。<br>
※取り付け前に必ず商品確認を行ってください。<br>
切断・加工後の返品交換は一切お受け致しかねます。<br>
※1枚ずつ業務用切り売りでスタッフが丁寧にカットしておりますが<br>
一部に断面が歪んだり欠けしまう場合が御座います。<br>
※念の為、切り損じを1cm程度(A4サイズは5mm程度)踏まえてお考え下さい。<br><center>
<br>
<img SRC=http://image.rakuten.co.jp/auc-automax/cabinet/imgrc0067382276.gif width=670 height=400><BR>
<br>
<img SRC=http://image.rakuten.co.jp/auc-automax/cabinet/img60333004.gif width=670 height=120><BR>
<br>

<br></center>",クッション付きスエードシート(小) 赤●ウレタン スポンジ スエード生地 糊付き アルカンターラ調 65cm&times;50cmレッド カッティング可 起毛 粘着 曲面 革 レザー ヌバックインテリア ウォールクロス 天張り 天井 内装 ステッカー シール バックスキンルック：AUTOMAX izumi,カッティングシートモニタースタンドアルカンターラ調スエード生地シート汎用パーツ自動車アクセサリーメッキモール送料無料ステッカーカー用品バイク用品ドレスアップラグジュアリー内装外装カット済みカーフィルム大阪通販激安格安施工クッション付きスエードシート(小) 赤●ウレタン スポンジ スエード生地 糊付き アルカンターラ調 65cm&times;50cmレッド カッティング可 起毛 粘着 曲面 革 レザー ヌバックインテリア ウォールクロス 天張り 天井 内装 ステッカー シール バックスキンルック,この商品は送料 全国一律600円 です(北海道/沖縄除く)同梱可能。。クッション付きスエードシート(小) 赤●ウレタン スポンジ スエード生地 糊付き アルカンターラ調 65cm&times;50cmレッド カッティング可 起毛 粘着 曲面 革 レザー ヌバックインテリア ウォールクロス 天張り 天井 内装 ステッカー シール バックスキンルック
1-27929,http://tshop.r10s.jp/auc-automax/cabinet/02420218/cushion-suede/img65598340.jpg?fitin=700:700,1538.4000,,日用品雑貨・文房具・手芸 > 手芸・クラフト・生地 > 生地・布,クッション付きスエードシート(小) 黒●ウレタン スポンジ スエード生地 糊付 アルカンターラ調 65cm×50cmブラック カッティング可 起毛 粘着 曲面 革 レザー ヌバックインテリア ウォールクロス 天張り 天井 内装 ステッカー シール バックスキンルック,この商品は送料 全国一律600円 です(北海道/沖縄除く)同梱可能。,"光沢が抑えられた肌触りの良いアルカンターラ調シートに<br>
<font color=""#cc0000"" size=""5"">ウレタンスポンジを付けた新しいスエード生地シートです。</font><br>
<br>
非常に面倒な車の内張りの天井の張替え…<br>
当商品で一発解決です！<br>
当商品の裏面には糊が付いておりますので、スプレー糊を使用し、<br>
張替え用の生地に糊(ボンド)が染み込み、見える部分がまだらになって<br>
しまうといったお悩みも同時に解消してくれます。<br>
<br>
３Ｄ曲面対応！<br>
段差のある接地面やザラザラ面、木材の切断面、お部屋の壁のパネルと<br>
パネルの間など、凹凸のある箇所に使用しても施工後表面がガタガタせず<br>
非常に綺麗な見栄えで仕上がります。<br>
<br>
当商品は当店のスエード生地シートと同じ生地にウレタンスポンジの<br>
クッションが付属したものですので、併用が可能です。<br>
<br>
<br>
ステッカー感覚で施工を楽しんで下さい。<br>
ルーフ、トランクルーム、インパネ、オーディオコンソール、<br>
ドアの内張りなどに最適です。<br>
自動車内装だけでなく、お部屋のインテリアファブリックとして<br>
ウォールステッカーや、壁紙などとしてもお使い頂けます。<br>
<br>
※当商品はハイクオリティの韓国製です。 <br>
安価な中国製のものとは全く違います。 <br>
<br>
<br>
【カラー】<br>
商品名（商品タイトル）記載のカラーです。<br>
※全６種類ございます。<br>
ブラック(黒)/オレンジ(柿)/レッド(赤)/ベージュ(肌色)/ブルー(青)/グレー(灰) <br>
<br>
【サイズ】 <br>
商品名（商品タイトル）記載のサイズです。<br>
※全３種類ございます（幅の変更は出来ません）<br>
・Ａ４サイズ　→　幅30cm×20cm  <br>
・小　　　　　→　幅65cm×50cm<br>
・大　　　　　→　幅135cm×100cm<br>
※大サイズに関しまして<br>
100cm以上をご希望の方は希望の長さ(ｍ)分ご購入下さい。<BR>
一度に10m以上ご購入に関しましては送料・代引き手数料<BR>当社が負担させて頂きます。<BR>10mまでであれば1ｍ毎に延長可能。10mを超える場合10ｍ毎にカット致します。<br>
延長をご希望の場合は、希望の長さ（m）分ご購入下さい。<br>
長さ5ｍ以上をご希望の方は在庫の有無をお電話にて<br>
ご確認下さいますようお願い申し上げます。<br><br><br>
 <br>
<font color=""#cc0000"" size=""3"">※色/伸び/質感に関する質問が多々御座いますがモニター環境に<br>
よって色味が異なったり、感じ方に個人差がございますので<br>
不安な方は1円出品しておりますサンプルセットをご購入の<br>
上、商品をご購入下さいますようお願い申し上げます。<br>
購入後の上記理由での返品はお受けできません。</font><br>
<br>
【注意事項】<br>
※貼り付け・車検に関するご質問はお答え致しかねます。<br>
※取り付け前に必ず商品確認を行ってください。<br>
切断・加工後の返品交換は一切お受け致しかねます。<br>
※1枚ずつ業務用切り売りでスタッフが丁寧にカットしておりますが<br>
一部に断面が歪んだり欠けしまう場合が御座います。<br>
※念の為、切り損じを1cm程度(A4サイズは5mm程度)踏まえてお考え下さい。<br><center>
<br>
<img SRC=http://image.rakuten.co.jp/auc-automax/cabinet/imgrc0067382276.gif width=670 height=400><BR>
<br>
<img SRC=http://image.rakuten.co.jp/auc-automax/cabinet/img60333004.gif width=670 height=120><BR>
<br>

<br></center>",クッション付きスエードシート(小) 黒●ウレタン スポンジ スエード生地 糊付 アルカンターラ調 65cm&times;50cmブラック カッティング可 起毛 粘着 曲面 革 レザー ヌバックインテリア ウォールクロス 天張り 天井 内装 ステッカー シール バックスキンルック：AUTOMAX izumi,カッティングシートモニタースタンドアルカンターラ調スエード生地シート汎用パーツ自動車アクセサリーメッキモール送料無料ステッカーカー用品バイク用品ドレスアップラグジュアリー内装外装カット済みカーフィルム大阪通販激安格安施工クッション付きスエードシート(小) 黒●ウレタン スポンジ スエード生地 糊付 アルカンターラ調 65cm&times;50cmブラック カッティング可 起毛 粘着 曲面 革 レザー ヌバックインテリア ウォールクロス 天張り 天井 内装 ステッカー シール バックスキンルック,この商品は送料 全国一律600円 です(北海道/沖縄除く)同梱可能。。クッション付きスエードシート(小) 黒●ウレタン スポンジ スエード生地 糊付 アルカンターラ調 65cm&times;50cmブラック カッティング可 起毛 粘着 曲面 革 レザー ヌバックインテリア ウォールクロス 天張り 天井 内装 ステッカー シール バックスキンルック
1-27930,http://tshop.r10s.jp/auc-automax/cabinet/02420218/cushion-suede/img65664376.jpg?fitin=700:700,1538.4000,,日用品雑貨・文房具・手芸 > 手芸・クラフト・生地 > 生地・布,クッション付きスエードシート(小) 赤●ウレタン スポンジ スエード生地 糊付き アルカンターラ調 65cm×50cmレッド カッティング可 起毛 粘着 曲面 革 レザー ヌバックインテリア ウォールクロス 天張り 天井 内装 ステッカー シール バックスキンルック,この商品は送料 全国一律600円 です(北海道/沖縄除く)同梱可能。,"光沢が抑えられた肌触りの良いアルカンターラ調シートに<br>
<font color=""#cc0000"" size=""5"">ウレタンスポンジを付けた新しいスエード生地シートです。</font><br>
<br>
非常に面倒な車の内張りの天井の張替え…<br>
当商品で一発解決です！<br>
当商品の裏面には糊が付いておりますので、スプレー糊を使用し、<br>
張替え用の生地に糊(ボンド)が染み込み、見える部分がまだらになって<br>
しまうといったお悩みも同時に解消してくれます。<br>
<br>
３Ｄ曲面対応！<br>
段差のある接地面やザラザラ面、木材の切断面、お部屋の壁のパネルと<br>
パネルの間など、凹凸のある箇所に使用しても施工後表面がガタガタせず<br>
非常に綺麗な見栄えで仕上がります。<br>
<br>
当商品は当店のスエード生地シートと同じ生地にウレタンスポンジの<br>
クッションが付属したものですので、併用が可能です。<br>
<br>
<br>
ステッカー感覚で施工を楽しんで下さい。<br>
ルーフ、トランクルーム、インパネ、オーディオコンソール、<br>
ドアの内張りなどに最適です。<br>
自動車内装だけでなく、お部屋のインテリアファブリックとして<br>
ウォールステッカーや、壁紙などとしてもお使い頂けます。<br>
<br>
※当商品はハイクオリティの韓国製です。 <br>
安価な中国製のものとは全く違います。 <br>
<br>
<br>
【カラー】<br>
商品名（商品タイトル）記載のカラーです。<br>
※全６種類ございます。<br>
ブラック(黒)/オレンジ(柿)/レッド(赤)/ベージュ(肌色)/ブルー(青)/グレー(灰) <br>
<br>
【サイズ】 <br>
商品名（商品タイトル）記載のサイズです。<br>
※全３種類ございます（幅の変更は出来ません）<br>
・Ａ４サイズ　→　幅30cm×20cm  <br>
・小　　　　　→　幅65cm×50cm<br>
・大　　　　　→　幅135cm×100cm<br>
※大サイズに関しまして<br>
100cm以上をご希望の方は希望の長さ(ｍ)分ご購入下さい。<BR>
一度に10m以上ご購入に関しましては送料・代引き手数料<BR>当社が負担させて頂きます。<BR>10mまでであれば1ｍ毎に延長可能。10mを超える場合10ｍ毎にカット致します。<br>
延長をご希望の場合は、希望の長さ（m）分ご購入下さい。<br>
長さ5ｍ以上をご希望の方は在庫の有無をお電話にて<br>
ご確認下さいますようお願い申し上げます。<br><br><br>
 <br>
<font color=""#cc0000"" size=""3"">※色/伸び/質感に関する質問が多々御座いますがモニター環境に<br>
よって色味が異なったり、感じ方に個人差がございますので<br>
不安な方は1円出品しておりますサンプルセットをご購入の<br>
上、商品をご購入下さいますようお願い申し上げます。<br>
購入後の上記理由での返品はお受けできません。</font><br>
<br>
【注意事項】<br>
※貼り付け・車検に関するご質問はお答え致しかねます。<br>
※取り付け前に必ず商品確認を行ってください。<br>
切断・加工後の返品交換は一切お受け致しかねます。<br>
※1枚ずつ業務用切り売りでスタッフが丁寧にカットしておりますが<br>
一部に断面が歪んだり欠けしまう場合が御座います。<br>
※念の為、切り損じを1cm程度(A4サイズは5mm程度)踏まえてお考え下さい。<br><center>
<br>
<img SRC=http://image.rakuten.co.jp/auc-automax/cabinet/imgrc0067382276.gif width=670 height=400><BR>
<br>
<img SRC=http://image.rakuten.co.jp/auc-automax/cabinet/img60333004.gif width=670 height=120><BR>
<br>

<br></center>",クッション付きスエードシート(小) 赤●ウレタン スポンジ スエード生地 糊付き アルカンターラ調 65cm&times;50cmレッド カッティング可 起毛 粘着 曲面 革 レザー ヌバックインテリア ウォールクロス 天張り 天井 内装 ステッカー シール バックスキンルック：AUTOMAX izumi,カッティングシートモニタースタンドアルカンターラ調スエード生地シート汎用パーツ自動車アクセサリーメッキモール送料無料ステッカーカー用品バイク用品ドレスアップラグジュアリー内装外装カット済みカーフィルム大阪通販激安格安施工クッション付きスエードシート(小) 赤●ウレタン スポンジ スエード生地 糊付き アルカンターラ調 65cm&times;50cmレッド カッティング可 起毛 粘着 曲面 革 レザー ヌバックインテリア ウォールクロス 天張り 天井 内装 ステッカー シール バックスキンルック,この商品は送料 全国一律600円 です(北海道/沖縄除く)同梱可能。。クッション付きスエードシート(小) 赤●ウレタン スポンジ スエード生地 糊付き アルカンターラ調 65cm&times;50cmレッド カッティング可 起毛 粘着 曲面 革 レザー ヌバックインテリア ウォールクロス 天張り 天井 内装 ステッカー シール バックスキンルック
1-27931,http://tshop.r10s.jp/auc-automax/cabinet/02420218/cushion-suede/img65664368.jpg?fitin=700:700,1538.4000,,日用品雑貨・文房具・手芸 > 手芸・クラフト・生地 > 生地・布,クッション付きスエードシート(小) ベージュ●ウレタン スポンジ スエード生地 糊付き アルカンターラ調 65cm×50cm肌色 カッティング可 起毛 粘着 曲面 革 レザー ヌバックインテリア ウォールクロス 天張り 天井 内装 ステッカー シール バックスキン,この商品は送料 全国一律600円 です(北海道/沖縄除く)同梱可能。,"光沢が抑えられた肌触りの良いアルカンターラ調シートに<br>
<font color=""#cc0000"" size=""5"">ウレタンスポンジを付けた新しいスエード生地シートです。</font><br>
<br>
非常に面倒な車の内張りの天井の張替え…<br>
当商品で一発解決です！<br>
当商品の裏面には糊が付いておりますので、スプレー糊を使用し、<br>
張替え用の生地に糊(ボンド)が染み込み、見える部分がまだらになって<br>
しまうといったお悩みも同時に解消してくれます。<br>
<br>
３Ｄ曲面対応！<br>
段差のある接地面やザラザラ面、木材の切断面、お部屋の壁のパネルと<br>
パネルの間など、凹凸のある箇所に使用しても施工後表面がガタガタせず<br>
非常に綺麗な見栄えで仕上がります。<br>
<br>
当商品は当店のスエード生地シートと同じ生地にウレタンスポンジの<br>
クッションが付属したものですので、併用が可能です。<br>
<br>
<br>
ステッカー感覚で施工を楽しんで下さい。<br>
ルーフ、トランクルーム、インパネ、オーディオコンソール、<br>
ドアの内張りなどに最適です。<br>
自動車内装だけでなく、お部屋のインテリアファブリックとして<br>
ウォールステッカーや、壁紙などとしてもお使い頂けます。<br>
<br>
※当商品はハイクオリティの韓国製です。 <br>
安価な中国製のものとは全く違います。 <br>
<br>
<br>
【カラー】<br>
商品名（商品タイトル）記載のカラーです。<br>
※全６種類ございます。<br>
ブラック(黒)/オレンジ(柿)/レッド(赤)/ベージュ(肌色)/ブルー(青)/グレー(灰) <br>
<br>
【サイズ】 <br>
商品名（商品タイトル）記載のサイズです。<br>
※全３種類ございます（幅の変更は出来ません）<br>
・Ａ４サイズ　→　幅30cm×20cm  <br>
・小　　　　　→　幅65cm×50cm<br>
・大　　　　　→　幅135cm×100cm<br>
※大サイズに関しまして<br>
100cm以上をご希望の方は希望の長さ(ｍ)分ご購入下さい。<BR>
一度に10m以上ご購入に関しましては送料・代引き手数料<BR>当社が負担させて頂きます。<BR>10mまでであれば1ｍ毎に延長可能。10mを超える場合10ｍ毎にカット致します。<br>
延長をご希望の場合は、希望の長さ（m）分ご購入下さい。<br>
長さ5ｍ以上をご希望の方は在庫の有無をお電話にて<br>
ご確認下さいますようお願い申し上げます。<br><br><br>
 <br>
<font color=""#cc0000"" size=""3"">※色/伸び/質感に関する質問が多々御座いますがモニター環境に<br>
よって色味が異なったり、感じ方に個人差がございますので<br>
不安な方は1円出品しておりますサンプルセットをご購入の<br>
上、商品をご購入下さいますようお願い申し上げます。<br>
購入後の上記理由での返品はお受けできません。</font><br>
<br>
【注意事項】<br>
※貼り付け・車検に関するご質問はお答え致しかねます。<br>
※取り付け前に必ず商品確認を行ってください。<br>
切断・加工後の返品交換は一切お受け致しかねます。<br>
※1枚ずつ業務用切り売りでスタッフが丁寧にカットしておりますが<br>
一部に断面が歪んだり欠けしまう場合が御座います。<br>
※念の為、切り損じを1cm程度(A4サイズは5mm程度)踏まえてお考え下さい。<br><center>
<br>
<img SRC=http://image.rakuten.co.jp/auc-automax/cabinet/imgrc0067382276.gif width=670 height=400><BR>
<br>
<img SRC=http://image.rakuten.co.jp/auc-automax/cabinet/img60333004.gif width=670 height=120><BR>
<br>

<br></center>",クッション付きスエードシート(小) ベージュ●ウレタン スポンジ スエード生地 糊付き アルカンターラ調 65cm&times;50cm肌色 カッティング可 起毛 粘着 曲面 革 レザー ヌバックインテリア ウォールクロス 天張り 天井 内装 ステッカー シール バックスキン：AUTOMAX izumi,カッティングシートモニタースタンドアルカンターラ調スエード生地シート汎用パーツ自動車アクセサリーメッキモール送料無料ステッカーカー用品バイク用品ドレスアップラグジュアリー内装外装カット済みカーフィルム大阪通販激安格安施工クッション付きスエードシート(小) ベージュ●ウレタン スポンジ スエード生地 糊付き アルカンターラ調 65cm&times;50cm肌色 カッティング可 起毛 粘着 曲面 革 レザー ヌバックインテリア ウォールクロス 天張り 天井 内装 ステッカー シール バックスキン,この商品は送料 全国一律600円 です(北海道/沖縄除く)同梱可能。。クッション付きスエードシート(小) ベージュ●ウレタン スポンジ スエード生地 糊付き アルカンターラ調 65cm&times;50cm肌色 カッティング可 起毛 粘着 曲面 革 レザー ヌバックインテリア ウォールクロス 天張り 天井 内装 ステッカー シール バックスキン
1-27932,http://tshop.r10s.jp/auc-automax/cabinet/02420218/cushion-suede/img65664376.jpg?fitin=700:700,1538.4000,,日用品雑貨・文房具・手芸 > 手芸・クラフト・生地 > 生地・布,クッション付きスエードシート(小) 赤●ウレタン スポンジ スエード生地 糊付き アルカンターラ調 65cm×50cmレッド カッティング可 起毛 粘着 曲面 革 レザー ヌバックインテリア ウォールクロス 天張り 天井 内装 ステッカー シール バックスキンルック,この商品は送料 全国一律600円 です(北海道/沖縄除く)同梱可能。,"光沢が抑えられた肌触りの良いアルカンターラ調シートに<br>
<font color=""#cc0000"" size=""5"">ウレタンスポンジを付けた新しいスエード生地シートです。</font><br>
<br>
非常に面倒な車の内張りの天井の張替え…<br>
当商品で一発解決です！<br>
当商品の裏面には糊が付いておりますので、スプレー糊を使用し、<br>
張替え用の生地に糊(ボンド)が染み込み、見える部分がまだらになって<br>
しまうといったお悩みも同時に解消してくれます。<br>
<br>
３Ｄ曲面対応！<br>
段差のある接地面やザラザラ面、木材の切断面、お部屋の壁のパネルと<br>
パネルの間など、凹凸のある箇所に使用しても施工後表面がガタガタせず<br>
非常に綺麗な見栄えで仕上がります。<br>
<br>
当商品は当店のスエード生地シートと同じ生地にウレタンスポンジの<br>
クッションが付属したものですので、併用が可能です。<br>
<br>
<br>
ステッカー感覚で施工を楽しんで下さい。<br>
ルーフ、トランクルーム、インパネ、オーディオコンソール、<br>
ドアの内張りなどに最適です。<br>
自動車内装だけでなく、お部屋のインテリアファブリックとして<br>
ウォールステッカーや、壁紙などとしてもお使い頂けます。<br>
<br>
※当商品はハイクオリティの韓国製です。 <br>
安価な中国製のものとは全く違います。 <br>
<br>
<br>
【カラー】<br>
商品名（商品タイトル）記載のカラーです。<br>
※全６種類ございます。<br>
ブラック(黒)/オレンジ(柿)/レッド(赤)/ベージュ(肌色)/ブルー(青)/グレー(灰) <br>
<br>
【サイズ】 <br>
商品名（商品タイトル）記載のサイズです。<br>
※全３種類ございます（幅の変更は出来ません）<br>
・Ａ４サイズ　→　幅30cm×20cm  <br>
・小　　　　　→　幅65cm×50cm<br>
・大　　　　　→　幅135cm×100cm<br>
※大サイズに関しまして<br>
100cm以上をご希望の方は希望の長さ(ｍ)分ご購入下さい。<BR>
一度に10m以上ご購入に関しましては送料・代引き手数料<BR>当社が負担させて頂きます。<BR>10mまでであれば1ｍ毎に延長可能。10mを超える場合10ｍ毎にカット致します。<br>
延長をご希望の場合は、希望の長さ（m）分ご購入下さい。<br>
長さ5ｍ以上をご希望の方は在庫の有無をお電話にて<br>
ご確認下さいますようお願い申し上げます。<br><br><br>
 <br>
<font color=""#cc0000"" size=""3"">※色/伸び/質感に関する質問が多々御座いますがモニター環境に<br>
よって色味が異なったり、感じ方に個人差がございますので<br>
不安な方は1円出品しておりますサンプルセットをご購入の<br>
上、商品をご購入下さいますようお願い申し上げます。<br>
購入後の上記理由での返品はお受けできません。</font><br>
<br>
【注意事項】<br>
※貼り付け・車検に関するご質問はお答え致しかねます。<br>
※取り付け前に必ず商品確認を行ってください。<br>
切断・加工後の返品交換は一切お受け致しかねます。<br>
※1枚ずつ業務用切り売りでスタッフが丁寧にカットしておりますが<br>
一部に断面が歪んだり欠けしまう場合が御座います。<br>
※念の為、切り損じを1cm程度(A4サイズは5mm程度)踏まえてお考え下さい。<br><center>
<br>
<img SRC=http://image.rakuten.co.jp/auc-automax/cabinet/imgrc0067382276.gif width=670 height=400><BR>
<br>
<img SRC=http://image.rakuten.co.jp/auc-automax/cabinet/img60333004.gif width=670 height=120><BR>
<br>

<br></center>",クッション付きスエードシート(小) 赤●ウレタン スポンジ スエード生地 糊付き アルカンターラ調 65cm&times;50cmレッド カッティング可 起毛 粘着 曲面 革 レザー ヌバックインテリア ウォールクロス 天張り 天井 内装 ステッカー シール バックスキンルック：AUTOMAX izumi,カッティングシートモニタースタンドアルカンターラ調スエード生地シート汎用パーツ自動車アクセサリーメッキモール送料無料ステッカーカー用品バイク用品ドレスアップラグジュアリー内装外装カット済みカーフィルム大阪通販激安格安施工クッション付きスエードシート(小) 赤●ウレタン スポンジ スエード生地 糊付き アルカンターラ調 65cm&times;50cmレッド カッティング可 起毛 粘着 曲面 革 レザー ヌバックインテリア ウォールクロス 天張り 天井 内装 ステッカー シール バックスキンルック,この商品は送料 全国一律600円 です(北海道/沖縄除く)同梱可能。。クッション付きスエードシート(小) 赤●ウレタン スポンジ スエード生地 糊付き アルカンターラ調 65cm&times;50cmレッド カッティング可 起毛 粘着 曲面 革 レザー ヌバックインテリア ウォールクロス 天張り 天井 内装 ステッカー シール バックスキンルック
1-27933,http://tshop.r10s.jp/auc-automax/cabinet/02420218/trim-recovery-sheet/img65939880.gif?fitin=700:700,402.4000,,日用品雑貨・文房具・手芸 > 手芸・クラフト・生地 > 生地・布,純正トリム張替えシート(A4) 灰■【メール便 送料無料】内装 張替用メッシュ生地 糊付き30cm×20cm グレーウレタン スポンジ付きスポーツニット曲面/カッティング可天井/クッション修理/補修/レストア/リペア【RCP】,メール便送料無料。代引の場合は宅急便送料に変更し発送致します,"内装を蘇らせる純正トリム張替えシート登場!!<br>
<br>
欧州車によく見られる天井の垂れ下がりや、肘掛け、シート等の<br>
経年劣化による破れや汚れ、穴あき、引っかき傷などをお手軽!簡単に<BR>
純正同等に蘇らせる<BR><b><font color=""#cc0000"" size=""4"">ウレタンクッション付きのメッシュシート<BR>その名も　トリムリカバリーシート　です!!</font></b><br>
<br>
レカロシート、ブリッド等バケットシートの張替えや天井張替、ドア内張り、<BR>
内装の様々な加工・修復に使用出来、裏面には糊が付いておりますので<BR>
スプレー糊を使用したせいで張替え用の生地に糊(ボンド)が染み込み、<BR>
見える部分がまだらになってしまったといったお悩みも簡単に解決!<BR>
<br>
<br>
伸縮性・弾力性に非常に富み、3D曲面にも当然対応しております。<br>
また段差のある接地面やザラザラ面、木材の切断面、お部屋の壁のパネルと<BR>
パネルの間など、凹凸のある箇所に使用しても施工後 表面がガタガタせず<BR>
綺麗な見栄えで仕上がる張り易さ抜群のカッティング可能なシートです。<br>
※当商品はハイクオリティの韓国製です。 <br>
安価な中国製のものとは全く違います。 <br>
<br>
<BR>

<br>
<br>
【カラー】<br>
商品名（商品タイトル）記載のカラーです。<br>
※全3種類ございます。<br>
ブラック(黒色) / ベージュ(肌色) / グレー(灰) <br>
<br>
【サイズ】 <br>
商品名（商品タイトル）記載のサイズです。<br>
※全３種類ございます（幅の変更は出来ません）<br>
・Ａ４サイズ　→　幅30cm×20cm <br>
・小　　　　　→　幅65cm×50cm<br>
・大　　　　　→　幅135cm×100cm<br>
<br>
※大サイズに関しまして<br>
100cm以上をご希望の方は希望の長さ(ｍ)分ご購入下さい。<br>
一度に10m以上ご購入に関しましては送料・代引き手数料<br>
当社が負担させて頂きます。<br>
10mまでであれば1ｍ毎に延長可能。10mを超える場合10ｍ毎にカット致します。<br>
延長をご希望の場合は、希望の長さ（m）分ご購入下さい。<br>
長さ5ｍ以上をご希望の方は在庫の有無をお電話にて<br>
ご確認下さいますようお願い申し上げます。<br>
<br>
当商品と同様のウレタンスポンジクッションの付いたアルカンターラ調のスエード<br>
生地シート（クッション付きスエードシート）も販売しております。<br>
<br>クッション付きスエードシートの購入はコチラ<br><br>
<br>
ステッカー感覚でルーフ、トランクルーム、インパネ、オーディオ<BR>
コンソール等はもちろん、自動車の内装のみならず、お部屋の<BR>
インテリアファブリックやウォールステッカー、壁紙としても！<br>
<br>
<br>
<br><font color=""#cc0000"" size=""3"">※色/伸び/質感に関する質問が多々御座いますがモニター環境に<br>
よって色味が異なったり、感じ方に個人差がございますので<br>
不安な方は1円出品しておりますサンプルセットをご購入の上、<br>
商品をご購入下さいますようお願い申し上げます。<br>
購入後の上記理由での返品はお受けできません。</font><br><br>
サンプルセット購入はコチラ<br><br>
<br>
【注意事項】<br>
※貼り付け・車検に関するご質問はお答え致しかねます。<br>
※取り付け前に必ず商品確認を行ってください。<br>
切断・加工後の返品交換は一切お受け致しかねます。<br>
※1枚ずつ業務用切り売りでスタッフが丁寧にカットしておりますが<br>
一部に断面が歪んだり欠けしまう場合が御座います。<br>
※切り損じを1cm程度(A4サイズは5mm程度)踏まえてお考え下さい。<br>
<br>
アウディ,アウディー,レンジローバー,外車,ニュー ビートル,ジェッタ<br>
フォルクスワーゲン,オペル ベクトラ,オリジナル, BMW,ゴルフ,クワトロ<br>シトロエン,プジョー,ユーロ車,プリウス等あらゆる車種に使用可能!!<br><center>
<br>
<img SRC=http://image.rakuten.co.jp/auc-automax/cabinet/imgrc0067382276.gif width=670 height=400><BR>
<br>
<img SRC=http://image.rakuten.co.jp/auc-automax/cabinet/img60333004.gif width=670 height=120><BR>
<br>

<br></center>",純正トリム張替えシート(A4) 灰■【メール便 送料無料】内装 張替用メッシュ生地 糊付き30cm&times;20cm グレーウレタン スポンジ付きスポーツニット曲面/カッティング可天井/クッション修理/補修/レストア/リペア【RCP】：AUTOMAX izumi,カッティングシートモニタースタンドアルカンターラ調スエード生地シート汎用パーツ自動車アクセサリーメッキモール送料無料ステッカーカー用品バイク用品ドレスアップラグジュアリー内装外装カット済みカーフィルム大阪通販激安格安施工純正トリム張替えシート(A4) 灰■【メール便 送料無料】内装 張替用メッシュ生地 糊付き30cm&times;20cm グレーウレタン スポンジ付きスポーツニット曲面/カッティング可天井/クッション修理/補修/レストア/リペア【RCP】,メール便送料無料。代引の場合は宅急便送料に変更し発送致します。純正トリム張替えシート(A4) 灰■【メール便 送料無料】内装 張替用メッシュ生地 糊付き30cm&times;20cm グレーウレタン スポンジ付きスポーツニット曲面/カッティング可天井/クッション修理/補修/レストア/リペア【RCP】
1-27934,http://tshop.r10s.jp/auc-automax/cabinet/02420218/02420238/img58126747.jpg?fitin=700:700,579.2000,,日用品雑貨・文房具・手芸 > 手芸・クラフト・生地 > 生地・布,【在庫処分】スエード(小) パープル●スエード生地シート　糊付き/アルカンターラ調/紫65cm×50cmスエードシートバックスキンルック曲面対応/カッティング可能シート状内装/インテリア/ウォールクロス/革/レザー検：東レ,この商品は送料 全国一律600円 です(北海道/沖縄除く)同梱可能。,"<TR> <TD HEIGHT=6></TD> <TD HEIGHT=6></TD> <TD HEIGHT=6></TD> </TR><BR><CENTER><FONT COLOR=#CCBBAA SIZE=4><B></B></FONT><BR><BR><TABLE WIDTH=600 CELLSPACING=1 BORDER=0 CELLPADDING=1 BGCOLOR=#CCCCCC><TR><TD BGCOLOR=#FF7F50><TABLE WIDTH=100% CELLSPACING=2 BORDER=0 CELLPADDING=5><TR><TD ALIGN=left BGCOLOR=#FF7F50><FONT COLOR=#333333 SIZE=3><B>★★商品説明★★</B></FONT></TD></TR></TABLE><TABLE WIDTH=100% CELLSPACING=2 BORDER=0 CELLPADDING=0><TR><TD HEIGHT=2 BGCOLOR=#CCBBAA></TD></TR></TABLE><TABLE WIDTH=100% CELLSPACING=2 BORDER=0 CELLPADDING=5><TR><TD ALIGN=left BGCOLOR=#FFF8EE><FONT COLOR=#333333 SIZE=3>半額価格セール!!<BR>
<BR>
在庫過剰の為、処分価格で販売!<BR><BR>高級感のある肌触りの良いスエード調シートです。<BR>
キメ細かなリアルな起毛の質感！<BR>
<BR>
曲面への施工も可能。<BR>
愛車の内張り・ダッシュボード・コンソール<BR>
肘掛け・メーターパネル等に使用すれば<BR>
格段と高級感がアップします。<BR>
<BR>
その他、<BR>
インテリアとして様々な場所にご使用頂けます。<BR>
大きい場所、好きな場所へ施工可能。<BR>
シートの裏に糊が付いておりますので、<BR>
お取り付けも簡単に出来ます。<BR>
<BR>
只今、人気急上昇中のお勧めの逸品です。<BR>
<br>【カラー】<br>
商品名（商品タイトル）記載のカラーです。<br>
※全14種類ございます。<br>
ブラック/レッド/ホワイト/ブルー/グレー<br>パープル/ピンク/オレンジ/ベージュ/ワインレッド<br>マスタードイエロー/ネイビーブルー/ブラウン/グリーン<br><br>
<br>
【サイズ】 <br>
商品名（商品タイトル）記載のサイズです。<br>
※全３種類ございます（幅の変更は出来ません）<br>
・Ａ４サイズ　→　幅30cm×20cm  <br>
・小　　　　　→　幅65cm×50cm<br>
・大　　　　　→　幅135cm×100cm<br>
※大サイズに関しまして<br>
100cm以上をご希望の方は希望の長さ(ｍ)分ご購入下さい。<BR>
一度に10m以上ご購入に関しましては送料・代引き手数料<BR>当社が負担させて頂きます。<BR>30mまでであれば1ｍ毎に延長可能。<br>
延長をご希望の場合は、希望の長さ（m）分ご購入下さい。<br>
長さ5ｍ以上をご希望の方は在庫の有無をお電話にて<br>
ご確認下さいますようお願い申し上げます。<br><br><br>
<br>
※色/伸び/質感に関する質問が多々御座いますがモニター環境に<br>
よって色味が異なったり、感じ方に個人差がございますので<br>
不安な方はサンプルセットをご購入の上、実物をご確認頂いてから<br>商品をご購入下さいますようお願い申し上げます。<BR><br>【サンプルセット購入はコチラ】<BR><BR>
購入後の上記理由での返品はお受けできません。<br>
<br>
【注意事項】<br>
※貼り付け・車検に関するご質問はお答え致しかねます。<br>
※取り付け前に必ず商品確認を行ってください。<br>
切断・加工後の返品交換は一切お受け致しかねます。<br>
※1枚ずつ業務用切り売りでスタッフが丁寧にカットしておりますが<br>
一部に断面が歪んだり欠けしまう場合が御座います。<br>
※念の為、切り損じを1cm程度(A4サイズは5mm程度)踏まえてお考え下さい。
</FONT></TD></TR></TABLE></TD></TR></TABLE><BR><BR><BR><TABLE WIDTH=600 CELLSPACING=1 BORDER=0 CELLPADDING=1 BGCOLOR=#CCCCCC><TR><TD BGCOLOR=#FF7F50><TABLE WIDTH=100% CELLSPACING=2 BORDER=0 CELLPADDING=5><TR><TD ALIGN=left BGCOLOR=#FF7F50><FONT COLOR=#333333 SIZE=3><B>★★発送方法/送料★★</B></FONT></TD></TR></TABLE><TABLE WIDTH=100% CELLSPACING=2 BORDER=0 CELLPADDING=0><TR><TD HEIGHT=2 BGCOLOR=#CCBBAA></TD></TR></TABLE><TABLE WIDTH=100% CELLSPACING=2 BORDER=0 CELLPADDING=5><TR><TD ALIGN=left BGCOLOR=#FFF8EE><FONT COLOR=#333333 SIZE=3>商品名に【送料無料】の記載がある場合は、送料無料です。<BR>※北海道・沖縄・離島除く<BR><BR><FONT SIZE=5>【全国送料表】</FONT>をご確認下さいませ。<BR><BR>複数の商品を同梱可能です。<BR>※同梱をご希望の場合、必ず同じお買い物カゴ（カート）でご注文下さい。<BR>※別々のお買い物カゴで注文された場合は別々に梱包し発送致します。<BR>その為、送料・代引き手数料は発送個数分請求させて頂きます。<BR><BR>★発送に関する注意事項★<BR>---------------------------------------- <BR>当方指定宅急便ですので配送業者は選択できません。 <BR>時間指定は対応いたしておりません。<BR>発送連絡に記載の問い合わせ番号でご自身でご確認頂けます。<BR>離島は発送が一日遅れます。 <BR>----------------------------------------<BR>★商品代引★　　<BR>宅急便送料+別途手数料３７０円 <BR>休業日　商品ページ左バナーカレンダーに記載</FONT></TD></TR></TABLE></TD></TR></TABLE><BR><TABLE WIDTH=600 CELLSPACING=1 BORDER=0 CELLPADDING=1 BGCOLOR=#CCCCCC><TR><TD BGCOLOR=#FF7F50><TABLE WIDTH=100% CELLSPACING=2 BORDER=0 CELLPADDING=5><TR><TD ALIGN=left BGCOLOR=#FF7F50><FONT COLOR=#333333 SIZE=3><B>★★支払方法★</B></FONT></TD></TR></TABLE><TABLE WIDTH=100% CELLSPACING=2 BORDER=0 CELLPADDING=0><TR><TD HEIGHT=2 BGCOLOR=#CCBBAA></TD></TR></TABLE><TABLE WIDTH=100% CELLSPACING=2 BORDER=0 CELLPADDING=5><TR><TD ALIGN=left BGCOLOR=#FFF8EE><FONT COLOR=#333333 SIZE=3>●楽天銀行　振込<BR>●商品代引<BR>●クレジットカード決済<BR>●コンビニ決済（前払い）<BR>●楽天Edy決済<BR>●auかんたん決済<BR></FONT></TD></TR></TABLE></TD></TR></TABLE><BR><IMG SRC=http://image.rakuten.co.jp/auc-automax/cabinet/03561925/img63193783.gif WIDTH=600><BR><BR></CENTER><center><BR><BR><img src=http://image.rakuten.co.jp/auc-automax/cabinet/03619501/cuttingsheet-cate/imgrc0068742328.gif width=195> <img src=http://image.rakuten.co.jp/auc-automax/cabinet/03619501/cuttingsheet-cate/imgrc0068742325.gif width=195> <img src=http://image.rakuten.co.jp/auc-automax/cabinet/03619501/cuttingsheet-cate/imgrc0068742326.gif width=195><BR><br>

<img src=http://image.rakuten.co.jp/auc-automax/cabinet/03619501/cuttingsheet-cate/imgrc0068742261.jpg width=195> 
<img src=http://image.rakuten.co.jp/auc-automax/cabinet/03619501/cuttingsheet-cate/imgrc0068742260.jpg width=195> 
<img src=http://image.rakuten.co.jp/auc-automax/cabinet/03619501/cuttingsheet-cate/imgrc0068742262.jpg width=195><BR>
<img src=http://image.rakuten.co.jp/auc-automax/cabinet/03619501/cuttingsheet-cate/imgrc0068742263.jpg width=195> 
<img src=http://image.rakuten.co.jp/auc-automax/cabinet/03619501/cuttingsheet-cate/imgrc0068742264.jpg width=195> 
<img src=http://image.rakuten.co.jp/auc-automax/cabinet/03619501/cuttingsheet-cate/imgrc0068742265.jpg width=195><BR>
<img src=http://image.rakuten.co.jp/auc-automax/cabinet/03619501/cuttingsheet-cate/imgrc0068742266.jpg width=195> 
<img src=http://image.rakuten.co.jp/auc-automax/cabinet/03619501/cuttingsheet-cate/imgrc0068742267.jpg width=195> 
<img src=http://image.rakuten.co.jp/auc-automax/cabinet/03619501/cuttingsheet-cate/imgrc0068742268.jpg width=195><BR>
<img src=http://image.rakuten.co.jp/auc-automax/cabinet/03619501/cuttingsheet-cate/imgrc0068742269.jpg width=195> 
<img src=http://image.rakuten.co.jp/auc-automax/cabinet/03619501/cuttingsheet-cate/imgrc0068742270.jpg width=195> 
<img src=http://image.rakuten.co.jp/auc-automax/cabinet/03619501/cuttingsheet-cate/imgrc0068742271.jpg width=195><BR>
<img src=http://image.rakuten.co.jp/auc-automax/cabinet/03619501/cuttingsheet-cate/imgrc0068742276.jpg width=195> 
<img src=http://image.rakuten.co.jp/auc-automax/cabinet/03619501/cuttingsheet-cate/imgrc0068742277.jpg width=195> </center><center>
<br>
<img SRC=http://image.rakuten.co.jp/auc-automax/cabinet/imgrc0067382276.gif width=670 height=400><BR>
<br>
<img SRC=http://image.rakuten.co.jp/auc-automax/cabinet/img60333004.gif width=670 height=120><BR>
<br>

<br></center>",【在庫処分】スエード(小) パープル●スエード生地シート　糊付き/アルカンターラ調/紫65cm&times;50cmスエードシートバックスキンルック曲面対応/カッティング可能シート状内装/インテリア/ウォールクロス/革/レザー検：東レ：AUTOMAX izumi,カッティングシートモニタースタンドアルカンターラ調スエード生地シート汎用パーツ自動車アクセサリーメッキモール送料無料ステッカーカー用品バイク用品ドレスアップラグジュアリー内装外装カット済みカーフィルム大阪通販激安格安施工【在庫処分】スエード(小) パープル●スエード生地シート　糊付き/アルカンターラ調/紫65cm&times;50cmスエードシートバックスキンルック曲面対応/カッティング可能シート状内装/インテリア/ウォールクロス/革/レザー検：東レ,この商品は送料 全国一律600円 です(北海道/沖縄除く)同梱可能。。【在庫処分】スエード(小) パープル●スエード生地シート　糊付き/アルカンターラ調/紫65cm&times;50cmスエードシートバックスキンルック曲面対応/カッティング可能シート状内装/インテリア/ウォールクロス/革/レザー検：東レ
1-27935,http://tshop.r10s.jp/auc-automax/cabinet/02420218/trim-recovery-sheet/img65939878.gif?fitin=700:700,402.4000,,日用品雑貨・文房具・手芸 > 手芸・クラフト・生地 > 生地・布,純正トリム張替えシート(A4) ベージュ■【メール便 送料無料】内装 張替用メッシュ生地 糊付き30cm×20cm 肌色ウレタン スポンジ付きスポーツニット曲面/カッティング可天井/クッション修理/補修/レストア/リペア【RCP】,メール便送料無料。代引の場合は宅急便送料に変更し発送致します,"内装を蘇らせる純正トリム張替えシート登場!!<br>
<br>
欧州車によく見られる天井の垂れ下がりや、肘掛け、シート等の<br>
経年劣化による破れや汚れ、穴あき、引っかき傷などをお手軽!簡単に<BR>
純正同等に蘇らせる<BR><b><font color=""#cc0000"" size=""4"">ウレタンクッション付きのメッシュシート<BR>その名も　トリムリカバリーシート　です!!</font></b><br>
<br>
レカロシート、ブリッド等バケットシートの張替えや天井張替、ドア内張り、<BR>
内装の様々な加工・修復に使用出来、裏面には糊が付いておりますので<BR>
スプレー糊を使用したせいで張替え用の生地に糊(ボンド)が染み込み、<BR>
見える部分がまだらになってしまったといったお悩みも簡単に解決!<BR>
<br>
<br>
伸縮性・弾力性に非常に富み、3D曲面にも当然対応しております。<br>
また段差のある接地面やザラザラ面、木材の切断面、お部屋の壁のパネルと<BR>
パネルの間など、凹凸のある箇所に使用しても施工後 表面がガタガタせず<BR>
綺麗な見栄えで仕上がる張り易さ抜群のカッティング可能なシートです。<br>
※当商品はハイクオリティの韓国製です。 <br>
安価な中国製のものとは全く違います。 <br>
<br>
<BR>

<br>
<br>
【カラー】<br>
商品名（商品タイトル）記載のカラーです。<br>
※全3種類ございます。<br>
ブラック(黒色) / ベージュ(肌色) / グレー(灰) <br>
<br>
【サイズ】 <br>
商品名（商品タイトル）記載のサイズです。<br>
※全３種類ございます（幅の変更は出来ません）<br>
・Ａ４サイズ　→　幅30cm×20cm <br>
・小　　　　　→　幅65cm×50cm<br>
・大　　　　　→　幅135cm×100cm<br>
<br>
※大サイズに関しまして<br>
100cm以上をご希望の方は希望の長さ(ｍ)分ご購入下さい。<br>
一度に10m以上ご購入に関しましては送料・代引き手数料<br>
当社が負担させて頂きます。<br>
10mまでであれば1ｍ毎に延長可能。10mを超える場合10ｍ毎にカット致します。<br>
延長をご希望の場合は、希望の長さ（m）分ご購入下さい。<br>
長さ5ｍ以上をご希望の方は在庫の有無をお電話にて<br>
ご確認下さいますようお願い申し上げます。<br>
<br>
当商品と同様のウレタンスポンジクッションの付いたアルカンターラ調のスエード<br>
生地シート（クッション付きスエードシート）も販売しております。<br>
<br>クッション付きスエードシートの購入はコチラ<br><br>
<br>
ステッカー感覚でルーフ、トランクルーム、インパネ、オーディオ<BR>
コンソール等はもちろん、自動車の内装のみならず、お部屋の<BR>
インテリアファブリックやウォールステッカー、壁紙としても！<br>
<br>
<br>
<br><font color=""#cc0000"" size=""3"">※色/伸び/質感に関する質問が多々御座いますがモニター環境に<br>
よって色味が異なったり、感じ方に個人差がございますので<br>
不安な方は1円出品しておりますサンプルセットをご購入の上、<br>
商品をご購入下さいますようお願い申し上げます。<br>
購入後の上記理由での返品はお受けできません。</font><br><br>
サンプルセット購入はコチラ<br><br>
<br>
【注意事項】<br>
※貼り付け・車検に関するご質問はお答え致しかねます。<br>
※取り付け前に必ず商品確認を行ってください。<br>
切断・加工後の返品交換は一切お受け致しかねます。<br>
※1枚ずつ業務用切り売りでスタッフが丁寧にカットしておりますが<br>
一部に断面が歪んだり欠けしまう場合が御座います。<br>
※切り損じを1cm程度(A4サイズは5mm程度)踏まえてお考え下さい。<br>
<br>
アウディ,アウディー,レンジローバー,外車,ニュー ビートル,ジェッタ<br>
フォルクスワーゲン,オペル ベクトラ,オリジナル, BMW,ゴルフ,クワトロ<br>シトロエン,プジョー,ユーロ車,プリウス等あらゆる車種に使用可能!!<br><center>
<br>
<img SRC=http://image.rakuten.co.jp/auc-automax/cabinet/imgrc0067382276.gif width=670 height=400><BR>
<br>
<img SRC=http://image.rakuten.co.jp/auc-automax/cabinet/img60333004.gif width=670 height=120><BR>
<br>

<br></center>",純正トリム張替えシート(A4) ベージュ■【メール便 送料無料】内装 張替用メッシュ生地 糊付き30cm&times;20cm 肌色ウレタン スポンジ付きスポーツニット曲面/カッティング可天井/クッション修理/補修/レストア/リペア【RCP】：AUTOMAX izumi,カッティングシートモニタースタンドアルカンターラ調スエード生地シート汎用パーツ自動車アクセサリーメッキモール送料無料ステッカーカー用品バイク用品ドレスアップラグジュアリー内装外装カット済みカーフィルム大阪通販激安格安施工純正トリム張替えシート(A4) ベージュ■【メール便 送料無料】内装 張替用メッシュ生地 糊付き30cm&times;20cm 肌色ウレタン スポンジ付きスポーツニット曲面/カッティング可天井/クッション修理/補修/レストア/リペア【RCP】,メール便送料無料。代引の場合は宅急便送料に変更し発送致します。純正トリム張替えシート(A4) ベージュ■【メール便 送料無料】内装 張替用メッシュ生地 糊付き30cm&times;20cm 肌色ウレタン スポンジ付きスポーツニット曲面/カッティング可天井/クッション修理/補修/レストア/リペア【RCP】
1-27936,http://tshop.r10s.jp/auc-automax/cabinet/02420218/trim-recovery-sheet/img65939878.gif?fitin=700:700,402.4000,,日用品雑貨・文房具・手芸 > 手芸・クラフト・生地 > 生地・布,純正トリム張替えシート(A4) ベージュ■【メール便 送料無料】内装 張替用メッシュ生地 糊付き30cm×20cm 肌色ウレタン スポンジ付きスポーツニット曲面/カッティング可天井/クッション修理/補修/レストア/リペア【RCP】,メール便送料無料。代引の場合は宅急便送料に変更し発送致します,"内装を蘇らせる純正トリム張替えシート登場!!<br>
<br>
欧州車によく見られる天井の垂れ下がりや、肘掛け、シート等の<br>
経年劣化による破れや汚れ、穴あき、引っかき傷などをお手軽!簡単に<BR>
純正同等に蘇らせる<BR><b><font color=""#cc0000"" size=""4"">ウレタンクッション付きのメッシュシート<BR>その名も　トリムリカバリーシート　です!!</font></b><br>
<br>
レカロシート、ブリッド等バケットシートの張替えや天井張替、ドア内張り、<BR>
内装の様々な加工・修復に使用出来、裏面には糊が付いておりますので<BR>
スプレー糊を使用したせいで張替え用の生地に糊(ボンド)が染み込み、<BR>
見える部分がまだらになってしまったといったお悩みも簡単に解決!<BR>
<br>
<br>
伸縮性・弾力性に非常に富み、3D曲面にも当然対応しております。<br>
また段差のある接地面やザラザラ面、木材の切断面、お部屋の壁のパネルと<BR>
パネルの間など、凹凸のある箇所に使用しても施工後 表面がガタガタせず<BR>
綺麗な見栄えで仕上がる張り易さ抜群のカッティング可能なシートです。<br>
※当商品はハイクオリティの韓国製です。 <br>
安価な中国製のものとは全く違います。 <br>
<br>
<BR>

<br>
<br>
【カラー】<br>
商品名（商品タイトル）記載のカラーです。<br>
※全3種類ございます。<br>
ブラック(黒色) / ベージュ(肌色) / グレー(灰) <br>
<br>
【サイズ】 <br>
商品名（商品タイトル）記載のサイズです。<br>
※全３種類ございます（幅の変更は出来ません）<br>
・Ａ４サイズ　→　幅30cm×20cm <br>
・小　　　　　→　幅65cm×50cm<br>
・大　　　　　→　幅135cm×100cm<br>
<br>
※大サイズに関しまして<br>
100cm以上をご希望の方は希望の長さ(ｍ)分ご購入下さい。<br>
一度に10m以上ご購入に関しましては送料・代引き手数料<br>
当社が負担させて頂きます。<br>
10mまでであれば1ｍ毎に延長可能。10mを超える場合10ｍ毎にカット致します。<br>
延長をご希望の場合は、希望の長さ（m）分ご購入下さい。<br>
長さ5ｍ以上をご希望の方は在庫の有無をお電話にて<br>
ご確認下さいますようお願い申し上げます。<br>
<br>
当商品と同様のウレタンスポンジクッションの付いたアルカンターラ調のスエード<br>
生地シート（クッション付きスエードシート）も販売しております。<br>
<br>クッション付きスエードシートの購入はコチラ<br><br>
<br>
ステッカー感覚でルーフ、トランクルーム、インパネ、オーディオ<BR>
コンソール等はもちろん、自動車の内装のみならず、お部屋の<BR>
インテリアファブリックやウォールステッカー、壁紙としても！<br>
<br>
<br>
<br><font color=""#cc0000"" size=""3"">※色/伸び/質感に関する質問が多々御座いますがモニター環境に<br>
よって色味が異なったり、感じ方に個人差がございますので<br>
不安な方は1円出品しておりますサンプルセットをご購入の上、<br>
商品をご購入下さいますようお願い申し上げます。<br>
購入後の上記理由での返品はお受けできません。</font><br><br>
サンプルセット購入はコチラ<br><br>
<br>
【注意事項】<br>
※貼り付け・車検に関するご質問はお答え致しかねます。<br>
※取り付け前に必ず商品確認を行ってください。<br>
切断・加工後の返品交換は一切お受け致しかねます。<br>
※1枚ずつ業務用切り売りでスタッフが丁寧にカットしておりますが<br>
一部に断面が歪んだり欠けしまう場合が御座います。<br>
※切り損じを1cm程度(A4サイズは5mm程度)踏まえてお考え下さい。<br>
<br>
アウディ,アウディー,レンジローバー,外車,ニュー ビートル,ジェッタ<br>
フォルクスワーゲン,オペル ベクトラ,オリジナル, BMW,ゴルフ,クワトロ<br>シトロエン,プジョー,ユーロ車,プリウス等あらゆる車種に使用可能!!<br><center>
<br>
<img SRC=http://image.rakuten.co.jp/auc-automax/cabinet/imgrc0067382276.gif width=670 height=400><BR>
<br>
<img SRC=http://image.rakuten.co.jp/auc-automax/cabinet/img60333004.gif width=670 height=120><BR>
<br>

<br></center>",純正トリム張替えシート(A4) ベージュ■【メール便 送料無料】内装 張替用メッシュ生地 糊付き30cm&times;20cm 肌色ウレタン スポンジ付きスポーツニット曲面/カッティング可天井/クッション修理/補修/レストア/リペア【RCP】：AUTOMAX izumi,カッティングシートモニタースタンドアルカンターラ調スエード生地シート汎用パーツ自動車アクセサリーメッキモール送料無料ステッカーカー用品バイク用品ドレスアップラグジュアリー内装外装カット済みカーフィルム大阪通販激安格安施工純正トリム張替えシート(A4) ベージュ■【メール便 送料無料】内装 張替用メッシュ生地 糊付き30cm&times;20cm 肌色ウレタン スポンジ付きスポーツニット曲面/カッティング可天井/クッション修理/補修/レストア/リペア【RCP】,メール便送料無料。代引の場合は宅急便送料に変更し発送致します。純正トリム張替えシート(A4) ベージュ■【メール便 送料無料】内装 張替用メッシュ生地 糊付き30cm&times;20cm 肌色ウレタン スポンジ付きスポーツニット曲面/カッティング可天井/クッション修理/補修/レストア/リペア【RCP】
1-27937,http://tshop.r10s.jp/auc-automax/cabinet/02420218/trim-recovery-sheet/img65939887.gif?fitin=700:700,2760.0000,,日用品雑貨・文房具・手芸 > 手芸・クラフト・生地 > 生地・布,純正トリム張替えシート(大) ベージュ♪内装 張替用メッシュ生地 糊付き135cm×1m～ 肌色ウレタン スポンジ付きスポーツニット曲面対応/カッティング可内装/肘掛け/ドア内張り/天井/張替え修理/補修/レストア/リペア検:レカロ/バケッド,この商品は送料 全国一律600円 です(北海道/沖縄除く)同梱可能。,"内装を蘇らせる純正トリム張替えシート登場!!<br>
<br>
欧州車によく見られる天井の垂れ下がりや、肘掛け、シート等の<br>
経年劣化による破れや汚れ、穴あき、引っかき傷などをお手軽!簡単に<BR>
純正同等に蘇らせる<BR><b><font color=""#cc0000"" size=""4"">ウレタンクッション付きのメッシュシート<BR>その名も　トリムリカバリーシート　です!!</font></b><br>
<br>
レカロシート、ブリッド等バケットシートの張替えや天井張替、ドア内張り、<BR>
内装の様々な加工・修復に使用出来、裏面には糊が付いておりますので<BR>
スプレー糊を使用したせいで張替え用の生地に糊(ボンド)が染み込み、<BR>
見える部分がまだらになってしまったといったお悩みも簡単に解決!<BR>
<br>
<br>
伸縮性・弾力性に非常に富み、3D曲面にも当然対応しております。<br>
また段差のある接地面やザラザラ面、木材の切断面、お部屋の壁のパネルと<BR>
パネルの間など、凹凸のある箇所に使用しても施工後 表面がガタガタせず<BR>
綺麗な見栄えで仕上がる張り易さ抜群のカッティング可能なシートです。<br>
※当商品はハイクオリティの韓国製です。 <br>
安価な中国製のものとは全く違います。 <br>
<br>
<BR>

<br>
<br>
【カラー】<br>
商品名（商品タイトル）記載のカラーです。<br>
※全3種類ございます。<br>
ブラック(黒色) / ベージュ(肌色) / グレー(灰) <br>
<br>
【サイズ】 <br>
商品名（商品タイトル）記載のサイズです。<br>
※全３種類ございます（幅の変更は出来ません）<br>
・Ａ４サイズ　→　幅30cm×20cm <br>
・小　　　　　→　幅65cm×50cm<br>
・大　　　　　→　幅135cm×100cm<br>
<br>
※大サイズに関しまして<br>
100cm以上をご希望の方は希望の長さ(ｍ)分ご購入下さい。<br>
一度に10m以上ご購入に関しましては送料・代引き手数料<br>
当社が負担させて頂きます。<br>
10mまでであれば1ｍ毎に延長可能。10mを超える場合10ｍ毎にカット致します。<br>
延長をご希望の場合は、希望の長さ（m）分ご購入下さい。<br>
長さ5ｍ以上をご希望の方は在庫の有無をお電話にて<br>
ご確認下さいますようお願い申し上げます。<br>
<br>
当商品と同様のウレタンスポンジクッションの付いたアルカンターラ調のスエード<br>
生地シート（クッション付きスエードシート）も販売しております。<br>
<br>クッション付きスエードシートの購入はコチラ<br><br>
<br>
ステッカー感覚でルーフ、トランクルーム、インパネ、オーディオ<BR>
コンソール等はもちろん、自動車の内装のみならず、お部屋の<BR>
インテリアファブリックやウォールステッカー、壁紙としても！<br>
<br>
<br>
<br><font color=""#cc0000"" size=""3"">※色/伸び/質感に関する質問が多々御座いますがモニター環境に<br>
よって色味が異なったり、感じ方に個人差がございますので<br>
不安な方は1円出品しておりますサンプルセットをご購入の上、<br>
商品をご購入下さいますようお願い申し上げます。<br>
購入後の上記理由での返品はお受けできません。</font><br><br>
サンプルセット購入はコチラ<br><br>
<br>
【注意事項】<br>
※貼り付け・車検に関するご質問はお答え致しかねます。<br>
※取り付け前に必ず商品確認を行ってください。<br>
切断・加工後の返品交換は一切お受け致しかねます。<br>
※1枚ずつ業務用切り売りでスタッフが丁寧にカットしておりますが<br>
一部に断面が歪んだり欠けしまう場合が御座います。<br>
※切り損じを1cm程度(A4サイズは5mm程度)踏まえてお考え下さい。<br>
<br>
アウディ,アウディー,レンジローバー,外車,ニュー ビートル,ジェッタ<br>
フォルクスワーゲン,オペル ベクトラ,オリジナル, BMW,ゴルフ,クワトロ<br>シトロエン,プジョー,ユーロ車,プリウス等あらゆる車種に使用可能!!<br><center>
<br>
<img SRC=http://image.rakuten.co.jp/auc-automax/cabinet/imgrc0067382276.gif width=670 height=400><BR>
<br>
<img SRC=http://image.rakuten.co.jp/auc-automax/cabinet/img60333004.gif width=670 height=120><BR>
<br>

<br></center>",純正トリム張替えシート(大) ベージュ♪内装 張替用メッシュ生地 糊付き135cm&times;1m～ 肌色ウレタン スポンジ付きスポーツニット曲面対応/カッティング可内装/肘掛け/ドア内張り/天井/張替え修理/補修/レストア/リペア検:レカロ/バケッド：AUTOMAX izumi,カッティングシートモニタースタンドアルカンターラ調スエード生地シート汎用パーツ自動車アクセサリーメッキモール送料無料ステッカーカー用品バイク用品ドレスアップラグジュアリー内装外装カット済みカーフィルム大阪通販激安格安施工純正トリム張替えシート(大) ベージュ♪内装 張替用メッシュ生地 糊付き135cm&times;1m～ 肌色ウレタン スポンジ付きスポーツニット曲面対応/カッティング可内装/肘掛け/ドア内張り/天井/張替え修理/補修/レストア/リペア検:レカロ/バケッド,この商品は送料 全国一律600円 です(北海道/沖縄除く)同梱可能。。純正トリム張替えシート(大) ベージュ♪内装 張替用メッシュ生地 糊付き135cm&times;1m～ 肌色ウレタン スポンジ付きスポーツニット曲面対応/カッティング可内装/肘掛け/ドア内張り/天井/張替え修理/補修/レストア/リペア検:レカロ/バケッド
1-27938,http://tshop.r10s.jp/auc-automax/cabinet/02420218/trim-recovery-sheet/img65939879.gif?fitin=700:700,402.4000,,日用品雑貨・文房具・手芸 > 手芸・クラフト・生地 > 生地・布,純正トリム張替えシート(A4) 黒■【メール便 送料無料】内装 張替用メッシュ生地 糊付き30cm×20cm ブラックウレタン スポンジ付きスポーツニット曲面/カッティング可天井/クッション修理/補修/レストア【RCP】,メール便送料無料。代引の場合は宅急便送料に変更し発送致します,"内装を蘇らせる純正トリム張替えシート登場!!<br>
<br>
欧州車によく見られる天井の垂れ下がりや、肘掛け、シート等の<br>
経年劣化による破れや汚れ、穴あき、引っかき傷などをお手軽!簡単に<BR>
純正同等に蘇らせる<BR><b><font color=""#cc0000"" size=""4"">ウレタンクッション付きのメッシュシート<BR>その名も　トリムリカバリーシート　です!!</font></b><br>
<br>
レカロシート、ブリッド等バケットシートの張替えや天井張替、ドア内張り、<BR>
内装の様々な加工・修復に使用出来、裏面には糊が付いておりますので<BR>
スプレー糊を使用したせいで張替え用の生地に糊(ボンド)が染み込み、<BR>
見える部分がまだらになってしまったといったお悩みも簡単に解決!<BR>
<br>
<br>
伸縮性・弾力性に非常に富み、3D曲面にも当然対応しております。<br>
また段差のある接地面やザラザラ面、木材の切断面、お部屋の壁のパネルと<BR>
パネルの間など、凹凸のある箇所に使用しても施工後 表面がガタガタせず<BR>
綺麗な見栄えで仕上がる張り易さ抜群のカッティング可能なシートです。<br>
※当商品はハイクオリティの韓国製です。 <br>
安価な中国製のものとは全く違います。 <br>
<br>
<BR>

<br>
<br>
【カラー】<br>
商品名（商品タイトル）記載のカラーです。<br>
※全3種類ございます。<br>
ブラック(黒色) / ベージュ(肌色) / グレー(灰) <br>
<br>
【サイズ】 <br>
商品名（商品タイトル）記載のサイズです。<br>
※全３種類ございます（幅の変更は出来ません）<br>
・Ａ４サイズ　→　幅30cm×20cm <br>
・小　　　　　→　幅65cm×50cm<br>
・大　　　　　→　幅135cm×100cm<br>
<br>
※大サイズに関しまして<br>
100cm以上をご希望の方は希望の長さ(ｍ)分ご購入下さい。<br>
一度に10m以上ご購入に関しましては送料・代引き手数料<br>
当社が負担させて頂きます。<br>
10mまでであれば1ｍ毎に延長可能。10mを超える場合10ｍ毎にカット致します。<br>
延長をご希望の場合は、希望の長さ（m）分ご購入下さい。<br>
長さ5ｍ以上をご希望の方は在庫の有無をお電話にて<br>
ご確認下さいますようお願い申し上げます。<br>
<br>
当商品と同様のウレタンスポンジクッションの付いたアルカンターラ調のスエード<br>
生地シート（クッション付きスエードシート）も販売しております。<br>
<br>クッション付きスエードシートの購入はコチラ<br><br>
<br>
ステッカー感覚でルーフ、トランクルーム、インパネ、オーディオ<BR>
コンソール等はもちろん、自動車の内装のみならず、お部屋の<BR>
インテリアファブリックやウォールステッカー、壁紙としても！<br>
<br>
<br>
<br><font color=""#cc0000"" size=""3"">※色/伸び/質感に関する質問が多々御座いますがモニター環境に<br>
よって色味が異なったり、感じ方に個人差がございますので<br>
不安な方は1円出品しておりますサンプルセットをご購入の上、<br>
商品をご購入下さいますようお願い申し上げます。<br>
購入後の上記理由での返品はお受けできません。</font><br><br>
サンプルセット購入はコチラ<br><br>
<br>
【注意事項】<br>
※貼り付け・車検に関するご質問はお答え致しかねます。<br>
※取り付け前に必ず商品確認を行ってください。<br>
切断・加工後の返品交換は一切お受け致しかねます。<br>
※1枚ずつ業務用切り売りでスタッフが丁寧にカットしておりますが<br>
一部に断面が歪んだり欠けしまう場合が御座います。<br>
※切り損じを1cm程度(A4サイズは5mm程度)踏まえてお考え下さい。<br>
<br>
アウディ,アウディー,レンジローバー,外車,ニュー ビートル,ジェッタ<br>
フォルクスワーゲン,オペル ベクトラ,オリジナル, BMW,ゴルフ,クワトロ<br>シトロエン,プジョー,ユーロ車,プリウス等あらゆる車種に使用可能!!<br><center>
<br>
<img SRC=http://image.rakuten.co.jp/auc-automax/cabinet/imgrc0067382276.gif width=670 height=400><BR>
<br>
<img SRC=http://image.rakuten.co.jp/auc-automax/cabinet/img60333004.gif width=670 height=120><BR>
<br>

<br></center>",純正トリム張替えシート(A4) 黒■【メール便 送料無料】内装 張替用メッシュ生地 糊付き30cm&times;20cm ブラックウレタン スポンジ付きスポーツニット曲面/カッティング可天井/クッション修理/補修/レストア【RCP】：AUTOMAX izumi,カッティングシートモニタースタンドアルカンターラ調スエード生地シート汎用パーツ自動車アクセサリーメッキモール送料無料ステッカーカー用品バイク用品ドレスアップラグジュアリー内装外装カット済みカーフィルム大阪通販激安格安施工純正トリム張替えシート(A4) 黒■【メール便 送料無料】内装 張替用メッシュ生地 糊付き30cm&times;20cm ブラックウレタン スポンジ付きスポーツニット曲面/カッティング可天井/クッション修理/補修/レストア【RCP】,メール便送料無料。代引の場合は宅急便送料に変更し発送致します。純正トリム張替えシート(A4) 黒■【メール便 送料無料】内装 張替用メッシュ生地 糊付き30cm&times;20cm ブラックウレタン スポンジ付きスポーツニット曲面/カッティング可天井/クッション修理/補修/レストア【RCP】
1-27939,http://tshop.r10s.jp/auc-automax/cabinet/02420218/02420238/img58126748.jpg?fitin=700:700,579.2000,,日用品雑貨・文房具・手芸 > 手芸・クラフト・生地 > 生地・布,【在庫処分】スエード(小) ピンク●スエード生地シート　糊付き/アルカンターラ調/桃65cm×50cmスエードシートバックスキンルック曲面対応/カッティング可能シート状内装/インテリア/ウォールクロス/革/レザー検：東レ,この商品は送料 全国一律600円 です(北海道/沖縄除く)同梱可能。,"<TR> <TD HEIGHT=6></TD> <TD HEIGHT=6></TD> <TD HEIGHT=6></TD> </TR><BR><CENTER><FONT COLOR=#CCBBAA SIZE=4><B></B></FONT><BR><BR><TABLE WIDTH=600 CELLSPACING=1 BORDER=0 CELLPADDING=1 BGCOLOR=#CCCCCC><TR><TD BGCOLOR=#FF7F50><TABLE WIDTH=100% CELLSPACING=2 BORDER=0 CELLPADDING=5><TR><TD ALIGN=left BGCOLOR=#FF7F50><FONT COLOR=#333333 SIZE=3><B>★★商品説明★★</B></FONT></TD></TR></TABLE><TABLE WIDTH=100% CELLSPACING=2 BORDER=0 CELLPADDING=0><TR><TD HEIGHT=2 BGCOLOR=#CCBBAA></TD></TR></TABLE><TABLE WIDTH=100% CELLSPACING=2 BORDER=0 CELLPADDING=5><TR><TD ALIGN=left BGCOLOR=#FFF8EE><FONT COLOR=#333333 SIZE=3>半額価格セール!!<BR>
<BR>
在庫過剰の為、処分価格で販売!<BR><BR>高級感のある肌触りの良いスエード調シートです。<BR>
キメ細かなリアルな起毛の質感！<BR>
<BR>
曲面への施工も可能。<BR>
愛車の内張り・ダッシュボード・コンソール<BR>
肘掛け・メーターパネル等に使用すれば<BR>
格段と高級感がアップします。<BR>
<BR>
その他、<BR>
インテリアとして様々な場所にご使用頂けます。<BR>
大きい場所、好きな場所へ施工可能。<BR>
シートの裏に糊が付いておりますので、<BR>
お取り付けも簡単に出来ます。<BR>
<BR>
只今、人気急上昇中のお勧めの逸品です。<BR>
<br>【カラー】<br>
商品名（商品タイトル）記載のカラーです。<br>
※全14種類ございます。<br>
ブラック/レッド/ホワイト/ブルー/グレー<br>パープル/ピンク/オレンジ/ベージュ/ワインレッド<br>マスタードイエロー/ネイビーブルー/ブラウン/グリーン<br><br>
<br>
【サイズ】 <br>
商品名（商品タイトル）記載のサイズです。<br>
※全３種類ございます（幅の変更は出来ません）<br>
・Ａ４サイズ　→　幅30cm×20cm  <br>
・小　　　　　→　幅65cm×50cm<br>
・大　　　　　→　幅135cm×100cm<br>
※大サイズに関しまして<br>
100cm以上をご希望の方は希望の長さ(ｍ)分ご購入下さい。<BR>
一度に10m以上ご購入に関しましては送料・代引き手数料<BR>当社が負担させて頂きます。<BR>30mまでであれば1ｍ毎に延長可能。<br>
延長をご希望の場合は、希望の長さ（m）分ご購入下さい。<br>
長さ5ｍ以上をご希望の方は在庫の有無をお電話にて<br>
ご確認下さいますようお願い申し上げます。<br><br><br>
<br>
※色/伸び/質感に関する質問が多々御座いますがモニター環境に<br>
よって色味が異なったり、感じ方に個人差がございますので<br>
不安な方はサンプルセットをご購入の上、実物をご確認頂いてから<br>商品をご購入下さいますようお願い申し上げます。<BR><br>【サンプルセット購入はコチラ】<BR><BR>
購入後の上記理由での返品はお受けできません。<br>
<br>
【注意事項】<br>
※貼り付け・車検に関するご質問はお答え致しかねます。<br>
※取り付け前に必ず商品確認を行ってください。<br>
切断・加工後の返品交換は一切お受け致しかねます。<br>
※1枚ずつ業務用切り売りでスタッフが丁寧にカットしておりますが<br>
一部に断面が歪んだり欠けしまう場合が御座います。<br>
※念の為、切り損じを1cm程度(A4サイズは5mm程度)踏まえてお考え下さい。
</FONT></TD></TR></TABLE></TD></TR></TABLE><BR><BR><BR><TABLE WIDTH=600 CELLSPACING=1 BORDER=0 CELLPADDING=1 BGCOLOR=#CCCCCC><TR><TD BGCOLOR=#FF7F50><TABLE WIDTH=100% CELLSPACING=2 BORDER=0 CELLPADDING=5><TR><TD ALIGN=left BGCOLOR=#FF7F50><FONT COLOR=#333333 SIZE=3><B>★★発送方法/送料★★</B></FONT></TD></TR></TABLE><TABLE WIDTH=100% CELLSPACING=2 BORDER=0 CELLPADDING=0><TR><TD HEIGHT=2 BGCOLOR=#CCBBAA></TD></TR></TABLE><TABLE WIDTH=100% CELLSPACING=2 BORDER=0 CELLPADDING=5><TR><TD ALIGN=left BGCOLOR=#FFF8EE><FONT COLOR=#333333 SIZE=3>商品名に【送料無料】の記載がある場合は、送料無料です。<BR>※北海道・沖縄・離島除く<BR><BR><FONT SIZE=5>【全国送料表】</FONT>をご確認下さいませ。<BR><BR>複数の商品を同梱可能です。<BR>※同梱をご希望の場合、必ず同じお買い物カゴ（カート）でご注文下さい。<BR>※別々のお買い物カゴで注文された場合は別々に梱包し発送致します。<BR>その為、送料・代引き手数料は発送個数分請求させて頂きます。<BR><BR>★発送に関する注意事項★<BR>---------------------------------------- <BR>当方指定宅急便ですので配送業者は選択できません。 <BR>時間指定は対応いたしておりません。<BR>発送連絡に記載の問い合わせ番号でご自身でご確認頂けます。<BR>離島は発送が一日遅れます。 <BR>----------------------------------------<BR>★商品代引★　　<BR>宅急便送料+別途手数料３７０円 <BR>休業日　商品ページ左バナーカレンダーに記載</FONT></TD></TR></TABLE></TD></TR></TABLE><BR><TABLE WIDTH=600 CELLSPACING=1 BORDER=0 CELLPADDING=1 BGCOLOR=#CCCCCC><TR><TD BGCOLOR=#FF7F50><TABLE WIDTH=100% CELLSPACING=2 BORDER=0 CELLPADDING=5><TR><TD ALIGN=left BGCOLOR=#FF7F50><FONT COLOR=#333333 SIZE=3><B>★★支払方法★</B></FONT></TD></TR></TABLE><TABLE WIDTH=100% CELLSPACING=2 BORDER=0 CELLPADDING=0><TR><TD HEIGHT=2 BGCOLOR=#CCBBAA></TD></TR></TABLE><TABLE WIDTH=100% CELLSPACING=2 BORDER=0 CELLPADDING=5><TR><TD ALIGN=left BGCOLOR=#FFF8EE><FONT COLOR=#333333 SIZE=3>●楽天銀行　振込<BR>●商品代引<BR>●クレジットカード決済<BR>●コンビニ決済（前払い）<BR>●楽天Edy決済<BR>●auかんたん決済<BR></FONT></TD></TR></TABLE></TD></TR></TABLE><BR><IMG SRC=http://image.rakuten.co.jp/auc-automax/cabinet/03561925/img63193783.gif WIDTH=600><BR><BR></CENTER><center><BR><BR><img src=http://image.rakuten.co.jp/auc-automax/cabinet/03619501/cuttingsheet-cate/imgrc0068742328.gif width=195> <img src=http://image.rakuten.co.jp/auc-automax/cabinet/03619501/cuttingsheet-cate/imgrc0068742325.gif width=195> <img src=http://image.rakuten.co.jp/auc-automax/cabinet/03619501/cuttingsheet-cate/imgrc0068742326.gif width=195><BR><br>

<img src=http://image.rakuten.co.jp/auc-automax/cabinet/03619501/cuttingsheet-cate/imgrc0068742261.jpg width=195> 
<img src=http://image.rakuten.co.jp/auc-automax/cabinet/03619501/cuttingsheet-cate/imgrc0068742260.jpg width=195> 
<img src=http://image.rakuten.co.jp/auc-automax/cabinet/03619501/cuttingsheet-cate/imgrc0068742262.jpg width=195><BR>
<img src=http://image.rakuten.co.jp/auc-automax/cabinet/03619501/cuttingsheet-cate/imgrc0068742263.jpg width=195> 
<img src=http://image.rakuten.co.jp/auc-automax/cabinet/03619501/cuttingsheet-cate/imgrc0068742264.jpg width=195> 
<img src=http://image.rakuten.co.jp/auc-automax/cabinet/03619501/cuttingsheet-cate/imgrc0068742265.jpg width=195><BR>
<img src=http://image.rakuten.co.jp/auc-automax/cabinet/03619501/cuttingsheet-cate/imgrc0068742266.jpg width=195> 
<img src=http://image.rakuten.co.jp/auc-automax/cabinet/03619501/cuttingsheet-cate/imgrc0068742267.jpg width=195> 
<img src=http://image.rakuten.co.jp/auc-automax/cabinet/03619501/cuttingsheet-cate/imgrc0068742268.jpg width=195><BR>
<img src=http://image.rakuten.co.jp/auc-automax/cabinet/03619501/cuttingsheet-cate/imgrc0068742269.jpg width=195> 
<img src=http://image.rakuten.co.jp/auc-automax/cabinet/03619501/cuttingsheet-cate/imgrc0068742270.jpg width=195> 
<img src=http://image.rakuten.co.jp/auc-automax/cabinet/03619501/cuttingsheet-cate/imgrc0068742271.jpg width=195><BR>
<img src=http://image.rakuten.co.jp/auc-automax/cabinet/03619501/cuttingsheet-cate/imgrc0068742276.jpg width=195> 
<img src=http://image.rakuten.co.jp/auc-automax/cabinet/03619501/cuttingsheet-cate/imgrc0068742277.jpg width=195> </center><center>
<br>
<img SRC=http://image.rakuten.co.jp/auc-automax/cabinet/imgrc0067382276.gif width=670 height=400><BR>
<br>
<img SRC=http://image.rakuten.co.jp/auc-automax/cabinet/img60333004.gif width=670 height=120><BR>
<br>

<br></center>",【在庫処分】スエード(小) ピンク●スエード生地シート　糊付き/アルカンターラ調/桃65cm&times;50cmスエードシートバックスキンルック曲面対応/カッティング可能シート状内装/インテリア/ウォールクロス/革/レザー検：東レ：AUTOMAX izumi,カッティングシートモニタースタンドアルカンターラ調スエード生地シート汎用パーツ自動車アクセサリーメッキモール送料無料ステッカーカー用品バイク用品ドレスアップラグジュアリー内装外装カット済みカーフィルム大阪通販激安格安施工【在庫処分】スエード(小) ピンク●スエード生地シート　糊付き/アルカンターラ調/桃65cm&times;50cmスエードシートバックスキンルック曲面対応/カッティング可能シート状内装/インテリア/ウォールクロス/革/レザー検：東レ,この商品は送料 全国一律600円 です(北海道/沖縄除く)同梱可能。。【在庫処分】スエード(小) ピンク●スエード生地シート　糊付き/アルカンターラ調/桃65cm&times;50cmスエードシートバックスキンルック曲面対応/カッティング可能シート状内装/インテリア/ウォールクロス/革/レザー検：東レ
1-27940,http://tshop.r10s.jp/auc-automax/cabinet/02420218/02420238/img58126742.jpg?fitin=700:700,2298.4000,,日用品雑貨・文房具・手芸 > 手芸・クラフト・生地 > 生地・布,スエード(大) 黒♪スエード生地シート　糊付き アルカンターラ調 ブラック135cm×1mスエードシートバックスキンルック曲面対応 カッティング可能シート状内装 インテリア ウォールクロス 革 レザー ステッカー シール,この商品は送料 全国一律600円 です(北海道/沖縄除く)同梱可能。,"<TR> <TD HEIGHT=6></TD> <TD HEIGHT=6></TD> <TD HEIGHT=6></TD> </TR><BR><CENTER><FONT COLOR=#CCBBAA SIZE=4><B></B></FONT><BR><BR><TABLE WIDTH=600 CELLSPACING=1 BORDER=0 CELLPADDING=1 BGCOLOR=#CCCCCC><TR><TD BGCOLOR=#FF7F50><TABLE WIDTH=100% CELLSPACING=2 BORDER=0 CELLPADDING=5><TR><TD ALIGN=left BGCOLOR=#FF7F50><FONT COLOR=#333333 SIZE=3><B>★★商品説明★★</B></FONT></TD></TR></TABLE><TABLE WIDTH=100% CELLSPACING=2 BORDER=0 CELLPADDING=0><TR><TD HEIGHT=2 BGCOLOR=#CCBBAA></TD></TR></TABLE><TABLE WIDTH=100% CELLSPACING=2 BORDER=0 CELLPADDING=5><TR><TD ALIGN=left BGCOLOR=#FFF8EE><FONT COLOR=#333333 SIZE=3>高級感のある肌触りの良いスエード調シートです。<BR>
キメ細かなリアルな起毛の質感！<BR>
<BR>
曲面への施工も可能。<BR>
愛車の内張り・ダッシュボード・コンソール<BR>
肘掛け・メーターパネル等に使用すれば<BR>
格段と高級感がアップします。<BR>
<BR>
その他、<BR>
インテリアとして様々な場所にご使用頂けます。<BR>
大きい場所、好きな場所へ施工可能。<BR>
シートの裏に糊が付いておりますので、<BR>
お取り付けも簡単に出来ます。<BR>
<BR>
只今、人気急上昇中のお勧めの逸品です。<BR>
<br>【カラー】<br>
商品名（商品タイトル）記載のカラーです。<br>
※全14種類ございます。<br>
ブラック/レッド/ホワイト/ブルー/グレー<br>パープル/ピンク/オレンジ/ベージュ/ワインレッド<br>マスタードイエロー/ネイビーブルー/ブラウン/グリーン<br><br>
<br>
【サイズ】 <br>
商品名（商品タイトル）記載のサイズです。<br>
※全３種類ございます（幅の変更は出来ません）<br>
・Ａ４サイズ　→　幅30cm×20cm  <br>
・小　　　　　→　幅65cm×50cm<br>
・大　　　　　→　幅135cm×100cm<br>
※大サイズに関しまして<br>
100cm以上をご希望の方は希望の長さ(ｍ)分ご購入下さい。<BR>
一度に10m以上ご購入に関しましては送料・代引き手数料<BR>当社が負担させて頂きます。<BR>30mまでであれば1ｍ毎に延長可能。<br>
延長をご希望の場合は、希望の長さ（m）分ご購入下さい。<br>
長さ5ｍ以上をご希望の方は在庫の有無をお電話にて<br>
ご確認下さいますようお願い申し上げます。<br><br><br>
<br>
※色/伸び/質感に関する質問が多々御座いますがモニター環境に<br>
よって色味が異なったり、感じ方に個人差がございますので<br>
不安な方はサンプルセットをご購入の上、実物をご確認頂いてから<br>商品をご購入下さいますようお願い申し上げます。<BR><br>【サンプルセット購入はコチラ】<BR><BR>
購入後の上記理由での返品はお受けできません。<br>
<br>
【注意事項】<br>
※貼り付け・車検に関するご質問はお答え致しかねます。<br>
※取り付け前に必ず商品確認を行ってください。<br>
切断・加工後の返品交換は一切お受け致しかねます。<br>
※1枚ずつ業務用切り売りでスタッフが丁寧にカットしておりますが<br>
一部に断面が歪んだり欠けしまう場合が御座います。<br>
※念の為、切り損じを1cm程度(A4サイズは5mm程度)踏まえてお考え下さい。
</FONT></TD></TR></TABLE></TD></TR></TABLE><BR><BR><BR><TABLE WIDTH=600 CELLSPACING=1 BORDER=0 CELLPADDING=1 BGCOLOR=#CCCCCC><TR><TD BGCOLOR=#FF7F50><TABLE WIDTH=100% CELLSPACING=2 BORDER=0 CELLPADDING=5><TR><TD ALIGN=left BGCOLOR=#FF7F50><FONT COLOR=#333333 SIZE=3><B>★★発送方法/送料★★</B></FONT></TD></TR></TABLE><TABLE WIDTH=100% CELLSPACING=2 BORDER=0 CELLPADDING=0><TR><TD HEIGHT=2 BGCOLOR=#CCBBAA></TD></TR></TABLE><TABLE WIDTH=100% CELLSPACING=2 BORDER=0 CELLPADDING=5><TR><TD ALIGN=left BGCOLOR=#FFF8EE><FONT COLOR=#333333 SIZE=3>商品名に【送料無料】の記載がある場合は、送料無料です。<BR>※北海道・沖縄・離島除く<BR><BR><FONT SIZE=5>【全国送料表】</FONT>をご確認下さいませ。<BR><BR>複数の商品を同梱可能です。<BR>※同梱をご希望の場合、必ず同じお買い物カゴ（カート）でご注文下さい。<BR>※別々のお買い物カゴで注文された場合は別々に梱包し発送致します。<BR>その為、送料・代引き手数料は発送個数分請求させて頂きます。<BR><BR>★発送に関する注意事項★<BR>---------------------------------------- <BR>当方指定宅急便ですので配送業者は選択できません。 <BR>時間指定は対応いたしておりません。<BR>発送連絡に記載の問い合わせ番号でご自身でご確認頂けます。<BR>離島は発送が一日遅れます。 <BR>----------------------------------------<BR>★商品代引★　　<BR>宅急便送料+別途手数料３７０円 <BR>休業日　商品ページ左バナーカレンダーに記載</FONT></TD></TR></TABLE></TD></TR></TABLE><BR><TABLE WIDTH=600 CELLSPACING=1 BORDER=0 CELLPADDING=1 BGCOLOR=#CCCCCC><TR><TD BGCOLOR=#FF7F50><TABLE WIDTH=100% CELLSPACING=2 BORDER=0 CELLPADDING=5><TR><TD ALIGN=left BGCOLOR=#FF7F50><FONT COLOR=#333333 SIZE=3><B>★★支払方法★</B></FONT></TD></TR></TABLE><TABLE WIDTH=100% CELLSPACING=2 BORDER=0 CELLPADDING=0><TR><TD HEIGHT=2 BGCOLOR=#CCBBAA></TD></TR></TABLE><TABLE WIDTH=100% CELLSPACING=2 BORDER=0 CELLPADDING=5><TR><TD ALIGN=left BGCOLOR=#FFF8EE><FONT COLOR=#333333 SIZE=3>●楽天銀行　振込<BR>●商品代引<BR>●クレジットカード決済<BR>●コンビニ決済（前払い）<BR>●楽天Edy決済<BR>●auかんたん決済<BR></FONT></TD></TR></TABLE></TD></TR></TABLE><BR><IMG SRC=http://image.rakuten.co.jp/auc-automax/cabinet/03561925/img63193783.gif WIDTH=600><BR><BR></CENTER><center><BR><BR><img src=http://image.rakuten.co.jp/auc-automax/cabinet/03619501/cuttingsheet-cate/imgrc0068742328.gif width=195 alt=A4> <img src=http://image.rakuten.co.jp/auc-automax/cabinet/03619501/cuttingsheet-cate/imgrc0068742325.gif width=195 alt=65x50> <img src=http://image.rakuten.co.jp/auc-automax/cabinet/03619501/cuttingsheet-cate/imgrc0068742326.gif width=195 alt=135x100><BR><br>

<img src=http://image.rakuten.co.jp/auc-automax/cabinet/03619501/cuttingsheet-cate/imgrc0068742261.jpg width=195 alt=黒> 
<img src=http://image.rakuten.co.jp/auc-automax/cabinet/03619501/cuttingsheet-cate/imgrc0068742260.jpg width=195 alt=肌> 
<img src=http://image.rakuten.co.jp/auc-automax/cabinet/03619501/cuttingsheet-cate/imgrc0068742262.jpg width=195 alt=青><BR>
<img src=http://image.rakuten.co.jp/auc-automax/cabinet/03619501/cuttingsheet-cate/imgrc0068742263.jpg width=195 alt=茶> 
<img src=http://image.rakuten.co.jp/auc-automax/cabinet/03619501/cuttingsheet-cate/imgrc0068742264.jpg width=195 alt=灰> 
<img src=http://image.rakuten.co.jp/auc-automax/cabinet/03619501/cuttingsheet-cate/imgrc0068742265.jpg width=195 alt=緑><BR>
<img src=http://image.rakuten.co.jp/auc-automax/cabinet/03619501/cuttingsheet-cate/imgrc0068742266.jpg width=195 alt=紺> 
<img src=http://image.rakuten.co.jp/auc-automax/cabinet/03619501/cuttingsheet-cate/imgrc0068742267.jpg width=195 alt=柿> 
<img src=http://image.rakuten.co.jp/auc-automax/cabinet/03619501/cuttingsheet-cate/imgrc0068742268.jpg width=195 alt=桃><BR>
<img src=http://image.rakuten.co.jp/auc-automax/cabinet/03619501/cuttingsheet-cate/imgrc0068742269.jpg width=195> 
<img src=http://image.rakuten.co.jp/auc-automax/cabinet/03619501/cuttingsheet-cate/imgrc0068742270.jpg width=195> 
<img src=http://image.rakuten.co.jp/auc-automax/cabinet/03619501/cuttingsheet-cate/imgrc0068742271.jpg width=195><BR>
<img src=http://image.rakuten.co.jp/auc-automax/cabinet/03619501/cuttingsheet-cate/imgrc0068742276.jpg width=195> 
<img src=http://image.rakuten.co.jp/auc-automax/cabinet/03619501/cuttingsheet-cate/imgrc0068742277.jpg width=195> </center><center>
<br>
<img SRC=http://image.rakuten.co.jp/auc-automax/cabinet/imgrc0067382276.gif width=670 height=400><BR>
<br>
<img SRC=http://image.rakuten.co.jp/auc-automax/cabinet/img60333004.gif width=670 height=120><BR>
<br>

<br></center>",スエード(大) 黒♪スエード生地シート　糊付き アルカンターラ調 ブラック135cm&times;1mスエードシートバックスキンルック曲面対応 カッティング可能シート状内装 インテリア ウォールクロス 革 レザー ステッカー シール：AUTOMAX izumi,カッティングシートモニタースタンドアルカンターラ調スエード生地シート汎用パーツ自動車アクセサリーメッキモール送料無料ステッカーカー用品バイク用品ドレスアップラグジュアリー内装外装カット済みカーフィルム大阪通販激安格安施工スエード(大) 黒♪スエード生地シート　糊付き アルカンターラ調 ブラック135cm&times;1mスエードシートバックスキンルック曲面対応 カッティング可能シート状内装 インテリア ウォールクロス 革 レザー ステッカー シール,この商品は送料 全国一律600円 です(北海道/沖縄除く)同梱可能。。スエード(大) 黒♪スエード生地シート　糊付き アルカンターラ調 ブラック135cm&times;1mスエードシートバックスキンルック曲面対応 カッティング可能シート状内装 インテリア ウォールクロス 革 レザー ステッカー シール
1-27941,http://tshop.r10s.jp/auc-automax/cabinet/02420218/02420238/img65440448.jpg?fitin=700:700,2298.4000,,日用品雑貨・文房具・手芸 > 手芸・クラフト・生地 > 生地・布,スエード(大) 緑♪スエード生地シート　糊付き アルカンターラ調 グリーン135cm×1mスエードシートバックスキンルック曲面対応 カッティング可能シート状内装 インテリア ウォールクロス 革 レザー ステッカー,この商品は送料 全国一律600円 です(北海道/沖縄除く)同梱可能。,"<TR> <TD HEIGHT=6></TD> <TD HEIGHT=6></TD> <TD HEIGHT=6></TD> </TR><BR><CENTER><FONT COLOR=#CCBBAA SIZE=4><B></B></FONT><BR><BR><TABLE WIDTH=600 CELLSPACING=1 BORDER=0 CELLPADDING=1 BGCOLOR=#CCCCCC><TR><TD BGCOLOR=#FF7F50><TABLE WIDTH=100% CELLSPACING=2 BORDER=0 CELLPADDING=5><TR><TD ALIGN=left BGCOLOR=#FF7F50><FONT COLOR=#333333 SIZE=3><B>★★商品説明★★</B></FONT></TD></TR></TABLE><TABLE WIDTH=100% CELLSPACING=2 BORDER=0 CELLPADDING=0><TR><TD HEIGHT=2 BGCOLOR=#CCBBAA></TD></TR></TABLE><TABLE WIDTH=100% CELLSPACING=2 BORDER=0 CELLPADDING=5><TR><TD ALIGN=left BGCOLOR=#FFF8EE><FONT COLOR=#333333 SIZE=3>高級感のある肌触りの良いスエード調シートです。<BR>
キメ細かなリアルな起毛の質感！<BR>
<BR>
曲面への施工も可能。<BR>
愛車の内張り・ダッシュボード・コンソール<BR>
肘掛け・メーターパネル等に使用すれば<BR>
格段と高級感がアップします。<BR>
<BR>
その他、<BR>
インテリアとして様々な場所にご使用頂けます。<BR>
大きい場所、好きな場所へ施工可能。<BR>
シートの裏に糊が付いておりますので、<BR>
お取り付けも簡単に出来ます。<BR>
<BR>
只今、人気急上昇中のお勧めの逸品です。<BR>
<br>【カラー】<br>
商品名（商品タイトル）記載のカラーです。<br>
※全14種類ございます。<br>
ブラック/レッド/ホワイト/ブルー/グレー<br>パープル/ピンク/オレンジ/ベージュ/ワインレッド<br>マスタードイエロー/ネイビーブルー/ブラウン/グリーン<br><br>
<br>
【サイズ】 <br>
商品名（商品タイトル）記載のサイズです。<br>
※全３種類ございます（幅の変更は出来ません）<br>
・Ａ４サイズ　→　幅30cm×20cm  <br>
・小　　　　　→　幅65cm×50cm<br>
・大　　　　　→　幅135cm×100cm<br>
※大サイズに関しまして<br>
100cm以上をご希望の方は希望の長さ(ｍ)分ご購入下さい。<BR>
一度に10m以上ご購入に関しましては送料・代引き手数料<BR>当社が負担させて頂きます。<BR>30mまでであれば1ｍ毎に延長可能。<br>
延長をご希望の場合は、希望の長さ（m）分ご購入下さい。<br>
長さ5ｍ以上をご希望の方は在庫の有無をお電話にて<br>
ご確認下さいますようお願い申し上げます。<br><br><br>
<br>
※色/伸び/質感に関する質問が多々御座いますがモニター環境に<br>
よって色味が異なったり、感じ方に個人差がございますので<br>
不安な方はサンプルセットをご購入の上、実物をご確認頂いてから<br>商品をご購入下さいますようお願い申し上げます。<BR><br>【サンプルセット購入はコチラ】<BR><BR>
購入後の上記理由での返品はお受けできません。<br>
<br>
【注意事項】<br>
※貼り付け・車検に関するご質問はお答え致しかねます。<br>
※取り付け前に必ず商品確認を行ってください。<br>
切断・加工後の返品交換は一切お受け致しかねます。<br>
※1枚ずつ業務用切り売りでスタッフが丁寧にカットしておりますが<br>
一部に断面が歪んだり欠けしまう場合が御座います。<br>
※念の為、切り損じを1cm程度(A4サイズは5mm程度)踏まえてお考え下さい。
</FONT></TD></TR></TABLE></TD></TR></TABLE><BR><BR><BR><TABLE WIDTH=600 CELLSPACING=1 BORDER=0 CELLPADDING=1 BGCOLOR=#CCCCCC><TR><TD BGCOLOR=#FF7F50><TABLE WIDTH=100% CELLSPACING=2 BORDER=0 CELLPADDING=5><TR><TD ALIGN=left BGCOLOR=#FF7F50><FONT COLOR=#333333 SIZE=3><B>★★発送方法/送料★★</B></FONT></TD></TR></TABLE><TABLE WIDTH=100% CELLSPACING=2 BORDER=0 CELLPADDING=0><TR><TD HEIGHT=2 BGCOLOR=#CCBBAA></TD></TR></TABLE><TABLE WIDTH=100% CELLSPACING=2 BORDER=0 CELLPADDING=5><TR><TD ALIGN=left BGCOLOR=#FFF8EE><FONT COLOR=#333333 SIZE=3>商品名に【送料無料】の記載がある場合は、送料無料です。<BR>※北海道・沖縄・離島除く<BR><BR><FONT SIZE=5>【全国送料表】</FONT>をご確認下さいませ。<BR><BR>複数の商品を同梱可能です。<BR>※同梱をご希望の場合、必ず同じお買い物カゴ（カート）でご注文下さい。<BR>※別々のお買い物カゴで注文された場合は別々に梱包し発送致します。<BR>その為、送料・代引き手数料は発送個数分請求させて頂きます。<BR><BR>★発送に関する注意事項★<BR>---------------------------------------- <BR>当方指定宅急便ですので配送業者は選択できません。 <BR>時間指定は対応いたしておりません。<BR>発送連絡に記載の問い合わせ番号でご自身でご確認頂けます。<BR>離島は発送が一日遅れます。 <BR>----------------------------------------<BR>★商品代引★　　<BR>宅急便送料+別途手数料３７０円 <BR>休業日　商品ページ左バナーカレンダーに記載</FONT></TD></TR></TABLE></TD></TR></TABLE><BR><TABLE WIDTH=600 CELLSPACING=1 BORDER=0 CELLPADDING=1 BGCOLOR=#CCCCCC><TR><TD BGCOLOR=#FF7F50><TABLE WIDTH=100% CELLSPACING=2 BORDER=0 CELLPADDING=5><TR><TD ALIGN=left BGCOLOR=#FF7F50><FONT COLOR=#333333 SIZE=3><B>★★支払方法★</B></FONT></TD></TR></TABLE><TABLE WIDTH=100% CELLSPACING=2 BORDER=0 CELLPADDING=0><TR><TD HEIGHT=2 BGCOLOR=#CCBBAA></TD></TR></TABLE><TABLE WIDTH=100% CELLSPACING=2 BORDER=0 CELLPADDING=5><TR><TD ALIGN=left BGCOLOR=#FFF8EE><FONT COLOR=#333333 SIZE=3>●楽天銀行　振込<BR>●商品代引<BR>●クレジットカード決済<BR>●コンビニ決済（前払い）<BR>●楽天Edy決済<BR>●auかんたん決済<BR></FONT></TD></TR></TABLE></TD></TR></TABLE><BR><IMG SRC=http://image.rakuten.co.jp/auc-automax/cabinet/03561925/img63193783.gif WIDTH=600><BR><BR></CENTER><center><BR><BR><img src=http://image.rakuten.co.jp/auc-automax/cabinet/03619501/cuttingsheet-cate/imgrc0068742328.gif width=195 alt=A4> <img src=http://image.rakuten.co.jp/auc-automax/cabinet/03619501/cuttingsheet-cate/imgrc0068742325.gif width=195 alt=65x50> <img src=http://image.rakuten.co.jp/auc-automax/cabinet/03619501/cuttingsheet-cate/imgrc0068742326.gif width=195 alt=135x100><BR><br>

<img src=http://image.rakuten.co.jp/auc-automax/cabinet/03619501/cuttingsheet-cate/imgrc0068742261.jpg width=195 alt=黒> 
<img src=http://image.rakuten.co.jp/auc-automax/cabinet/03619501/cuttingsheet-cate/imgrc0068742260.jpg width=195 alt=肌> 
<img src=http://image.rakuten.co.jp/auc-automax/cabinet/03619501/cuttingsheet-cate/imgrc0068742262.jpg width=195 alt=青><BR>
<img src=http://image.rakuten.co.jp/auc-automax/cabinet/03619501/cuttingsheet-cate/imgrc0068742263.jpg width=195 alt=茶> 
<img src=http://image.rakuten.co.jp/auc-automax/cabinet/03619501/cuttingsheet-cate/imgrc0068742264.jpg width=195 alt=灰> 
<img src=http://image.rakuten.co.jp/auc-automax/cabinet/03619501/cuttingsheet-cate/imgrc0068742265.jpg width=195 alt=緑><BR>
<img src=http://image.rakuten.co.jp/auc-automax/cabinet/03619501/cuttingsheet-cate/imgrc0068742266.jpg width=195 alt=紺> 
<img src=http://image.rakuten.co.jp/auc-automax/cabinet/03619501/cuttingsheet-cate/imgrc0068742267.jpg width=195 alt=柿> 
<img src=http://image.rakuten.co.jp/auc-automax/cabinet/03619501/cuttingsheet-cate/imgrc0068742268.jpg width=195 alt=桃><BR>
<img src=http://image.rakuten.co.jp/auc-automax/cabinet/03619501/cuttingsheet-cate/imgrc0068742269.jpg width=195> 
<img src=http://image.rakuten.co.jp/auc-automax/cabinet/03619501/cuttingsheet-cate/imgrc0068742270.jpg width=195> 
<img src=http://image.rakuten.co.jp/auc-automax/cabinet/03619501/cuttingsheet-cate/imgrc0068742271.jpg width=195><BR>
<img src=http://image.rakuten.co.jp/auc-automax/cabinet/03619501/cuttingsheet-cate/imgrc0068742276.jpg width=195> 
<img src=http://image.rakuten.co.jp/auc-automax/cabinet/03619501/cuttingsheet-cate/imgrc0068742277.jpg width=195> </center><center>
<br>
<img SRC=http://image.rakuten.co.jp/auc-automax/cabinet/imgrc0067382276.gif width=670 height=400><BR>
<br>
<img SRC=http://image.rakuten.co.jp/auc-automax/cabinet/img60333004.gif width=670 height=120><BR>
<br>

<br></center>",スエード(大) 緑♪スエード生地シート　糊付き アルカンターラ調 グリーン135cm&times;1mスエードシートバックスキンルック曲面対応 カッティング可能シート状内装 インテリア ウォールクロス 革 レザー ステッカー：AUTOMAX izumi,カッティングシートモニタースタンドアルカンターラ調スエード生地シート汎用パーツ自動車アクセサリーメッキモール送料無料ステッカーカー用品バイク用品ドレスアップラグジュアリー内装外装カット済みカーフィルム大阪通販激安格安施工スエード(大) 緑♪スエード生地シート　糊付き アルカンターラ調 グリーン135cm&times;1mスエードシートバックスキンルック曲面対応 カッティング可能シート状内装 インテリア ウォールクロス 革 レザー ステッカー,この商品は送料 全国一律600円 です(北海道/沖縄除く)同梱可能。。スエード(大) 緑♪スエード生地シート　糊付き アルカンターラ調 グリーン135cm&times;1mスエードシートバックスキンルック曲面対応 カッティング可能シート状内装 インテリア ウォールクロス 革 レザー ステッカー
1-27942,http://tshop.r10s.jp/auc-automax/cabinet/02420218/02420238/img65440451.jpg?fitin=700:700,2298.4000,,日用品雑貨・文房具・手芸 > 手芸・クラフト・生地 > 生地・布,スエード(大) 黄♪スエード生地シート　糊付き アルカンターラ調 マスタードイエロー135cm×1mスエードシートバックスキンルック曲面対応 カッティング可能シート状内装 インテリア ウォールクロス 革 レザー ステッカー,この商品は送料 全国一律600円 です(北海道/沖縄除く)同梱可能。,"<TR> <TD HEIGHT=6></TD> <TD HEIGHT=6></TD> <TD HEIGHT=6></TD> </TR><BR><CENTER><FONT COLOR=#CCBBAA SIZE=4><B></B></FONT><BR><BR><TABLE WIDTH=600 CELLSPACING=1 BORDER=0 CELLPADDING=1 BGCOLOR=#CCCCCC><TR><TD BGCOLOR=#FF7F50><TABLE WIDTH=100% CELLSPACING=2 BORDER=0 CELLPADDING=5><TR><TD ALIGN=left BGCOLOR=#FF7F50><FONT COLOR=#333333 SIZE=3><B>★★商品説明★★</B></FONT></TD></TR></TABLE><TABLE WIDTH=100% CELLSPACING=2 BORDER=0 CELLPADDING=0><TR><TD HEIGHT=2 BGCOLOR=#CCBBAA></TD></TR></TABLE><TABLE WIDTH=100% CELLSPACING=2 BORDER=0 CELLPADDING=5><TR><TD ALIGN=left BGCOLOR=#FFF8EE><FONT COLOR=#333333 SIZE=3>高級感のある肌触りの良いスエード調シートです。<BR>
キメ細かなリアルな起毛の質感！<BR>
<BR>
曲面への施工も可能。<BR>
愛車の内張り・ダッシュボード・コンソール<BR>
肘掛け・メーターパネル等に使用すれば<BR>
格段と高級感がアップします。<BR>
<BR>
その他、<BR>
インテリアとして様々な場所にご使用頂けます。<BR>
大きい場所、好きな場所へ施工可能。<BR>
シートの裏に糊が付いておりますので、<BR>
お取り付けも簡単に出来ます。<BR>
<BR>
只今、人気急上昇中のお勧めの逸品です。<BR>
<br>【カラー】<br>
商品名（商品タイトル）記載のカラーです。<br>
※全14種類ございます。<br>
ブラック/レッド/ホワイト/ブルー/グレー<br>パープル/ピンク/オレンジ/ベージュ/ワインレッド<br>マスタードイエロー/ネイビーブルー/ブラウン/グリーン<br><br>
<br>
【サイズ】 <br>
商品名（商品タイトル）記載のサイズです。<br>
※全３種類ございます（幅の変更は出来ません）<br>
・Ａ４サイズ　→　幅30cm×20cm  <br>
・小　　　　　→　幅65cm×50cm<br>
・大　　　　　→　幅135cm×100cm<br>
※大サイズに関しまして<br>
100cm以上をご希望の方は希望の長さ(ｍ)分ご購入下さい。<BR>
一度に10m以上ご購入に関しましては送料・代引き手数料<BR>当社が負担させて頂きます。<BR>30mまでであれば1ｍ毎に延長可能。<br>
延長をご希望の場合は、希望の長さ（m）分ご購入下さい。<br>
長さ5ｍ以上をご希望の方は在庫の有無をお電話にて<br>
ご確認下さいますようお願い申し上げます。<br><br><br>
<br>
※色/伸び/質感に関する質問が多々御座いますがモニター環境に<br>
よって色味が異なったり、感じ方に個人差がございますので<br>
不安な方はサンプルセットをご購入の上、実物をご確認頂いてから<br>商品をご購入下さいますようお願い申し上げます。<BR><br>【サンプルセット購入はコチラ】<BR><BR>
購入後の上記理由での返品はお受けできません。<br>
<br>
【注意事項】<br>
※貼り付け・車検に関するご質問はお答え致しかねます。<br>
※取り付け前に必ず商品確認を行ってください。<br>
切断・加工後の返品交換は一切お受け致しかねます。<br>
※1枚ずつ業務用切り売りでスタッフが丁寧にカットしておりますが<br>
一部に断面が歪んだり欠けしまう場合が御座います。<br>
※念の為、切り損じを1cm程度(A4サイズは5mm程度)踏まえてお考え下さい。
</FONT></TD></TR></TABLE></TD></TR></TABLE><BR><BR><BR><TABLE WIDTH=600 CELLSPACING=1 BORDER=0 CELLPADDING=1 BGCOLOR=#CCCCCC><TR><TD BGCOLOR=#FF7F50><TABLE WIDTH=100% CELLSPACING=2 BORDER=0 CELLPADDING=5><TR><TD ALIGN=left BGCOLOR=#FF7F50><FONT COLOR=#333333 SIZE=3><B>★★発送方法/送料★★</B></FONT></TD></TR></TABLE><TABLE WIDTH=100% CELLSPACING=2 BORDER=0 CELLPADDING=0><TR><TD HEIGHT=2 BGCOLOR=#CCBBAA></TD></TR></TABLE><TABLE WIDTH=100% CELLSPACING=2 BORDER=0 CELLPADDING=5><TR><TD ALIGN=left BGCOLOR=#FFF8EE><FONT COLOR=#333333 SIZE=3>商品名に【送料無料】の記載がある場合は、送料無料です。<BR>※北海道・沖縄・離島除く<BR><BR><FONT SIZE=5>【全国送料表】</FONT>をご確認下さいませ。<BR><BR>複数の商品を同梱可能です。<BR>※同梱をご希望の場合、必ず同じお買い物カゴ（カート）でご注文下さい。<BR>※別々のお買い物カゴで注文された場合は別々に梱包し発送致します。<BR>その為、送料・代引き手数料は発送個数分請求させて頂きます。<BR><BR>★発送に関する注意事項★<BR>---------------------------------------- <BR>当方指定宅急便ですので配送業者は選択できません。 <BR>時間指定は対応いたしておりません。<BR>発送連絡に記載の問い合わせ番号でご自身でご確認頂けます。<BR>離島は発送が一日遅れます。 <BR>----------------------------------------<BR>★商品代引★　　<BR>宅急便送料+別途手数料３７０円 <BR>休業日　商品ページ左バナーカレンダーに記載</FONT></TD></TR></TABLE></TD></TR></TABLE><BR><TABLE WIDTH=600 CELLSPACING=1 BORDER=0 CELLPADDING=1 BGCOLOR=#CCCCCC><TR><TD BGCOLOR=#FF7F50><TABLE WIDTH=100% CELLSPACING=2 BORDER=0 CELLPADDING=5><TR><TD ALIGN=left BGCOLOR=#FF7F50><FONT COLOR=#333333 SIZE=3><B>★★支払方法★</B></FONT></TD></TR></TABLE><TABLE WIDTH=100% CELLSPACING=2 BORDER=0 CELLPADDING=0><TR><TD HEIGHT=2 BGCOLOR=#CCBBAA></TD></TR></TABLE><TABLE WIDTH=100% CELLSPACING=2 BORDER=0 CELLPADDING=5><TR><TD ALIGN=left BGCOLOR=#FFF8EE><FONT COLOR=#333333 SIZE=3>●楽天銀行　振込<BR>●商品代引<BR>●クレジットカード決済<BR>●コンビニ決済（前払い）<BR>●楽天Edy決済<BR>●auかんたん決済<BR></FONT></TD></TR></TABLE></TD></TR></TABLE><BR><IMG SRC=http://image.rakuten.co.jp/auc-automax/cabinet/03561925/img63193783.gif WIDTH=600><BR><BR></CENTER><center><BR><BR><img src=http://image.rakuten.co.jp/auc-automax/cabinet/03619501/cuttingsheet-cate/imgrc0068742328.gif width=195 alt=A4> <img src=http://image.rakuten.co.jp/auc-automax/cabinet/03619501/cuttingsheet-cate/imgrc0068742325.gif width=195 alt=65x50> <img src=http://image.rakuten.co.jp/auc-automax/cabinet/03619501/cuttingsheet-cate/imgrc0068742326.gif width=195 alt=135x100><BR><br>

<img src=http://image.rakuten.co.jp/auc-automax/cabinet/03619501/cuttingsheet-cate/imgrc0068742261.jpg width=195 alt=黒> 
<img src=http://image.rakuten.co.jp/auc-automax/cabinet/03619501/cuttingsheet-cate/imgrc0068742260.jpg width=195 alt=肌> 
<img src=http://image.rakuten.co.jp/auc-automax/cabinet/03619501/cuttingsheet-cate/imgrc0068742262.jpg width=195 alt=青><BR>
<img src=http://image.rakuten.co.jp/auc-automax/cabinet/03619501/cuttingsheet-cate/imgrc0068742263.jpg width=195 alt=茶> 
<img src=http://image.rakuten.co.jp/auc-automax/cabinet/03619501/cuttingsheet-cate/imgrc0068742264.jpg width=195 alt=灰> 
<img src=http://image.rakuten.co.jp/auc-automax/cabinet/03619501/cuttingsheet-cate/imgrc0068742265.jpg width=195 alt=緑><BR>
<img src=http://image.rakuten.co.jp/auc-automax/cabinet/03619501/cuttingsheet-cate/imgrc0068742266.jpg width=195 alt=紺> 
<img src=http://image.rakuten.co.jp/auc-automax/cabinet/03619501/cuttingsheet-cate/imgrc0068742267.jpg width=195 alt=柿> 
<img src=http://image.rakuten.co.jp/auc-automax/cabinet/03619501/cuttingsheet-cate/imgrc0068742268.jpg width=195 alt=桃><BR>
<img src=http://image.rakuten.co.jp/auc-automax/cabinet/03619501/cuttingsheet-cate/imgrc0068742269.jpg width=195> 
<img src=http://image.rakuten.co.jp/auc-automax/cabinet/03619501/cuttingsheet-cate/imgrc0068742270.jpg width=195> 
<img src=http://image.rakuten.co.jp/auc-automax/cabinet/03619501/cuttingsheet-cate/imgrc0068742271.jpg width=195><BR>
<img src=http://image.rakuten.co.jp/auc-automax/cabinet/03619501/cuttingsheet-cate/imgrc0068742276.jpg width=195> 
<img src=http://image.rakuten.co.jp/auc-automax/cabinet/03619501/cuttingsheet-cate/imgrc0068742277.jpg width=195> </center><center>
<br>
<img SRC=http://image.rakuten.co.jp/auc-automax/cabinet/imgrc0067382276.gif width=670 height=400><BR>
<br>
<img SRC=http://image.rakuten.co.jp/auc-automax/cabinet/img60333004.gif width=670 height=120><BR>
<br>

<br></center>",スエード(大) 黄♪スエード生地シート　糊付き アルカンターラ調 マスタードイエロー135cm&times;1mスエードシートバックスキンルック曲面対応 カッティング可能シート状内装 インテリア ウォールクロス 革 レザー ステッカー：AUTOMAX izumi,カッティングシートモニタースタンドアルカンターラ調スエード生地シート汎用パーツ自動車アクセサリーメッキモール送料無料ステッカーカー用品バイク用品ドレスアップラグジュアリー内装外装カット済みカーフィルム大阪通販激安格安施工スエード(大) 黄♪スエード生地シート　糊付き アルカンターラ調 マスタードイエロー135cm&times;1mスエードシートバックスキンルック曲面対応 カッティング可能シート状内装 インテリア ウォールクロス 革 レザー ステッカー,この商品は送料 全国一律600円 です(北海道/沖縄除く)同梱可能。。スエード(大) 黄♪スエード生地シート　糊付き アルカンターラ調 マスタードイエロー135cm&times;1mスエードシートバックスキンルック曲面対応 カッティング可能シート状内装 インテリア ウォールクロス 革 レザー ステッカー
1-27943,http://tshop.r10s.jp/auc-automax/cabinet/02420218/02420238/img65440448.jpg?fitin=700:700,2298.4000,,日用品雑貨・文房具・手芸 > 手芸・クラフト・生地 > 生地・布,スエード(大) 緑♪スエード生地シート　糊付き アルカンターラ調 グリーン135cm×1mスエードシートバックスキンルック曲面対応 カッティング可能シート状内装 インテリア ウォールクロス 革 レザー ステッカー,この商品は送料 全国一律600円 です(北海道/沖縄除く)同梱可能。,"<TR> <TD HEIGHT=6></TD> <TD HEIGHT=6></TD> <TD HEIGHT=6></TD> </TR><BR><CENTER><FONT COLOR=#CCBBAA SIZE=4><B></B></FONT><BR><BR><TABLE WIDTH=600 CELLSPACING=1 BORDER=0 CELLPADDING=1 BGCOLOR=#CCCCCC><TR><TD BGCOLOR=#FF7F50><TABLE WIDTH=100% CELLSPACING=2 BORDER=0 CELLPADDING=5><TR><TD ALIGN=left BGCOLOR=#FF7F50><FONT COLOR=#333333 SIZE=3><B>★★商品説明★★</B></FONT></TD></TR></TABLE><TABLE WIDTH=100% CELLSPACING=2 BORDER=0 CELLPADDING=0><TR><TD HEIGHT=2 BGCOLOR=#CCBBAA></TD></TR></TABLE><TABLE WIDTH=100% CELLSPACING=2 BORDER=0 CELLPADDING=5><TR><TD ALIGN=left BGCOLOR=#FFF8EE><FONT COLOR=#333333 SIZE=3>高級感のある肌触りの良いスエード調シートです。<BR>
キメ細かなリアルな起毛の質感！<BR>
<BR>
曲面への施工も可能。<BR>
愛車の内張り・ダッシュボード・コンソール<BR>
肘掛け・メーターパネル等に使用すれば<BR>
格段と高級感がアップします。<BR>
<BR>
その他、<BR>
インテリアとして様々な場所にご使用頂けます。<BR>
大きい場所、好きな場所へ施工可能。<BR>
シートの裏に糊が付いておりますので、<BR>
お取り付けも簡単に出来ます。<BR>
<BR>
只今、人気急上昇中のお勧めの逸品です。<BR>
<br>【カラー】<br>
商品名（商品タイトル）記載のカラーです。<br>
※全14種類ございます。<br>
ブラック/レッド/ホワイト/ブルー/グレー<br>パープル/ピンク/オレンジ/ベージュ/ワインレッド<br>マスタードイエロー/ネイビーブルー/ブラウン/グリーン<br><br>
<br>
【サイズ】 <br>
商品名（商品タイトル）記載のサイズです。<br>
※全３種類ございます（幅の変更は出来ません）<br>
・Ａ４サイズ　→　幅30cm×20cm  <br>
・小　　　　　→　幅65cm×50cm<br>
・大　　　　　→　幅135cm×100cm<br>
※大サイズに関しまして<br>
100cm以上をご希望の方は希望の長さ(ｍ)分ご購入下さい。<BR>
一度に10m以上ご購入に関しましては送料・代引き手数料<BR>当社が負担させて頂きます。<BR>30mまでであれば1ｍ毎に延長可能。<br>
延長をご希望の場合は、希望の長さ（m）分ご購入下さい。<br>
長さ5ｍ以上をご希望の方は在庫の有無をお電話にて<br>
ご確認下さいますようお願い申し上げます。<br><br><br>
<br>
※色/伸び/質感に関する質問が多々御座いますがモニター環境に<br>
よって色味が異なったり、感じ方に個人差がございますので<br>
不安な方はサンプルセットをご購入の上、実物をご確認頂いてから<br>商品をご購入下さいますようお願い申し上げます。<BR><br>【サンプルセット購入はコチラ】<BR><BR>
購入後の上記理由での返品はお受けできません。<br>
<br>
【注意事項】<br>
※貼り付け・車検に関するご質問はお答え致しかねます。<br>
※取り付け前に必ず商品確認を行ってください。<br>
切断・加工後の返品交換は一切お受け致しかねます。<br>
※1枚ずつ業務用切り売りでスタッフが丁寧にカットしておりますが<br>
一部に断面が歪んだり欠けしまう場合が御座います。<br>
※念の為、切り損じを1cm程度(A4サイズは5mm程度)踏まえてお考え下さい。
</FONT></TD></TR></TABLE></TD></TR></TABLE><BR><BR><BR><TABLE WIDTH=600 CELLSPACING=1 BORDER=0 CELLPADDING=1 BGCOLOR=#CCCCCC><TR><TD BGCOLOR=#FF7F50><TABLE WIDTH=100% CELLSPACING=2 BORDER=0 CELLPADDING=5><TR><TD ALIGN=left BGCOLOR=#FF7F50><FONT COLOR=#333333 SIZE=3><B>★★発送方法/送料★★</B></FONT></TD></TR></TABLE><TABLE WIDTH=100% CELLSPACING=2 BORDER=0 CELLPADDING=0><TR><TD HEIGHT=2 BGCOLOR=#CCBBAA></TD></TR></TABLE><TABLE WIDTH=100% CELLSPACING=2 BORDER=0 CELLPADDING=5><TR><TD ALIGN=left BGCOLOR=#FFF8EE><FONT COLOR=#333333 SIZE=3>商品名に【送料無料】の記載がある場合は、送料無料です。<BR>※北海道・沖縄・離島除く<BR><BR><FONT SIZE=5>【全国送料表】</FONT>をご確認下さいませ。<BR><BR>複数の商品を同梱可能です。<BR>※同梱をご希望の場合、必ず同じお買い物カゴ（カート）でご注文下さい。<BR>※別々のお買い物カゴで注文された場合は別々に梱包し発送致します。<BR>その為、送料・代引き手数料は発送個数分請求させて頂きます。<BR><BR>★発送に関する注意事項★<BR>---------------------------------------- <BR>当方指定宅急便ですので配送業者は選択できません。 <BR>時間指定は対応いたしておりません。<BR>発送連絡に記載の問い合わせ番号でご自身でご確認頂けます。<BR>離島は発送が一日遅れます。 <BR>----------------------------------------<BR>★商品代引★　　<BR>宅急便送料+別途手数料３７０円 <BR>休業日　商品ページ左バナーカレンダーに記載</FONT></TD></TR></TABLE></TD></TR></TABLE><BR><TABLE WIDTH=600 CELLSPACING=1 BORDER=0 CELLPADDING=1 BGCOLOR=#CCCCCC><TR><TD BGCOLOR=#FF7F50><TABLE WIDTH=100% CELLSPACING=2 BORDER=0 CELLPADDING=5><TR><TD ALIGN=left BGCOLOR=#FF7F50><FONT COLOR=#333333 SIZE=3><B>★★支払方法★</B></FONT></TD></TR></TABLE><TABLE WIDTH=100% CELLSPACING=2 BORDER=0 CELLPADDING=0><TR><TD HEIGHT=2 BGCOLOR=#CCBBAA></TD></TR></TABLE><TABLE WIDTH=100% CELLSPACING=2 BORDER=0 CELLPADDING=5><TR><TD ALIGN=left BGCOLOR=#FFF8EE><FONT COLOR=#333333 SIZE=3>●楽天銀行　振込<BR>●商品代引<BR>●クレジットカード決済<BR>●コンビニ決済（前払い）<BR>●楽天Edy決済<BR>●auかんたん決済<BR></FONT></TD></TR></TABLE></TD></TR></TABLE><BR><IMG SRC=http://image.rakuten.co.jp/auc-automax/cabinet/03561925/img63193783.gif WIDTH=600><BR><BR></CENTER><center><BR><BR><img src=http://image.rakuten.co.jp/auc-automax/cabinet/03619501/cuttingsheet-cate/imgrc0068742328.gif width=195 alt=A4> <img src=http://image.rakuten.co.jp/auc-automax/cabinet/03619501/cuttingsheet-cate/imgrc0068742325.gif width=195 alt=65x50> <img src=http://image.rakuten.co.jp/auc-automax/cabinet/03619501/cuttingsheet-cate/imgrc0068742326.gif width=195 alt=135x100><BR><br>

<img src=http://image.rakuten.co.jp/auc-automax/cabinet/03619501/cuttingsheet-cate/imgrc0068742261.jpg width=195 alt=黒> 
<img src=http://image.rakuten.co.jp/auc-automax/cabinet/03619501/cuttingsheet-cate/imgrc0068742260.jpg width=195 alt=肌> 
<img src=http://image.rakuten.co.jp/auc-automax/cabinet/03619501/cuttingsheet-cate/imgrc0068742262.jpg width=195 alt=青><BR>
<img src=http://image.rakuten.co.jp/auc-automax/cabinet/03619501/cuttingsheet-cate/imgrc0068742263.jpg width=195 alt=茶> 
<img src=http://image.rakuten.co.jp/auc-automax/cabinet/03619501/cuttingsheet-cate/imgrc0068742264.jpg width=195 alt=灰> 
<img src=http://image.rakuten.co.jp/auc-automax/cabinet/03619501/cuttingsheet-cate/imgrc0068742265.jpg width=195 alt=緑><BR>
<img src=http://image.rakuten.co.jp/auc-automax/cabinet/03619501/cuttingsheet-cate/imgrc0068742266.jpg width=195 alt=紺> 
<img src=http://image.rakuten.co.jp/auc-automax/cabinet/03619501/cuttingsheet-cate/imgrc0068742267.jpg width=195 alt=柿> 
<img src=http://image.rakuten.co.jp/auc-automax/cabinet/03619501/cuttingsheet-cate/imgrc0068742268.jpg width=195 alt=桃><BR>
<img src=http://image.rakuten.co.jp/auc-automax/cabinet/03619501/cuttingsheet-cate/imgrc0068742269.jpg width=195> 
<img src=http://image.rakuten.co.jp/auc-automax/cabinet/03619501/cuttingsheet-cate/imgrc0068742270.jpg width=195> 
<img src=http://image.rakuten.co.jp/auc-automax/cabinet/03619501/cuttingsheet-cate/imgrc0068742271.jpg width=195><BR>
<img src=http://image.rakuten.co.jp/auc-automax/cabinet/03619501/cuttingsheet-cate/imgrc0068742276.jpg width=195> 
<img src=http://image.rakuten.co.jp/auc-automax/cabinet/03619501/cuttingsheet-cate/imgrc0068742277.jpg width=195> </center><center>
<br>
<img SRC=http://image.rakuten.co.jp/auc-automax/cabinet/imgrc0067382276.gif width=670 height=400><BR>
<br>
<img SRC=http://image.rakuten.co.jp/auc-automax/cabinet/img60333004.gif width=670 height=120><BR>
<br>

<br></center>",スエード(大) 緑♪スエード生地シート　糊付き アルカンターラ調 グリーン135cm&times;1mスエードシートバックスキンルック曲面対応 カッティング可能シート状内装 インテリア ウォールクロス 革 レザー ステッカー：AUTOMAX izumi,カッティングシートモニタースタンドアルカンターラ調スエード生地シート汎用パーツ自動車アクセサリーメッキモール送料無料ステッカーカー用品バイク用品ドレスアップラグジュアリー内装外装カット済みカーフィルム大阪通販激安格安施工スエード(大) 緑♪スエード生地シート　糊付き アルカンターラ調 グリーン135cm&times;1mスエードシートバックスキンルック曲面対応 カッティング可能シート状内装 インテリア ウォールクロス 革 レザー ステッカー,この商品は送料 全国一律600円 です(北海道/沖縄除く)同梱可能。。スエード(大) 緑♪スエード生地シート　糊付き アルカンターラ調 グリーン135cm&times;1mスエードシートバックスキンルック曲面対応 カッティング可能シート状内装 インテリア ウォールクロス 革 レザー ステッカー
1-27944,http://tshop.r10s.jp/auc-automax/cabinet/02420218/02420238/img58126739.jpg?fitin=700:700,2298.4000,,日用品雑貨・文房具・手芸 > 手芸・クラフト・生地 > 生地・布,スエード(大) 柿♪スエード生地シート　糊付き アルカンターラ調 オレンジ135cm×1mスエードシートバックスキンルック曲面対応 カッティング可能シート状内装 インテリア ウォールクロス 革 レザー ステッカー シール,この商品は送料 全国一律600円 です(北海道/沖縄除く)同梱可能。,"<TR> <TD HEIGHT=6></TD> <TD HEIGHT=6></TD> <TD HEIGHT=6></TD> </TR><BR><CENTER><FONT COLOR=#CCBBAA SIZE=4><B></B></FONT><BR><BR><TABLE WIDTH=600 CELLSPACING=1 BORDER=0 CELLPADDING=1 BGCOLOR=#CCCCCC><TR><TD BGCOLOR=#FF7F50><TABLE WIDTH=100% CELLSPACING=2 BORDER=0 CELLPADDING=5><TR><TD ALIGN=left BGCOLOR=#FF7F50><FONT COLOR=#333333 SIZE=3><B>★★商品説明★★</B></FONT></TD></TR></TABLE><TABLE WIDTH=100% CELLSPACING=2 BORDER=0 CELLPADDING=0><TR><TD HEIGHT=2 BGCOLOR=#CCBBAA></TD></TR></TABLE><TABLE WIDTH=100% CELLSPACING=2 BORDER=0 CELLPADDING=5><TR><TD ALIGN=left BGCOLOR=#FFF8EE><FONT COLOR=#333333 SIZE=3>高級感のある肌触りの良いスエード調シートです。<BR>
キメ細かなリアルな起毛の質感！<BR>
<BR>
曲面への施工も可能。<BR>
愛車の内張り・ダッシュボード・コンソール<BR>
肘掛け・メーターパネル等に使用すれば<BR>
格段と高級感がアップします。<BR>
<BR>
その他、<BR>
インテリアとして様々な場所にご使用頂けます。<BR>
大きい場所、好きな場所へ施工可能。<BR>
シートの裏に糊が付いておりますので、<BR>
お取り付けも簡単に出来ます。<BR>
<BR>
只今、人気急上昇中のお勧めの逸品です。<BR>
<br>【カラー】<br>
商品名（商品タイトル）記載のカラーです。<br>
※全14種類ございます。<br>
ブラック/レッド/ホワイト/ブルー/グレー<br>パープル/ピンク/オレンジ/ベージュ/ワインレッド<br>マスタードイエロー/ネイビーブルー/ブラウン/グリーン<br><br>
<br>
【サイズ】 <br>
商品名（商品タイトル）記載のサイズです。<br>
※全３種類ございます（幅の変更は出来ません）<br>
・Ａ４サイズ　→　幅30cm×20cm  <br>
・小　　　　　→　幅65cm×50cm<br>
・大　　　　　→　幅135cm×100cm<br>
※大サイズに関しまして<br>
100cm以上をご希望の方は希望の長さ(ｍ)分ご購入下さい。<BR>
一度に10m以上ご購入に関しましては送料・代引き手数料<BR>当社が負担させて頂きます。<BR>30mまでであれば1ｍ毎に延長可能。<br>
延長をご希望の場合は、希望の長さ（m）分ご購入下さい。<br>
長さ5ｍ以上をご希望の方は在庫の有無をお電話にて<br>
ご確認下さいますようお願い申し上げます。<br><br><br>
<br>
※色/伸び/質感に関する質問が多々御座いますがモニター環境に<br>
よって色味が異なったり、感じ方に個人差がございますので<br>
不安な方はサンプルセットをご購入の上、実物をご確認頂いてから<br>商品をご購入下さいますようお願い申し上げます。<BR><br>【サンプルセット購入はコチラ】<BR><BR>
購入後の上記理由での返品はお受けできません。<br>
<br>
【注意事項】<br>
※貼り付け・車検に関するご質問はお答え致しかねます。<br>
※取り付け前に必ず商品確認を行ってください。<br>
切断・加工後の返品交換は一切お受け致しかねます。<br>
※1枚ずつ業務用切り売りでスタッフが丁寧にカットしておりますが<br>
一部に断面が歪んだり欠けしまう場合が御座います。<br>
※念の為、切り損じを1cm程度(A4サイズは5mm程度)踏まえてお考え下さい。
</FONT></TD></TR></TABLE></TD></TR></TABLE><BR><BR><BR><TABLE WIDTH=600 CELLSPACING=1 BORDER=0 CELLPADDING=1 BGCOLOR=#CCCCCC><TR><TD BGCOLOR=#FF7F50><TABLE WIDTH=100% CELLSPACING=2 BORDER=0 CELLPADDING=5><TR><TD ALIGN=left BGCOLOR=#FF7F50><FONT COLOR=#333333 SIZE=3><B>★★発送方法/送料★★</B></FONT></TD></TR></TABLE><TABLE WIDTH=100% CELLSPACING=2 BORDER=0 CELLPADDING=0><TR><TD HEIGHT=2 BGCOLOR=#CCBBAA></TD></TR></TABLE><TABLE WIDTH=100% CELLSPACING=2 BORDER=0 CELLPADDING=5><TR><TD ALIGN=left BGCOLOR=#FFF8EE><FONT COLOR=#333333 SIZE=3>商品名に【送料無料】の記載がある場合は、送料無料です。<BR>※北海道・沖縄・離島除く<BR><BR><FONT SIZE=5>【全国送料表】</FONT>をご確認下さいませ。<BR><BR>複数の商品を同梱可能です。<BR>※同梱をご希望の場合、必ず同じお買い物カゴ（カート）でご注文下さい。<BR>※別々のお買い物カゴで注文された場合は別々に梱包し発送致します。<BR>その為、送料・代引き手数料は発送個数分請求させて頂きます。<BR><BR>★発送に関する注意事項★<BR>---------------------------------------- <BR>当方指定宅急便ですので配送業者は選択できません。 <BR>時間指定は対応いたしておりません。<BR>発送連絡に記載の問い合わせ番号でご自身でご確認頂けます。<BR>離島は発送が一日遅れます。 <BR>----------------------------------------<BR>★商品代引★　　<BR>宅急便送料+別途手数料３７０円 <BR>休業日　商品ページ左バナーカレンダーに記載</FONT></TD></TR></TABLE></TD></TR></TABLE><BR><TABLE WIDTH=600 CELLSPACING=1 BORDER=0 CELLPADDING=1 BGCOLOR=#CCCCCC><TR><TD BGCOLOR=#FF7F50><TABLE WIDTH=100% CELLSPACING=2 BORDER=0 CELLPADDING=5><TR><TD ALIGN=left BGCOLOR=#FF7F50><FONT COLOR=#333333 SIZE=3><B>★★支払方法★</B></FONT></TD></TR></TABLE><TABLE WIDTH=100% CELLSPACING=2 BORDER=0 CELLPADDING=0><TR><TD HEIGHT=2 BGCOLOR=#CCBBAA></TD></TR></TABLE><TABLE WIDTH=100% CELLSPACING=2 BORDER=0 CELLPADDING=5><TR><TD ALIGN=left BGCOLOR=#FFF8EE><FONT COLOR=#333333 SIZE=3>●楽天銀行　振込<BR>●商品代引<BR>●クレジットカード決済<BR>●コンビニ決済（前払い）<BR>●楽天Edy決済<BR>●auかんたん決済<BR></FONT></TD></TR></TABLE></TD></TR></TABLE><BR><IMG SRC=http://image.rakuten.co.jp/auc-automax/cabinet/03561925/img63193783.gif WIDTH=600><BR><BR></CENTER><center><BR><BR><img src=http://image.rakuten.co.jp/auc-automax/cabinet/03619501/cuttingsheet-cate/imgrc0068742328.gif width=195 alt=A4> <img src=http://image.rakuten.co.jp/auc-automax/cabinet/03619501/cuttingsheet-cate/imgrc0068742325.gif width=195 alt=65x50> <img src=http://image.rakuten.co.jp/auc-automax/cabinet/03619501/cuttingsheet-cate/imgrc0068742326.gif width=195 alt=135x100><BR><br>

<img src=http://image.rakuten.co.jp/auc-automax/cabinet/03619501/cuttingsheet-cate/imgrc0068742261.jpg width=195 alt=黒> 
<img src=http://image.rakuten.co.jp/auc-automax/cabinet/03619501/cuttingsheet-cate/imgrc0068742260.jpg width=195 alt=肌> 
<img src=http://image.rakuten.co.jp/auc-automax/cabinet/03619501/cuttingsheet-cate/imgrc0068742262.jpg width=195 alt=青><BR>
<img src=http://image.rakuten.co.jp/auc-automax/cabinet/03619501/cuttingsheet-cate/imgrc0068742263.jpg width=195 alt=茶> 
<img src=http://image.rakuten.co.jp/auc-automax/cabinet/03619501/cuttingsheet-cate/imgrc0068742264.jpg width=195 alt=灰> 
<img src=http://image.rakuten.co.jp/auc-automax/cabinet/03619501/cuttingsheet-cate/imgrc0068742265.jpg width=195 alt=緑><BR>
<img src=http://image.rakuten.co.jp/auc-automax/cabinet/03619501/cuttingsheet-cate/imgrc0068742266.jpg width=195 alt=紺> 
<img src=http://image.rakuten.co.jp/auc-automax/cabinet/03619501/cuttingsheet-cate/imgrc0068742267.jpg width=195 alt=柿> 
<img src=http://image.rakuten.co.jp/auc-automax/cabinet/03619501/cuttingsheet-cate/imgrc0068742268.jpg width=195 alt=桃><BR>
<img src=http://image.rakuten.co.jp/auc-automax/cabinet/03619501/cuttingsheet-cate/imgrc0068742269.jpg width=195> 
<img src=http://image.rakuten.co.jp/auc-automax/cabinet/03619501/cuttingsheet-cate/imgrc0068742270.jpg width=195> 
<img src=http://image.rakuten.co.jp/auc-automax/cabinet/03619501/cuttingsheet-cate/imgrc0068742271.jpg width=195><BR>
<img src=http://image.rakuten.co.jp/auc-automax/cabinet/03619501/cuttingsheet-cate/imgrc0068742276.jpg width=195> 
<img src=http://image.rakuten.co.jp/auc-automax/cabinet/03619501/cuttingsheet-cate/imgrc0068742277.jpg width=195> </center><center>
<br>
<img SRC=http://image.rakuten.co.jp/auc-automax/cabinet/imgrc0067382276.gif width=670 height=400><BR>
<br>
<img SRC=http://image.rakuten.co.jp/auc-automax/cabinet/img60333004.gif width=670 height=120><BR>
<br>

<br></center>",スエード(大) 柿♪スエード生地シート　糊付き アルカンターラ調 オレンジ135cm&times;1mスエードシートバックスキンルック曲面対応 カッティング可能シート状内装 インテリア ウォールクロス 革 レザー ステッカー シール：AUTOMAX izumi,カッティングシートモニタースタンドアルカンターラ調スエード生地シート汎用パーツ自動車アクセサリーメッキモール送料無料ステッカーカー用品バイク用品ドレスアップラグジュアリー内装外装カット済みカーフィルム大阪通販激安格安施工スエード(大) 柿♪スエード生地シート　糊付き アルカンターラ調 オレンジ135cm&times;1mスエードシートバックスキンルック曲面対応 カッティング可能シート状内装 インテリア ウォールクロス 革 レザー ステッカー シール,この商品は送料 全国一律600円 です(北海道/沖縄除く)同梱可能。。スエード(大) 柿♪スエード生地シート　糊付き アルカンターラ調 オレンジ135cm&times;1mスエードシートバックスキンルック曲面対応 カッティング可能シート状内装 インテリア ウォールクロス 革 レザー ステッカー シール
1-27945,http://tshop.r10s.jp/auc-automax/cabinet/02420218/02420238/img65440445.jpg?fitin=700:700,2298.4000,,日用品雑貨・文房具・手芸 > 手芸・クラフト・生地 > 生地・布,スエード(大) 茶♪スエード生地シート　糊付き アルカンターラ調 ブラウン135cm×1mスエードシートバックスキンルック曲面対応 カッティング可能シート状内装 インテリア ウォールクロス 革 レザー ステッカー,この商品は送料 全国一律600円 です(北海道/沖縄除く)同梱可能。,"<TR> <TD HEIGHT=6></TD> <TD HEIGHT=6></TD> <TD HEIGHT=6></TD> </TR><BR><CENTER><FONT COLOR=#CCBBAA SIZE=4><B></B></FONT><BR><BR><TABLE WIDTH=600 CELLSPACING=1 BORDER=0 CELLPADDING=1 BGCOLOR=#CCCCCC><TR><TD BGCOLOR=#FF7F50><TABLE WIDTH=100% CELLSPACING=2 BORDER=0 CELLPADDING=5><TR><TD ALIGN=left BGCOLOR=#FF7F50><FONT COLOR=#333333 SIZE=3><B>★★商品説明★★</B></FONT></TD></TR></TABLE><TABLE WIDTH=100% CELLSPACING=2 BORDER=0 CELLPADDING=0><TR><TD HEIGHT=2 BGCOLOR=#CCBBAA></TD></TR></TABLE><TABLE WIDTH=100% CELLSPACING=2 BORDER=0 CELLPADDING=5><TR><TD ALIGN=left BGCOLOR=#FFF8EE><FONT COLOR=#333333 SIZE=3>高級感のある肌触りの良いスエード調シートです。<BR>
キメ細かなリアルな起毛の質感！<BR>
<BR>
曲面への施工も可能。<BR>
愛車の内張り・ダッシュボード・コンソール<BR>
肘掛け・メーターパネル等に使用すれば<BR>
格段と高級感がアップします。<BR>
<BR>
その他、<BR>
インテリアとして様々な場所にご使用頂けます。<BR>
大きい場所、好きな場所へ施工可能。<BR>
シートの裏に糊が付いておりますので、<BR>
お取り付けも簡単に出来ます。<BR>
<BR>
只今、人気急上昇中のお勧めの逸品です。<BR>
<br>【カラー】<br>
商品名（商品タイトル）記載のカラーです。<br>
※全14種類ございます。<br>
ブラック/レッド/ホワイト/ブルー/グレー<br>パープル/ピンク/オレンジ/ベージュ/ワインレッド<br>マスタードイエロー/ネイビーブルー/ブラウン/グリーン<br><br>
<br>
【サイズ】 <br>
商品名（商品タイトル）記載のサイズです。<br>
※全３種類ございます（幅の変更は出来ません）<br>
・Ａ４サイズ　→　幅30cm×20cm  <br>
・小　　　　　→　幅65cm×50cm<br>
・大　　　　　→　幅135cm×100cm<br>
※大サイズに関しまして<br>
100cm以上をご希望の方は希望の長さ(ｍ)分ご購入下さい。<BR>
一度に10m以上ご購入に関しましては送料・代引き手数料<BR>当社が負担させて頂きます。<BR>30mまでであれば1ｍ毎に延長可能。<br>
延長をご希望の場合は、希望の長さ（m）分ご購入下さい。<br>
長さ5ｍ以上をご希望の方は在庫の有無をお電話にて<br>
ご確認下さいますようお願い申し上げます。<br><br><br>
<br>
※色/伸び/質感に関する質問が多々御座いますがモニター環境に<br>
よって色味が異なったり、感じ方に個人差がございますので<br>
不安な方はサンプルセットをご購入の上、実物をご確認頂いてから<br>商品をご購入下さいますようお願い申し上げます。<BR><br>【サンプルセット購入はコチラ】<BR><BR>
購入後の上記理由での返品はお受けできません。<br>
<br>
【注意事項】<br>
※貼り付け・車検に関するご質問はお答え致しかねます。<br>
※取り付け前に必ず商品確認を行ってください。<br>
切断・加工後の返品交換は一切お受け致しかねます。<br>
※1枚ずつ業務用切り売りでスタッフが丁寧にカットしておりますが<br>
一部に断面が歪んだり欠けしまう場合が御座います。<br>
※念の為、切り損じを1cm程度(A4サイズは5mm程度)踏まえてお考え下さい。
</FONT></TD></TR></TABLE></TD></TR></TABLE><BR><BR><BR><TABLE WIDTH=600 CELLSPACING=1 BORDER=0 CELLPADDING=1 BGCOLOR=#CCCCCC><TR><TD BGCOLOR=#FF7F50><TABLE WIDTH=100% CELLSPACING=2 BORDER=0 CELLPADDING=5><TR><TD ALIGN=left BGCOLOR=#FF7F50><FONT COLOR=#333333 SIZE=3><B>★★発送方法/送料★★</B></FONT></TD></TR></TABLE><TABLE WIDTH=100% CELLSPACING=2 BORDER=0 CELLPADDING=0><TR><TD HEIGHT=2 BGCOLOR=#CCBBAA></TD></TR></TABLE><TABLE WIDTH=100% CELLSPACING=2 BORDER=0 CELLPADDING=5><TR><TD ALIGN=left BGCOLOR=#FFF8EE><FONT COLOR=#333333 SIZE=3>商品名に【送料無料】の記載がある場合は、送料無料です。<BR>※北海道・沖縄・離島除く<BR><BR><FONT SIZE=5>【全国送料表】</FONT>をご確認下さいませ。<BR><BR>複数の商品を同梱可能です。<BR>※同梱をご希望の場合、必ず同じお買い物カゴ（カート）でご注文下さい。<BR>※別々のお買い物カゴで注文された場合は別々に梱包し発送致します。<BR>その為、送料・代引き手数料は発送個数分請求させて頂きます。<BR><BR>★発送に関する注意事項★<BR>---------------------------------------- <BR>当方指定宅急便ですので配送業者は選択できません。 <BR>時間指定は対応いたしておりません。<BR>発送連絡に記載の問い合わせ番号でご自身でご確認頂けます。<BR>離島は発送が一日遅れます。 <BR>----------------------------------------<BR>★商品代引★　　<BR>宅急便送料+別途手数料３７０円 <BR>休業日　商品ページ左バナーカレンダーに記載</FONT></TD></TR></TABLE></TD></TR></TABLE><BR><TABLE WIDTH=600 CELLSPACING=1 BORDER=0 CELLPADDING=1 BGCOLOR=#CCCCCC><TR><TD BGCOLOR=#FF7F50><TABLE WIDTH=100% CELLSPACING=2 BORDER=0 CELLPADDING=5><TR><TD ALIGN=left BGCOLOR=#FF7F50><FONT COLOR=#333333 SIZE=3><B>★★支払方法★</B></FONT></TD></TR></TABLE><TABLE WIDTH=100% CELLSPACING=2 BORDER=0 CELLPADDING=0><TR><TD HEIGHT=2 BGCOLOR=#CCBBAA></TD></TR></TABLE><TABLE WIDTH=100% CELLSPACING=2 BORDER=0 CELLPADDING=5><TR><TD ALIGN=left BGCOLOR=#FFF8EE><FONT COLOR=#333333 SIZE=3>●楽天銀行　振込<BR>●商品代引<BR>●クレジットカード決済<BR>●コンビニ決済（前払い）<BR>●楽天Edy決済<BR>●auかんたん決済<BR></FONT></TD></TR></TABLE></TD></TR></TABLE><BR><IMG SRC=http://image.rakuten.co.jp/auc-automax/cabinet/03561925/img63193783.gif WIDTH=600><BR><BR></CENTER><center><BR><BR><img src=http://image.rakuten.co.jp/auc-automax/cabinet/03619501/cuttingsheet-cate/imgrc0068742328.gif width=195 alt=A4> <img src=http://image.rakuten.co.jp/auc-automax/cabinet/03619501/cuttingsheet-cate/imgrc0068742325.gif width=195 alt=65x50> <img src=http://image.rakuten.co.jp/auc-automax/cabinet/03619501/cuttingsheet-cate/imgrc0068742326.gif width=195 alt=135x100><BR><br>

<img src=http://image.rakuten.co.jp/auc-automax/cabinet/03619501/cuttingsheet-cate/imgrc0068742261.jpg width=195 alt=黒> 
<img src=http://image.rakuten.co.jp/auc-automax/cabinet/03619501/cuttingsheet-cate/imgrc0068742260.jpg width=195 alt=肌> 
<img src=http://image.rakuten.co.jp/auc-automax/cabinet/03619501/cuttingsheet-cate/imgrc0068742262.jpg width=195 alt=青><BR>
<img src=http://image.rakuten.co.jp/auc-automax/cabinet/03619501/cuttingsheet-cate/imgrc0068742263.jpg width=195 alt=茶> 
<img src=http://image.rakuten.co.jp/auc-automax/cabinet/03619501/cuttingsheet-cate/imgrc0068742264.jpg width=195 alt=灰> 
<img src=http://image.rakuten.co.jp/auc-automax/cabinet/03619501/cuttingsheet-cate/imgrc0068742265.jpg width=195 alt=緑><BR>
<img src=http://image.rakuten.co.jp/auc-automax/cabinet/03619501/cuttingsheet-cate/imgrc0068742266.jpg width=195 alt=紺> 
<img src=http://image.rakuten.co.jp/auc-automax/cabinet/03619501/cuttingsheet-cate/imgrc0068742267.jpg width=195 alt=柿> 
<img src=http://image.rakuten.co.jp/auc-automax/cabinet/03619501/cuttingsheet-cate/imgrc0068742268.jpg width=195 alt=桃><BR>
<img src=http://image.rakuten.co.jp/auc-automax/cabinet/03619501/cuttingsheet-cate/imgrc0068742269.jpg width=195> 
<img src=http://image.rakuten.co.jp/auc-automax/cabinet/03619501/cuttingsheet-cate/imgrc0068742270.jpg width=195> 
<img src=http://image.rakuten.co.jp/auc-automax/cabinet/03619501/cuttingsheet-cate/imgrc0068742271.jpg width=195><BR>
<img src=http://image.rakuten.co.jp/auc-automax/cabinet/03619501/cuttingsheet-cate/imgrc0068742276.jpg width=195> 
<img src=http://image.rakuten.co.jp/auc-automax/cabinet/03619501/cuttingsheet-cate/imgrc0068742277.jpg width=195> </center><center>
<br>
<img SRC=http://image.rakuten.co.jp/auc-automax/cabinet/imgrc0067382276.gif width=670 height=400><BR>
<br>
<img SRC=http://image.rakuten.co.jp/auc-automax/cabinet/img60333004.gif width=670 height=120><BR>
<br>

<br></center>",スエード(大) 茶♪スエード生地シート　糊付き アルカンターラ調 ブラウン135cm&times;1mスエードシートバックスキンルック曲面対応 カッティング可能シート状内装 インテリア ウォールクロス 革 レザー ステッカー：AUTOMAX izumi,カッティングシートモニタースタンドアルカンターラ調スエード生地シート汎用パーツ自動車アクセサリーメッキモール送料無料ステッカーカー用品バイク用品ドレスアップラグジュアリー内装外装カット済みカーフィルム大阪通販激安格安施工スエード(大) 茶♪スエード生地シート　糊付き アルカンターラ調 ブラウン135cm&times;1mスエードシートバックスキンルック曲面対応 カッティング可能シート状内装 インテリア ウォールクロス 革 レザー ステッカー,この商品は送料 全国一律600円 です(北海道/沖縄除く)同梱可能。。スエード(大) 茶♪スエード生地シート　糊付き アルカンターラ調 ブラウン135cm&times;1mスエードシートバックスキンルック曲面対応 カッティング可能シート状内装 インテリア ウォールクロス 革 レザー ステッカー
1-27946,http://tshop.r10s.jp/auc-automax/cabinet/02420218/02420238/img58126740.jpg?fitin=700:700,2298.4000,,日用品雑貨・文房具・手芸 > 手芸・クラフト・生地 > 生地・布,スエード(大) 灰♪スエード生地シート　糊付き アルカンターラ調 グレー135cm×1mサイズスエードシートバックスキンルック曲面対応 カッティング可能シート状内装 インテリア ウォールクロス 革 レザー ステッカー シール,この商品は送料 全国一律600円 です(北海道/沖縄除く)同梱可能。,"<TR> <TD HEIGHT=6></TD> <TD HEIGHT=6></TD> <TD HEIGHT=6></TD> </TR><BR><CENTER><FONT COLOR=#CCBBAA SIZE=4><B></B></FONT><BR><BR><TABLE WIDTH=600 CELLSPACING=1 BORDER=0 CELLPADDING=1 BGCOLOR=#CCCCCC><TR><TD BGCOLOR=#FF7F50><TABLE WIDTH=100% CELLSPACING=2 BORDER=0 CELLPADDING=5><TR><TD ALIGN=left BGCOLOR=#FF7F50><FONT COLOR=#333333 SIZE=3><B>★★商品説明★★</B></FONT></TD></TR></TABLE><TABLE WIDTH=100% CELLSPACING=2 BORDER=0 CELLPADDING=0><TR><TD HEIGHT=2 BGCOLOR=#CCBBAA></TD></TR></TABLE><TABLE WIDTH=100% CELLSPACING=2 BORDER=0 CELLPADDING=5><TR><TD ALIGN=left BGCOLOR=#FFF8EE><FONT COLOR=#333333 SIZE=3>高級感のある肌触りの良いスエード調シートです。<BR>
キメ細かなリアルな起毛の質感！<BR>
<BR>
曲面への施工も可能。<BR>
愛車の内張り・ダッシュボード・コンソール<BR>
肘掛け・メーターパネル等に使用すれば<BR>
格段と高級感がアップします。<BR>
<BR>
その他、<BR>
インテリアとして様々な場所にご使用頂けます。<BR>
大きい場所、好きな場所へ施工可能。<BR>
シートの裏に糊が付いておりますので、<BR>
お取り付けも簡単に出来ます。<BR>
<BR>
只今、人気急上昇中のお勧めの逸品です。<BR>
<br>【カラー】<br>
商品名（商品タイトル）記載のカラーです。<br>
※全14種類ございます。<br>
ブラック/レッド/ホワイト/ブルー/グレー<br>パープル/ピンク/オレンジ/ベージュ/ワインレッド<br>マスタードイエロー/ネイビーブルー/ブラウン/グリーン<br><br>
<br>
【サイズ】 <br>
商品名（商品タイトル）記載のサイズです。<br>
※全３種類ございます（幅の変更は出来ません）<br>
・Ａ４サイズ　→　幅30cm×20cm  <br>
・小　　　　　→　幅65cm×50cm<br>
・大　　　　　→　幅135cm×100cm<br>
※大サイズに関しまして<br>
100cm以上をご希望の方は希望の長さ(ｍ)分ご購入下さい。<BR>
一度に10m以上ご購入に関しましては送料・代引き手数料<BR>当社が負担させて頂きます。<BR>30mまでであれば1ｍ毎に延長可能。<br>
延長をご希望の場合は、希望の長さ（m）分ご購入下さい。<br>
長さ5ｍ以上をご希望の方は在庫の有無をお電話にて<br>
ご確認下さいますようお願い申し上げます。<br><br><br>
<br>
※色/伸び/質感に関する質問が多々御座いますがモニター環境に<br>
よって色味が異なったり、感じ方に個人差がございますので<br>
不安な方はサンプルセットをご購入の上、実物をご確認頂いてから<br>商品をご購入下さいますようお願い申し上げます。<BR><br>【サンプルセット購入はコチラ】<BR><BR>
購入後の上記理由での返品はお受けできません。<br>
<br>
【注意事項】<br>
※貼り付け・車検に関するご質問はお答え致しかねます。<br>
※取り付け前に必ず商品確認を行ってください。<br>
切断・加工後の返品交換は一切お受け致しかねます。<br>
※1枚ずつ業務用切り売りでスタッフが丁寧にカットしておりますが<br>
一部に断面が歪んだり欠けしまう場合が御座います。<br>
※念の為、切り損じを1cm程度(A4サイズは5mm程度)踏まえてお考え下さい。
</FONT></TD></TR></TABLE></TD></TR></TABLE><BR><BR><BR><TABLE WIDTH=600 CELLSPACING=1 BORDER=0 CELLPADDING=1 BGCOLOR=#CCCCCC><TR><TD BGCOLOR=#FF7F50><TABLE WIDTH=100% CELLSPACING=2 BORDER=0 CELLPADDING=5><TR><TD ALIGN=left BGCOLOR=#FF7F50><FONT COLOR=#333333 SIZE=3><B>★★発送方法/送料★★</B></FONT></TD></TR></TABLE><TABLE WIDTH=100% CELLSPACING=2 BORDER=0 CELLPADDING=0><TR><TD HEIGHT=2 BGCOLOR=#CCBBAA></TD></TR></TABLE><TABLE WIDTH=100% CELLSPACING=2 BORDER=0 CELLPADDING=5><TR><TD ALIGN=left BGCOLOR=#FFF8EE><FONT COLOR=#333333 SIZE=3>商品名に【送料無料】の記載がある場合は、送料無料です。<BR>※北海道・沖縄・離島除く<BR><BR><FONT SIZE=5>【全国送料表】</FONT>をご確認下さいませ。<BR><BR>複数の商品を同梱可能です。<BR>※同梱をご希望の場合、必ず同じお買い物カゴ（カート）でご注文下さい。<BR>※別々のお買い物カゴで注文された場合は別々に梱包し発送致します。<BR>その為、送料・代引き手数料は発送個数分請求させて頂きます。<BR><BR>★発送に関する注意事項★<BR>---------------------------------------- <BR>当方指定宅急便ですので配送業者は選択できません。 <BR>時間指定は対応いたしておりません。<BR>発送連絡に記載の問い合わせ番号でご自身でご確認頂けます。<BR>離島は発送が一日遅れます。 <BR>----------------------------------------<BR>★商品代引★　　<BR>宅急便送料+別途手数料３７０円 <BR>休業日　商品ページ左バナーカレンダーに記載</FONT></TD></TR></TABLE></TD></TR></TABLE><BR><TABLE WIDTH=600 CELLSPACING=1 BORDER=0 CELLPADDING=1 BGCOLOR=#CCCCCC><TR><TD BGCOLOR=#FF7F50><TABLE WIDTH=100% CELLSPACING=2 BORDER=0 CELLPADDING=5><TR><TD ALIGN=left BGCOLOR=#FF7F50><FONT COLOR=#333333 SIZE=3><B>★★支払方法★</B></FONT></TD></TR></TABLE><TABLE WIDTH=100% CELLSPACING=2 BORDER=0 CELLPADDING=0><TR><TD HEIGHT=2 BGCOLOR=#CCBBAA></TD></TR></TABLE><TABLE WIDTH=100% CELLSPACING=2 BORDER=0 CELLPADDING=5><TR><TD ALIGN=left BGCOLOR=#FFF8EE><FONT COLOR=#333333 SIZE=3>●楽天銀行　振込<BR>●商品代引<BR>●クレジットカード決済<BR>●コンビニ決済（前払い）<BR>●楽天Edy決済<BR>●auかんたん決済<BR></FONT></TD></TR></TABLE></TD></TR></TABLE><BR><IMG SRC=http://image.rakuten.co.jp/auc-automax/cabinet/03561925/img63193783.gif WIDTH=600><BR><BR></CENTER><center><BR><BR><img src=http://image.rakuten.co.jp/auc-automax/cabinet/03619501/cuttingsheet-cate/imgrc0068742328.gif width=195 alt=A4> <img src=http://image.rakuten.co.jp/auc-automax/cabinet/03619501/cuttingsheet-cate/imgrc0068742325.gif width=195 alt=65x50> <img src=http://image.rakuten.co.jp/auc-automax/cabinet/03619501/cuttingsheet-cate/imgrc0068742326.gif width=195 alt=135x100><BR><br>

<img src=http://image.rakuten.co.jp/auc-automax/cabinet/03619501/cuttingsheet-cate/imgrc0068742261.jpg width=195 alt=黒> 
<img src=http://image.rakuten.co.jp/auc-automax/cabinet/03619501/cuttingsheet-cate/imgrc0068742260.jpg width=195 alt=肌> 
<img src=http://image.rakuten.co.jp/auc-automax/cabinet/03619501/cuttingsheet-cate/imgrc0068742262.jpg width=195 alt=青><BR>
<img src=http://image.rakuten.co.jp/auc-automax/cabinet/03619501/cuttingsheet-cate/imgrc0068742263.jpg width=195 alt=茶> 
<img src=http://image.rakuten.co.jp/auc-automax/cabinet/03619501/cuttingsheet-cate/imgrc0068742264.jpg width=195 alt=灰> 
<img src=http://image.rakuten.co.jp/auc-automax/cabinet/03619501/cuttingsheet-cate/imgrc0068742265.jpg width=195 alt=緑><BR>
<img src=http://image.rakuten.co.jp/auc-automax/cabinet/03619501/cuttingsheet-cate/imgrc0068742266.jpg width=195 alt=紺> 
<img src=http://image.rakuten.co.jp/auc-automax/cabinet/03619501/cuttingsheet-cate/imgrc0068742267.jpg width=195 alt=柿> 
<img src=http://image.rakuten.co.jp/auc-automax/cabinet/03619501/cuttingsheet-cate/imgrc0068742268.jpg width=195 alt=桃><BR>
<img src=http://image.rakuten.co.jp/auc-automax/cabinet/03619501/cuttingsheet-cate/imgrc0068742269.jpg width=195> 
<img src=http://image.rakuten.co.jp/auc-automax/cabinet/03619501/cuttingsheet-cate/imgrc0068742270.jpg width=195> 
<img src=http://image.rakuten.co.jp/auc-automax/cabinet/03619501/cuttingsheet-cate/imgrc0068742271.jpg width=195><BR>
<img src=http://image.rakuten.co.jp/auc-automax/cabinet/03619501/cuttingsheet-cate/imgrc0068742276.jpg width=195> 
<img src=http://image.rakuten.co.jp/auc-automax/cabinet/03619501/cuttingsheet-cate/imgrc0068742277.jpg width=195> </center><center>
<br>
<img SRC=http://image.rakuten.co.jp/auc-automax/cabinet/imgrc0067382276.gif width=670 height=400><BR>
<br>
<img SRC=http://image.rakuten.co.jp/auc-automax/cabinet/img60333004.gif width=670 height=120><BR>
<br>

<br></center>",スエード(大) 灰♪スエード生地シート　糊付き アルカンターラ調 グレー135cm&times;1mサイズスエードシートバックスキンルック曲面対応 カッティング可能シート状内装 インテリア ウォールクロス 革 レザー ステッカー シール：AUTOMAX izumi,カッティングシートモニタースタンドアルカンターラ調スエード生地シート汎用パーツ自動車アクセサリーメッキモール送料無料ステッカーカー用品バイク用品ドレスアップラグジュアリー内装外装カット済みカーフィルム大阪通販激安格安施工スエード(大) 灰♪スエード生地シート　糊付き アルカンターラ調 グレー135cm&times;1mサイズスエードシートバックスキンルック曲面対応 カッティング可能シート状内装 インテリア ウォールクロス 革 レザー ステッカー シール,この商品は送料 全国一律600円 です(北海道/沖縄除く)同梱可能。。スエード(大) 灰♪スエード生地シート　糊付き アルカンターラ調 グレー135cm&times;1mサイズスエードシートバックスキンルック曲面対応 カッティング可能シート状内装 インテリア ウォールクロス 革 レザー ステッカー シール
1-27947,http://tshop.r10s.jp/auc-automax/cabinet/02420218/02420238/img58126741.jpg?fitin=700:700,2298.4000,,日用品雑貨・文房具・手芸 > 手芸・クラフト・生地 > 生地・布,スエード(大) 青♪スエード生地シート　糊付き アルカンターラ調 ブルー135cm×1mスエードシートバックスキンルック曲面対応 カッティング可能シート状内装 インテリア ウォールクロス 革 レザー ステッカー シール,この商品は送料 全国一律600円 です(北海道/沖縄除く)同梱可能。,"<TR> <TD HEIGHT=6></TD> <TD HEIGHT=6></TD> <TD HEIGHT=6></TD> </TR><BR><CENTER><FONT COLOR=#CCBBAA SIZE=4><B></B></FONT><BR><BR><TABLE WIDTH=600 CELLSPACING=1 BORDER=0 CELLPADDING=1 BGCOLOR=#CCCCCC><TR><TD BGCOLOR=#FF7F50><TABLE WIDTH=100% CELLSPACING=2 BORDER=0 CELLPADDING=5><TR><TD ALIGN=left BGCOLOR=#FF7F50><FONT COLOR=#333333 SIZE=3><B>★★商品説明★★</B></FONT></TD></TR></TABLE><TABLE WIDTH=100% CELLSPACING=2 BORDER=0 CELLPADDING=0><TR><TD HEIGHT=2 BGCOLOR=#CCBBAA></TD></TR></TABLE><TABLE WIDTH=100% CELLSPACING=2 BORDER=0 CELLPADDING=5><TR><TD ALIGN=left BGCOLOR=#FFF8EE><FONT COLOR=#333333 SIZE=3>高級感のある肌触りの良いスエード調シートです。<BR>
キメ細かなリアルな起毛の質感！<BR>
<BR>
曲面への施工も可能。<BR>
愛車の内張り・ダッシュボード・コンソール<BR>
肘掛け・メーターパネル等に使用すれば<BR>
格段と高級感がアップします。<BR>
<BR>
その他、<BR>
インテリアとして様々な場所にご使用頂けます。<BR>
大きい場所、好きな場所へ施工可能。<BR>
シートの裏に糊が付いておりますので、<BR>
お取り付けも簡単に出来ます。<BR>
<BR>
只今、人気急上昇中のお勧めの逸品です。<BR>
<br>【カラー】<br>
商品名（商品タイトル）記載のカラーです。<br>
※全14種類ございます。<br>
ブラック/レッド/ホワイト/ブルー/グレー<br>パープル/ピンク/オレンジ/ベージュ/ワインレッド<br>マスタードイエロー/ネイビーブルー/ブラウン/グリーン<br><br>
<br>
【サイズ】 <br>
商品名（商品タイトル）記載のサイズです。<br>
※全３種類ございます（幅の変更は出来ません）<br>
・Ａ４サイズ　→　幅30cm×20cm  <br>
・小　　　　　→　幅65cm×50cm<br>
・大　　　　　→　幅135cm×100cm<br>
※大サイズに関しまして<br>
100cm以上をご希望の方は希望の長さ(ｍ)分ご購入下さい。<BR>
一度に10m以上ご購入に関しましては送料・代引き手数料<BR>当社が負担させて頂きます。<BR>30mまでであれば1ｍ毎に延長可能。<br>
延長をご希望の場合は、希望の長さ（m）分ご購入下さい。<br>
長さ5ｍ以上をご希望の方は在庫の有無をお電話にて<br>
ご確認下さいますようお願い申し上げます。<br><br><br>
<br>
※色/伸び/質感に関する質問が多々御座いますがモニター環境に<br>
よって色味が異なったり、感じ方に個人差がございますので<br>
不安な方はサンプルセットをご購入の上、実物をご確認頂いてから<br>商品をご購入下さいますようお願い申し上げます。<BR><br>【サンプルセット購入はコチラ】<BR><BR>
購入後の上記理由での返品はお受けできません。<br>
<br>
【注意事項】<br>
※貼り付け・車検に関するご質問はお答え致しかねます。<br>
※取り付け前に必ず商品確認を行ってください。<br>
切断・加工後の返品交換は一切お受け致しかねます。<br>
※1枚ずつ業務用切り売りでスタッフが丁寧にカットしておりますが<br>
一部に断面が歪んだり欠けしまう場合が御座います。<br>
※念の為、切り損じを1cm程度(A4サイズは5mm程度)踏まえてお考え下さい。
</FONT></TD></TR></TABLE></TD></TR></TABLE><BR><BR><BR><TABLE WIDTH=600 CELLSPACING=1 BORDER=0 CELLPADDING=1 BGCOLOR=#CCCCCC><TR><TD BGCOLOR=#FF7F50><TABLE WIDTH=100% CELLSPACING=2 BORDER=0 CELLPADDING=5><TR><TD ALIGN=left BGCOLOR=#FF7F50><FONT COLOR=#333333 SIZE=3><B>★★発送方法/送料★★</B></FONT></TD></TR></TABLE><TABLE WIDTH=100% CELLSPACING=2 BORDER=0 CELLPADDING=0><TR><TD HEIGHT=2 BGCOLOR=#CCBBAA></TD></TR></TABLE><TABLE WIDTH=100% CELLSPACING=2 BORDER=0 CELLPADDING=5><TR><TD ALIGN=left BGCOLOR=#FFF8EE><FONT COLOR=#333333 SIZE=3>商品名に【送料無料】の記載がある場合は、送料無料です。<BR>※北海道・沖縄・離島除く<BR><BR><FONT SIZE=5>【全国送料表】</FONT>をご確認下さいませ。<BR><BR>複数の商品を同梱可能です。<BR>※同梱をご希望の場合、必ず同じお買い物カゴ（カート）でご注文下さい。<BR>※別々のお買い物カゴで注文された場合は別々に梱包し発送致します。<BR>その為、送料・代引き手数料は発送個数分請求させて頂きます。<BR><BR>★発送に関する注意事項★<BR>---------------------------------------- <BR>当方指定宅急便ですので配送業者は選択できません。 <BR>時間指定は対応いたしておりません。<BR>発送連絡に記載の問い合わせ番号でご自身でご確認頂けます。<BR>離島は発送が一日遅れます。 <BR>----------------------------------------<BR>★商品代引★　　<BR>宅急便送料+別途手数料３７０円 <BR>休業日　商品ページ左バナーカレンダーに記載</FONT></TD></TR></TABLE></TD></TR></TABLE><BR><TABLE WIDTH=600 CELLSPACING=1 BORDER=0 CELLPADDING=1 BGCOLOR=#CCCCCC><TR><TD BGCOLOR=#FF7F50><TABLE WIDTH=100% CELLSPACING=2 BORDER=0 CELLPADDING=5><TR><TD ALIGN=left BGCOLOR=#FF7F50><FONT COLOR=#333333 SIZE=3><B>★★支払方法★</B></FONT></TD></TR></TABLE><TABLE WIDTH=100% CELLSPACING=2 BORDER=0 CELLPADDING=0><TR><TD HEIGHT=2 BGCOLOR=#CCBBAA></TD></TR></TABLE><TABLE WIDTH=100% CELLSPACING=2 BORDER=0 CELLPADDING=5><TR><TD ALIGN=left BGCOLOR=#FFF8EE><FONT COLOR=#333333 SIZE=3>●楽天銀行　振込<BR>●商品代引<BR>●クレジットカード決済<BR>●コンビニ決済（前払い）<BR>●楽天Edy決済<BR>●auかんたん決済<BR></FONT></TD></TR></TABLE></TD></TR></TABLE><BR><IMG SRC=http://image.rakuten.co.jp/auc-automax/cabinet/03561925/img63193783.gif WIDTH=600><BR><BR></CENTER><center><BR><BR><img src=http://image.rakuten.co.jp/auc-automax/cabinet/03619501/cuttingsheet-cate/imgrc0068742328.gif width=195 alt=A4> <img src=http://image.rakuten.co.jp/auc-automax/cabinet/03619501/cuttingsheet-cate/imgrc0068742325.gif width=195 alt=65x50> <img src=http://image.rakuten.co.jp/auc-automax/cabinet/03619501/cuttingsheet-cate/imgrc0068742326.gif width=195 alt=135x100><BR><br>

<img src=http://image.rakuten.co.jp/auc-automax/cabinet/03619501/cuttingsheet-cate/imgrc0068742261.jpg width=195 alt=黒> 
<img src=http://image.rakuten.co.jp/auc-automax/cabinet/03619501/cuttingsheet-cate/imgrc0068742260.jpg width=195 alt=肌> 
<img src=http://image.rakuten.co.jp/auc-automax/cabinet/03619501/cuttingsheet-cate/imgrc0068742262.jpg width=195 alt=青><BR>
<img src=http://image.rakuten.co.jp/auc-automax/cabinet/03619501/cuttingsheet-cate/imgrc0068742263.jpg width=195 alt=茶> 
<img src=http://image.rakuten.co.jp/auc-automax/cabinet/03619501/cuttingsheet-cate/imgrc0068742264.jpg width=195 alt=灰> 
<img src=http://image.rakuten.co.jp/auc-automax/cabinet/03619501/cuttingsheet-cate/imgrc0068742265.jpg width=195 alt=緑><BR>
<img src=http://image.rakuten.co.jp/auc-automax/cabinet/03619501/cuttingsheet-cate/imgrc0068742266.jpg width=195 alt=紺> 
<img src=http://image.rakuten.co.jp/auc-automax/cabinet/03619501/cuttingsheet-cate/imgrc0068742267.jpg width=195 alt=柿> 
<img src=http://image.rakuten.co.jp/auc-automax/cabinet/03619501/cuttingsheet-cate/imgrc0068742268.jpg width=195 alt=桃><BR>
<img src=http://image.rakuten.co.jp/auc-automax/cabinet/03619501/cuttingsheet-cate/imgrc0068742269.jpg width=195> 
<img src=http://image.rakuten.co.jp/auc-automax/cabinet/03619501/cuttingsheet-cate/imgrc0068742270.jpg width=195> 
<img src=http://image.rakuten.co.jp/auc-automax/cabinet/03619501/cuttingsheet-cate/imgrc0068742271.jpg width=195><BR>
<img src=http://image.rakuten.co.jp/auc-automax/cabinet/03619501/cuttingsheet-cate/imgrc0068742276.jpg width=195> 
<img src=http://image.rakuten.co.jp/auc-automax/cabinet/03619501/cuttingsheet-cate/imgrc0068742277.jpg width=195> </center><center>
<br>
<img SRC=http://image.rakuten.co.jp/auc-automax/cabinet/imgrc0067382276.gif width=670 height=400><BR>
<br>
<img SRC=http://image.rakuten.co.jp/auc-automax/cabinet/img60333004.gif width=670 height=120><BR>
<br>

<br></center>",スエード(大) 青♪スエード生地シート　糊付き アルカンターラ調 ブルー135cm&times;1mスエードシートバックスキンルック曲面対応 カッティング可能シート状内装 インテリア ウォールクロス 革 レザー ステッカー シール：AUTOMAX izumi,カッティングシートモニタースタンドアルカンターラ調スエード生地シート汎用パーツ自動車アクセサリーメッキモール送料無料ステッカーカー用品バイク用品ドレスアップラグジュアリー内装外装カット済みカーフィルム大阪通販激安格安施工スエード(大) 青♪スエード生地シート　糊付き アルカンターラ調 ブルー135cm&times;1mスエードシートバックスキンルック曲面対応 カッティング可能シート状内装 インテリア ウォールクロス 革 レザー ステッカー シール,この商品は送料 全国一律600円 です(北海道/沖縄除く)同梱可能。。スエード(大) 青♪スエード生地シート　糊付き アルカンターラ調 ブルー135cm&times;1mスエードシートバックスキンルック曲面対応 カッティング可能シート状内装 インテリア ウォールクロス 革 レザー ステッカー シール
1-27948,http://tshop.r10s.jp/auc-automax/cabinet/02420218/02420238/img65440448.jpg?fitin=700:700,2298.4000,,日用品雑貨・文房具・手芸 > 手芸・クラフト・生地 > 生地・布,スエード(大) 緑♪スエード生地シート　糊付き アルカンターラ調 グリーン135cm×1mスエードシートバックスキンルック曲面対応 カッティング可能シート状内装 インテリア ウォールクロス 革 レザー ステッカー,この商品は送料 全国一律600円 です(北海道/沖縄除く)同梱可能。,"<TR> <TD HEIGHT=6></TD> <TD HEIGHT=6></TD> <TD HEIGHT=6></TD> </TR><BR><CENTER><FONT COLOR=#CCBBAA SIZE=4><B></B></FONT><BR><BR><TABLE WIDTH=600 CELLSPACING=1 BORDER=0 CELLPADDING=1 BGCOLOR=#CCCCCC><TR><TD BGCOLOR=#FF7F50><TABLE WIDTH=100% CELLSPACING=2 BORDER=0 CELLPADDING=5><TR><TD ALIGN=left BGCOLOR=#FF7F50><FONT COLOR=#333333 SIZE=3><B>★★商品説明★★</B></FONT></TD></TR></TABLE><TABLE WIDTH=100% CELLSPACING=2 BORDER=0 CELLPADDING=0><TR><TD HEIGHT=2 BGCOLOR=#CCBBAA></TD></TR></TABLE><TABLE WIDTH=100% CELLSPACING=2 BORDER=0 CELLPADDING=5><TR><TD ALIGN=left BGCOLOR=#FFF8EE><FONT COLOR=#333333 SIZE=3>高級感のある肌触りの良いスエード調シートです。<BR>
キメ細かなリアルな起毛の質感！<BR>
<BR>
曲面への施工も可能。<BR>
愛車の内張り・ダッシュボード・コンソール<BR>
肘掛け・メーターパネル等に使用すれば<BR>
格段と高級感がアップします。<BR>
<BR>
その他、<BR>
インテリアとして様々な場所にご使用頂けます。<BR>
大きい場所、好きな場所へ施工可能。<BR>
シートの裏に糊が付いておりますので、<BR>
お取り付けも簡単に出来ます。<BR>
<BR>
只今、人気急上昇中のお勧めの逸品です。<BR>
<br>【カラー】<br>
商品名（商品タイトル）記載のカラーです。<br>
※全14種類ございます。<br>
ブラック/レッド/ホワイト/ブルー/グレー<br>パープル/ピンク/オレンジ/ベージュ/ワインレッド<br>マスタードイエロー/ネイビーブルー/ブラウン/グリーン<br><br>
<br>
【サイズ】 <br>
商品名（商品タイトル）記載のサイズです。<br>
※全３種類ございます（幅の変更は出来ません）<br>
・Ａ４サイズ　→　幅30cm×20cm  <br>
・小　　　　　→　幅65cm×50cm<br>
・大　　　　　→　幅135cm×100cm<br>
※大サイズに関しまして<br>
100cm以上をご希望の方は希望の長さ(ｍ)分ご購入下さい。<BR>
一度に10m以上ご購入に関しましては送料・代引き手数料<BR>当社が負担させて頂きます。<BR>30mまでであれば1ｍ毎に延長可能。<br>
延長をご希望の場合は、希望の長さ（m）分ご購入下さい。<br>
長さ5ｍ以上をご希望の方は在庫の有無をお電話にて<br>
ご確認下さいますようお願い申し上げます。<br><br><br>
<br>
※色/伸び/質感に関する質問が多々御座いますがモニター環境に<br>
よって色味が異なったり、感じ方に個人差がございますので<br>
不安な方はサンプルセットをご購入の上、実物をご確認頂いてから<br>商品をご購入下さいますようお願い申し上げます。<BR><br>【サンプルセット購入はコチラ】<BR><BR>
購入後の上記理由での返品はお受けできません。<br>
<br>
【注意事項】<br>
※貼り付け・車検に関するご質問はお答え致しかねます。<br>
※取り付け前に必ず商品確認を行ってください。<br>
切断・加工後の返品交換は一切お受け致しかねます。<br>
※1枚ずつ業務用切り売りでスタッフが丁寧にカットしておりますが<br>
一部に断面が歪んだり欠けしまう場合が御座います。<br>
※念の為、切り損じを1cm程度(A4サイズは5mm程度)踏まえてお考え下さい。
</FONT></TD></TR></TABLE></TD></TR></TABLE><BR><BR><BR><TABLE WIDTH=600 CELLSPACING=1 BORDER=0 CELLPADDING=1 BGCOLOR=#CCCCCC><TR><TD BGCOLOR=#FF7F50><TABLE WIDTH=100% CELLSPACING=2 BORDER=0 CELLPADDING=5><TR><TD ALIGN=left BGCOLOR=#FF7F50><FONT COLOR=#333333 SIZE=3><B>★★発送方法/送料★★</B></FONT></TD></TR></TABLE><TABLE WIDTH=100% CELLSPACING=2 BORDER=0 CELLPADDING=0><TR><TD HEIGHT=2 BGCOLOR=#CCBBAA></TD></TR></TABLE><TABLE WIDTH=100% CELLSPACING=2 BORDER=0 CELLPADDING=5><TR><TD ALIGN=left BGCOLOR=#FFF8EE><FONT COLOR=#333333 SIZE=3>商品名に【送料無料】の記載がある場合は、送料無料です。<BR>※北海道・沖縄・離島除く<BR><BR><FONT SIZE=5>【全国送料表】</FONT>をご確認下さいませ。<BR><BR>複数の商品を同梱可能です。<BR>※同梱をご希望の場合、必ず同じお買い物カゴ（カート）でご注文下さい。<BR>※別々のお買い物カゴで注文された場合は別々に梱包し発送致します。<BR>その為、送料・代引き手数料は発送個数分請求させて頂きます。<BR><BR>★発送に関する注意事項★<BR>---------------------------------------- <BR>当方指定宅急便ですので配送業者は選択できません。 <BR>時間指定は対応いたしておりません。<BR>発送連絡に記載の問い合わせ番号でご自身でご確認頂けます。<BR>離島は発送が一日遅れます。 <BR>----------------------------------------<BR>★商品代引★　　<BR>宅急便送料+別途手数料３７０円 <BR>休業日　商品ページ左バナーカレンダーに記載</FONT></TD></TR></TABLE></TD></TR></TABLE><BR><TABLE WIDTH=600 CELLSPACING=1 BORDER=0 CELLPADDING=1 BGCOLOR=#CCCCCC><TR><TD BGCOLOR=#FF7F50><TABLE WIDTH=100% CELLSPACING=2 BORDER=0 CELLPADDING=5><TR><TD ALIGN=left BGCOLOR=#FF7F50><FONT COLOR=#333333 SIZE=3><B>★★支払方法★</B></FONT></TD></TR></TABLE><TABLE WIDTH=100% CELLSPACING=2 BORDER=0 CELLPADDING=0><TR><TD HEIGHT=2 BGCOLOR=#CCBBAA></TD></TR></TABLE><TABLE WIDTH=100% CELLSPACING=2 BORDER=0 CELLPADDING=5><TR><TD ALIGN=left BGCOLOR=#FFF8EE><FONT COLOR=#333333 SIZE=3>●楽天銀行　振込<BR>●商品代引<BR>●クレジットカード決済<BR>●コンビニ決済（前払い）<BR>●楽天Edy決済<BR>●auかんたん決済<BR></FONT></TD></TR></TABLE></TD></TR></TABLE><BR><IMG SRC=http://image.rakuten.co.jp/auc-automax/cabinet/03561925/img63193783.gif WIDTH=600><BR><BR></CENTER><center><BR><BR><img src=http://image.rakuten.co.jp/auc-automax/cabinet/03619501/cuttingsheet-cate/imgrc0068742328.gif width=195 alt=A4> <img src=http://image.rakuten.co.jp/auc-automax/cabinet/03619501/cuttingsheet-cate/imgrc0068742325.gif width=195 alt=65x50> <img src=http://image.rakuten.co.jp/auc-automax/cabinet/03619501/cuttingsheet-cate/imgrc0068742326.gif width=195 alt=135x100><BR><br>

<img src=http://image.rakuten.co.jp/auc-automax/cabinet/03619501/cuttingsheet-cate/imgrc0068742261.jpg width=195 alt=黒> 
<img src=http://image.rakuten.co.jp/auc-automax/cabinet/03619501/cuttingsheet-cate/imgrc0068742260.jpg width=195 alt=肌> 
<img src=http://image.rakuten.co.jp/auc-automax/cabinet/03619501/cuttingsheet-cate/imgrc0068742262.jpg width=195 alt=青><BR>
<img src=http://image.rakuten.co.jp/auc-automax/cabinet/03619501/cuttingsheet-cate/imgrc0068742263.jpg width=195 alt=茶> 
<img src=http://image.rakuten.co.jp/auc-automax/cabinet/03619501/cuttingsheet-cate/imgrc0068742264.jpg width=195 alt=灰> 
<img src=http://image.rakuten.co.jp/auc-automax/cabinet/03619501/cuttingsheet-cate/imgrc0068742265.jpg width=195 alt=緑><BR>
<img src=http://image.rakuten.co.jp/auc-automax/cabinet/03619501/cuttingsheet-cate/imgrc0068742266.jpg width=195 alt=紺> 
<img src=http://image.rakuten.co.jp/auc-automax/cabinet/03619501/cuttingsheet-cate/imgrc0068742267.jpg width=195 alt=柿> 
<img src=http://image.rakuten.co.jp/auc-automax/cabinet/03619501/cuttingsheet-cate/imgrc0068742268.jpg width=195 alt=桃><BR>
<img src=http://image.rakuten.co.jp/auc-automax/cabinet/03619501/cuttingsheet-cate/imgrc0068742269.jpg width=195> 
<img src=http://image.rakuten.co.jp/auc-automax/cabinet/03619501/cuttingsheet-cate/imgrc0068742270.jpg width=195> 
<img src=http://image.rakuten.co.jp/auc-automax/cabinet/03619501/cuttingsheet-cate/imgrc0068742271.jpg width=195><BR>
<img src=http://image.rakuten.co.jp/auc-automax/cabinet/03619501/cuttingsheet-cate/imgrc0068742276.jpg width=195> 
<img src=http://image.rakuten.co.jp/auc-automax/cabinet/03619501/cuttingsheet-cate/imgrc0068742277.jpg width=195> </center><center>
<br>
<img SRC=http://image.rakuten.co.jp/auc-automax/cabinet/imgrc0067382276.gif width=670 height=400><BR>
<br>
<img SRC=http://image.rakuten.co.jp/auc-automax/cabinet/img60333004.gif width=670 height=120><BR>
<br>

<br></center>",スエード(大) 緑♪スエード生地シート　糊付き アルカンターラ調 グリーン135cm&times;1mスエードシートバックスキンルック曲面対応 カッティング可能シート状内装 インテリア ウォールクロス 革 レザー ステッカー：AUTOMAX izumi,カッティングシートモニタースタンドアルカンターラ調スエード生地シート汎用パーツ自動車アクセサリーメッキモール送料無料ステッカーカー用品バイク用品ドレスアップラグジュアリー内装外装カット済みカーフィルム大阪通販激安格安施工スエード(大) 緑♪スエード生地シート　糊付き アルカンターラ調 グリーン135cm&times;1mスエードシートバックスキンルック曲面対応 カッティング可能シート状内装 インテリア ウォールクロス 革 レザー ステッカー,この商品は送料 全国一律600円 です(北海道/沖縄除く)同梱可能。。スエード(大) 緑♪スエード生地シート　糊付き アルカンターラ調 グリーン135cm&times;1mスエードシートバックスキンルック曲面対応 カッティング可能シート状内装 インテリア ウォールクロス 革 レザー ステッカー
1-27949,http://tshop.r10s.jp/auc-automax/cabinet/02420218/02420238/img58126735.jpg?fitin=700:700,2298.4000,,日用品雑貨・文房具・手芸 > 手芸・クラフト・生地 > 生地・布,スエード(大) 白♪スエード生地シート　糊付き アルカンターラ調 ホワイト135cm×1mスエードシートバックスキンルック曲面対応 カッティング可能シート状内装 インテリア ウォールクロス 革 レザー ステッカー シール,この商品は送料 全国一律600円 です(北海道/沖縄除く)同梱可能。,"<TR> <TD HEIGHT=6></TD> <TD HEIGHT=6></TD> <TD HEIGHT=6></TD> </TR><BR><CENTER><FONT COLOR=#CCBBAA SIZE=4><B></B></FONT><BR><BR><TABLE WIDTH=600 CELLSPACING=1 BORDER=0 CELLPADDING=1 BGCOLOR=#CCCCCC><TR><TD BGCOLOR=#FF7F50><TABLE WIDTH=100% CELLSPACING=2 BORDER=0 CELLPADDING=5><TR><TD ALIGN=left BGCOLOR=#FF7F50><FONT COLOR=#333333 SIZE=3><B>★★商品説明★★</B></FONT></TD></TR></TABLE><TABLE WIDTH=100% CELLSPACING=2 BORDER=0 CELLPADDING=0><TR><TD HEIGHT=2 BGCOLOR=#CCBBAA></TD></TR></TABLE><TABLE WIDTH=100% CELLSPACING=2 BORDER=0 CELLPADDING=5><TR><TD ALIGN=left BGCOLOR=#FFF8EE><FONT COLOR=#333333 SIZE=3>高級感のある肌触りの良いスエード調シートです。<BR>
キメ細かなリアルな起毛の質感！<BR>
<BR>
曲面への施工も可能。<BR>
愛車の内張り・ダッシュボード・コンソール<BR>
肘掛け・メーターパネル等に使用すれば<BR>
格段と高級感がアップします。<BR>
<BR>
その他、<BR>
インテリアとして様々な場所にご使用頂けます。<BR>
大きい場所、好きな場所へ施工可能。<BR>
シートの裏に糊が付いておりますので、<BR>
お取り付けも簡単に出来ます。<BR>
<BR>
只今、人気急上昇中のお勧めの逸品です。<BR>
<br>【カラー】<br>
商品名（商品タイトル）記載のカラーです。<br>
※全14種類ございます。<br>
ブラック/レッド/ホワイト/ブルー/グレー<br>パープル/ピンク/オレンジ/ベージュ/ワインレッド<br>マスタードイエロー/ネイビーブルー/ブラウン/グリーン<br><br>
<br>
【サイズ】 <br>
商品名（商品タイトル）記載のサイズです。<br>
※全３種類ございます（幅の変更は出来ません）<br>
・Ａ４サイズ　→　幅30cm×20cm  <br>
・小　　　　　→　幅65cm×50cm<br>
・大　　　　　→　幅135cm×100cm<br>
※大サイズに関しまして<br>
100cm以上をご希望の方は希望の長さ(ｍ)分ご購入下さい。<BR>
一度に10m以上ご購入に関しましては送料・代引き手数料<BR>当社が負担させて頂きます。<BR>30mまでであれば1ｍ毎に延長可能。<br>
延長をご希望の場合は、希望の長さ（m）分ご購入下さい。<br>
長さ5ｍ以上をご希望の方は在庫の有無をお電話にて<br>
ご確認下さいますようお願い申し上げます。<br><br><br>
<br>
※色/伸び/質感に関する質問が多々御座いますがモニター環境に<br>
よって色味が異なったり、感じ方に個人差がございますので<br>
不安な方はサンプルセットをご購入の上、実物をご確認頂いてから<br>商品をご購入下さいますようお願い申し上げます。<BR><br>【サンプルセット購入はコチラ】<BR><BR>
購入後の上記理由での返品はお受けできません。<br>
<br>
【注意事項】<br>
※貼り付け・車検に関するご質問はお答え致しかねます。<br>
※取り付け前に必ず商品確認を行ってください。<br>
切断・加工後の返品交換は一切お受け致しかねます。<br>
※1枚ずつ業務用切り売りでスタッフが丁寧にカットしておりますが<br>
一部に断面が歪んだり欠けしまう場合が御座います。<br>
※念の為、切り損じを1cm程度(A4サイズは5mm程度)踏まえてお考え下さい。
</FONT></TD></TR></TABLE></TD></TR></TABLE><BR><BR><BR><TABLE WIDTH=600 CELLSPACING=1 BORDER=0 CELLPADDING=1 BGCOLOR=#CCCCCC><TR><TD BGCOLOR=#FF7F50><TABLE WIDTH=100% CELLSPACING=2 BORDER=0 CELLPADDING=5><TR><TD ALIGN=left BGCOLOR=#FF7F50><FONT COLOR=#333333 SIZE=3><B>★★発送方法/送料★★</B></FONT></TD></TR></TABLE><TABLE WIDTH=100% CELLSPACING=2 BORDER=0 CELLPADDING=0><TR><TD HEIGHT=2 BGCOLOR=#CCBBAA></TD></TR></TABLE><TABLE WIDTH=100% CELLSPACING=2 BORDER=0 CELLPADDING=5><TR><TD ALIGN=left BGCOLOR=#FFF8EE><FONT COLOR=#333333 SIZE=3>商品名に【送料無料】の記載がある場合は、送料無料です。<BR>※北海道・沖縄・離島除く<BR><BR><FONT SIZE=5>【全国送料表】</FONT>をご確認下さいませ。<BR><BR>複数の商品を同梱可能です。<BR>※同梱をご希望の場合、必ず同じお買い物カゴ（カート）でご注文下さい。<BR>※別々のお買い物カゴで注文された場合は別々に梱包し発送致します。<BR>その為、送料・代引き手数料は発送個数分請求させて頂きます。<BR><BR>★発送に関する注意事項★<BR>---------------------------------------- <BR>当方指定宅急便ですので配送業者は選択できません。 <BR>時間指定は対応いたしておりません。<BR>発送連絡に記載の問い合わせ番号でご自身でご確認頂けます。<BR>離島は発送が一日遅れます。 <BR>----------------------------------------<BR>★商品代引★　　<BR>宅急便送料+別途手数料３７０円 <BR>休業日　商品ページ左バナーカレンダーに記載</FONT></TD></TR></TABLE></TD></TR></TABLE><BR><TABLE WIDTH=600 CELLSPACING=1 BORDER=0 CELLPADDING=1 BGCOLOR=#CCCCCC><TR><TD BGCOLOR=#FF7F50><TABLE WIDTH=100% CELLSPACING=2 BORDER=0 CELLPADDING=5><TR><TD ALIGN=left BGCOLOR=#FF7F50><FONT COLOR=#333333 SIZE=3><B>★★支払方法★</B></FONT></TD></TR></TABLE><TABLE WIDTH=100% CELLSPACING=2 BORDER=0 CELLPADDING=0><TR><TD HEIGHT=2 BGCOLOR=#CCBBAA></TD></TR></TABLE><TABLE WIDTH=100% CELLSPACING=2 BORDER=0 CELLPADDING=5><TR><TD ALIGN=left BGCOLOR=#FFF8EE><FONT COLOR=#333333 SIZE=3>●楽天銀行　振込<BR>●商品代引<BR>●クレジットカード決済<BR>●コンビニ決済（前払い）<BR>●楽天Edy決済<BR>●auかんたん決済<BR></FONT></TD></TR></TABLE></TD></TR></TABLE><BR><IMG SRC=http://image.rakuten.co.jp/auc-automax/cabinet/03561925/img63193783.gif WIDTH=600><BR><BR></CENTER><center><BR><BR><img src=http://image.rakuten.co.jp/auc-automax/cabinet/03619501/cuttingsheet-cate/imgrc0068742328.gif width=195 alt=A4> <img src=http://image.rakuten.co.jp/auc-automax/cabinet/03619501/cuttingsheet-cate/imgrc0068742325.gif width=195 alt=65x50> <img src=http://image.rakuten.co.jp/auc-automax/cabinet/03619501/cuttingsheet-cate/imgrc0068742326.gif width=195 alt=135x100><BR><br>

<img src=http://image.rakuten.co.jp/auc-automax/cabinet/03619501/cuttingsheet-cate/imgrc0068742261.jpg width=195 alt=黒> 
<img src=http://image.rakuten.co.jp/auc-automax/cabinet/03619501/cuttingsheet-cate/imgrc0068742260.jpg width=195 alt=肌> 
<img src=http://image.rakuten.co.jp/auc-automax/cabinet/03619501/cuttingsheet-cate/imgrc0068742262.jpg width=195 alt=青><BR>
<img src=http://image.rakuten.co.jp/auc-automax/cabinet/03619501/cuttingsheet-cate/imgrc0068742263.jpg width=195 alt=茶> 
<img src=http://image.rakuten.co.jp/auc-automax/cabinet/03619501/cuttingsheet-cate/imgrc0068742264.jpg width=195 alt=灰> 
<img src=http://image.rakuten.co.jp/auc-automax/cabinet/03619501/cuttingsheet-cate/imgrc0068742265.jpg width=195 alt=緑><BR>
<img src=http://image.rakuten.co.jp/auc-automax/cabinet/03619501/cuttingsheet-cate/imgrc0068742266.jpg width=195 alt=紺> 
<img src=http://image.rakuten.co.jp/auc-automax/cabinet/03619501/cuttingsheet-cate/imgrc0068742267.jpg width=195 alt=柿> 
<img src=http://image.rakuten.co.jp/auc-automax/cabinet/03619501/cuttingsheet-cate/imgrc0068742268.jpg width=195 alt=桃><BR>
<img src=http://image.rakuten.co.jp/auc-automax/cabinet/03619501/cuttingsheet-cate/imgrc0068742269.jpg width=195> 
<img src=http://image.rakuten.co.jp/auc-automax/cabinet/03619501/cuttingsheet-cate/imgrc0068742270.jpg width=195> 
<img src=http://image.rakuten.co.jp/auc-automax/cabinet/03619501/cuttingsheet-cate/imgrc0068742271.jpg width=195><BR>
<img src=http://image.rakuten.co.jp/auc-automax/cabinet/03619501/cuttingsheet-cate/imgrc0068742276.jpg width=195> 
<img src=http://image.rakuten.co.jp/auc-automax/cabinet/03619501/cuttingsheet-cate/imgrc0068742277.jpg width=195> </center><center>
<br>
<img SRC=http://image.rakuten.co.jp/auc-automax/cabinet/imgrc0067382276.gif width=670 height=400><BR>
<br>
<img SRC=http://image.rakuten.co.jp/auc-automax/cabinet/img60333004.gif width=670 height=120><BR>
<br>

<br></center>",スエード(大) 白♪スエード生地シート　糊付き アルカンターラ調 ホワイト135cm&times;1mスエードシートバックスキンルック曲面対応 カッティング可能シート状内装 インテリア ウォールクロス 革 レザー ステッカー シール：AUTOMAX izumi,カッティングシートモニタースタンドアルカンターラ調スエード生地シート汎用パーツ自動車アクセサリーメッキモール送料無料ステッカーカー用品バイク用品ドレスアップラグジュアリー内装外装カット済みカーフィルム大阪通販激安格安施工スエード(大) 白♪スエード生地シート　糊付き アルカンターラ調 ホワイト135cm&times;1mスエードシートバックスキンルック曲面対応 カッティング可能シート状内装 インテリア ウォールクロス 革 レザー ステッカー シール,この商品は送料 全国一律600円 です(北海道/沖縄除く)同梱可能。。スエード(大) 白♪スエード生地シート　糊付き アルカンターラ調 ホワイト135cm&times;1mスエードシートバックスキンルック曲面対応 カッティング可能シート状内装 インテリア ウォールクロス 革 レザー ステッカー シール
1-27950,http://tshop.r10s.jp/auc-automax/cabinet/02420218/02420238/img65440445.jpg?fitin=700:700,2298.4000,,日用品雑貨・文房具・手芸 > 手芸・クラフト・生地 > 生地・布,スエード(大) 茶♪スエード生地シート　糊付き アルカンターラ調 ブラウン135cm×1mスエードシートバックスキンルック曲面対応 カッティング可能シート状内装 インテリア ウォールクロス 革 レザー ステッカー,この商品は送料 全国一律600円 です(北海道/沖縄除く)同梱可能。,"<TR> <TD HEIGHT=6></TD> <TD HEIGHT=6></TD> <TD HEIGHT=6></TD> </TR><BR><CENTER><FONT COLOR=#CCBBAA SIZE=4><B></B></FONT><BR><BR><TABLE WIDTH=600 CELLSPACING=1 BORDER=0 CELLPADDING=1 BGCOLOR=#CCCCCC><TR><TD BGCOLOR=#FF7F50><TABLE WIDTH=100% CELLSPACING=2 BORDER=0 CELLPADDING=5><TR><TD ALIGN=left BGCOLOR=#FF7F50><FONT COLOR=#333333 SIZE=3><B>★★商品説明★★</B></FONT></TD></TR></TABLE><TABLE WIDTH=100% CELLSPACING=2 BORDER=0 CELLPADDING=0><TR><TD HEIGHT=2 BGCOLOR=#CCBBAA></TD></TR></TABLE><TABLE WIDTH=100% CELLSPACING=2 BORDER=0 CELLPADDING=5><TR><TD ALIGN=left BGCOLOR=#FFF8EE><FONT COLOR=#333333 SIZE=3>高級感のある肌触りの良いスエード調シートです。<BR>
キメ細かなリアルな起毛の質感！<BR>
<BR>
曲面への施工も可能。<BR>
愛車の内張り・ダッシュボード・コンソール<BR>
肘掛け・メーターパネル等に使用すれば<BR>
格段と高級感がアップします。<BR>
<BR>
その他、<BR>
インテリアとして様々な場所にご使用頂けます。<BR>
大きい場所、好きな場所へ施工可能。<BR>
シートの裏に糊が付いておりますので、<BR>
お取り付けも簡単に出来ます。<BR>
<BR>
只今、人気急上昇中のお勧めの逸品です。<BR>
<br>【カラー】<br>
商品名（商品タイトル）記載のカラーです。<br>
※全14種類ございます。<br>
ブラック/レッド/ホワイト/ブルー/グレー<br>パープル/ピンク/オレンジ/ベージュ/ワインレッド<br>マスタードイエロー/ネイビーブルー/ブラウン/グリーン<br><br>
<br>
【サイズ】 <br>
商品名（商品タイトル）記載のサイズです。<br>
※全３種類ございます（幅の変更は出来ません）<br>
・Ａ４サイズ　→　幅30cm×20cm  <br>
・小　　　　　→　幅65cm×50cm<br>
・大　　　　　→　幅135cm×100cm<br>
※大サイズに関しまして<br>
100cm以上をご希望の方は希望の長さ(ｍ)分ご購入下さい。<BR>
一度に10m以上ご購入に関しましては送料・代引き手数料<BR>当社が負担させて頂きます。<BR>30mまでであれば1ｍ毎に延長可能。<br>
延長をご希望の場合は、希望の長さ（m）分ご購入下さい。<br>
長さ5ｍ以上をご希望の方は在庫の有無をお電話にて<br>
ご確認下さいますようお願い申し上げます。<br><br><br>
<br>
※色/伸び/質感に関する質問が多々御座いますがモニター環境に<br>
よって色味が異なったり、感じ方に個人差がございますので<br>
不安な方はサンプルセットをご購入の上、実物をご確認頂いてから<br>商品をご購入下さいますようお願い申し上げます。<BR><br>【サンプルセット購入はコチラ】<BR><BR>
購入後の上記理由での返品はお受けできません。<br>
<br>
【注意事項】<br>
※貼り付け・車検に関するご質問はお答え致しかねます。<br>
※取り付け前に必ず商品確認を行ってください。<br>
切断・加工後の返品交換は一切お受け致しかねます。<br>
※1枚ずつ業務用切り売りでスタッフが丁寧にカットしておりますが<br>
一部に断面が歪んだり欠けしまう場合が御座います。<br>
※念の為、切り損じを1cm程度(A4サイズは5mm程度)踏まえてお考え下さい。
</FONT></TD></TR></TABLE></TD></TR></TABLE><BR><BR><BR><TABLE WIDTH=600 CELLSPACING=1 BORDER=0 CELLPADDING=1 BGCOLOR=#CCCCCC><TR><TD BGCOLOR=#FF7F50><TABLE WIDTH=100% CELLSPACING=2 BORDER=0 CELLPADDING=5><TR><TD ALIGN=left BGCOLOR=#FF7F50><FONT COLOR=#333333 SIZE=3><B>★★発送方法/送料★★</B></FONT></TD></TR></TABLE><TABLE WIDTH=100% CELLSPACING=2 BORDER=0 CELLPADDING=0><TR><TD HEIGHT=2 BGCOLOR=#CCBBAA></TD></TR></TABLE><TABLE WIDTH=100% CELLSPACING=2 BORDER=0 CELLPADDING=5><TR><TD ALIGN=left BGCOLOR=#FFF8EE><FONT COLOR=#333333 SIZE=3>商品名に【送料無料】の記載がある場合は、送料無料です。<BR>※北海道・沖縄・離島除く<BR><BR><FONT SIZE=5>【全国送料表】</FONT>をご確認下さいませ。<BR><BR>複数の商品を同梱可能です。<BR>※同梱をご希望の場合、必ず同じお買い物カゴ（カート）でご注文下さい。<BR>※別々のお買い物カゴで注文された場合は別々に梱包し発送致します。<BR>その為、送料・代引き手数料は発送個数分請求させて頂きます。<BR><BR>★発送に関する注意事項★<BR>---------------------------------------- <BR>当方指定宅急便ですので配送業者は選択できません。 <BR>時間指定は対応いたしておりません。<BR>発送連絡に記載の問い合わせ番号でご自身でご確認頂けます。<BR>離島は発送が一日遅れます。 <BR>----------------------------------------<BR>★商品代引★　　<BR>宅急便送料+別途手数料３７０円 <BR>休業日　商品ページ左バナーカレンダーに記載</FONT></TD></TR></TABLE></TD></TR></TABLE><BR><TABLE WIDTH=600 CELLSPACING=1 BORDER=0 CELLPADDING=1 BGCOLOR=#CCCCCC><TR><TD BGCOLOR=#FF7F50><TABLE WIDTH=100% CELLSPACING=2 BORDER=0 CELLPADDING=5><TR><TD ALIGN=left BGCOLOR=#FF7F50><FONT COLOR=#333333 SIZE=3><B>★★支払方法★</B></FONT></TD></TR></TABLE><TABLE WIDTH=100% CELLSPACING=2 BORDER=0 CELLPADDING=0><TR><TD HEIGHT=2 BGCOLOR=#CCBBAA></TD></TR></TABLE><TABLE WIDTH=100% CELLSPACING=2 BORDER=0 CELLPADDING=5><TR><TD ALIGN=left BGCOLOR=#FFF8EE><FONT COLOR=#333333 SIZE=3>●楽天銀行　振込<BR>●商品代引<BR>●クレジットカード決済<BR>●コンビニ決済（前払い）<BR>●楽天Edy決済<BR>●auかんたん決済<BR></FONT></TD></TR></TABLE></TD></TR></TABLE><BR><IMG SRC=http://image.rakuten.co.jp/auc-automax/cabinet/03561925/img63193783.gif WIDTH=600><BR><BR></CENTER><center><BR><BR><img src=http://image.rakuten.co.jp/auc-automax/cabinet/03619501/cuttingsheet-cate/imgrc0068742328.gif width=195 alt=A4> <img src=http://image.rakuten.co.jp/auc-automax/cabinet/03619501/cuttingsheet-cate/imgrc0068742325.gif width=195 alt=65x50> <img src=http://image.rakuten.co.jp/auc-automax/cabinet/03619501/cuttingsheet-cate/imgrc0068742326.gif width=195 alt=135x100><BR><br>

<img src=http://image.rakuten.co.jp/auc-automax/cabinet/03619501/cuttingsheet-cate/imgrc0068742261.jpg width=195 alt=黒> 
<img src=http://image.rakuten.co.jp/auc-automax/cabinet/03619501/cuttingsheet-cate/imgrc0068742260.jpg width=195 alt=肌> 
<img src=http://image.rakuten.co.jp/auc-automax/cabinet/03619501/cuttingsheet-cate/imgrc0068742262.jpg width=195 alt=青><BR>
<img src=http://image.rakuten.co.jp/auc-automax/cabinet/03619501/cuttingsheet-cate/imgrc0068742263.jpg width=195 alt=茶> 
<img src=http://image.rakuten.co.jp/auc-automax/cabinet/03619501/cuttingsheet-cate/imgrc0068742264.jpg width=195 alt=灰> 
<img src=http://image.rakuten.co.jp/auc-automax/cabinet/03619501/cuttingsheet-cate/imgrc0068742265.jpg width=195 alt=緑><BR>
<img src=http://image.rakuten.co.jp/auc-automax/cabinet/03619501/cuttingsheet-cate/imgrc0068742266.jpg width=195 alt=紺> 
<img src=http://image.rakuten.co.jp/auc-automax/cabinet/03619501/cuttingsheet-cate/imgrc0068742267.jpg width=195 alt=柿> 
<img src=http://image.rakuten.co.jp/auc-automax/cabinet/03619501/cuttingsheet-cate/imgrc0068742268.jpg width=195 alt=桃><BR>
<img src=http://image.rakuten.co.jp/auc-automax/cabinet/03619501/cuttingsheet-cate/imgrc0068742269.jpg width=195> 
<img src=http://image.rakuten.co.jp/auc-automax/cabinet/03619501/cuttingsheet-cate/imgrc0068742270.jpg width=195> 
<img src=http://image.rakuten.co.jp/auc-automax/cabinet/03619501/cuttingsheet-cate/imgrc0068742271.jpg width=195><BR>
<img src=http://image.rakuten.co.jp/auc-automax/cabinet/03619501/cuttingsheet-cate/imgrc0068742276.jpg width=195> 
<img src=http://image.rakuten.co.jp/auc-automax/cabinet/03619501/cuttingsheet-cate/imgrc0068742277.jpg width=195> </center><center>
<br>
<img SRC=http://image.rakuten.co.jp/auc-automax/cabinet/imgrc0067382276.gif width=670 height=400><BR>
<br>
<img SRC=http://image.rakuten.co.jp/auc-automax/cabinet/img60333004.gif width=670 height=120><BR>
<br>

<br></center>",スエード(大) 茶♪スエード生地シート　糊付き アルカンターラ調 ブラウン135cm&times;1mスエードシートバックスキンルック曲面対応 カッティング可能シート状内装 インテリア ウォールクロス 革 レザー ステッカー：AUTOMAX izumi,カッティングシートモニタースタンドアルカンターラ調スエード生地シート汎用パーツ自動車アクセサリーメッキモール送料無料ステッカーカー用品バイク用品ドレスアップラグジュアリー内装外装カット済みカーフィルム大阪通販激安格安施工スエード(大) 茶♪スエード生地シート　糊付き アルカンターラ調 ブラウン135cm&times;1mスエードシートバックスキンルック曲面対応 カッティング可能シート状内装 インテリア ウォールクロス 革 レザー ステッカー,この商品は送料 全国一律600円 です(北海道/沖縄除く)同梱可能。。スエード(大) 茶♪スエード生地シート　糊付き アルカンターラ調 ブラウン135cm&times;1mスエードシートバックスキンルック曲面対応 カッティング可能シート状内装 インテリア ウォールクロス 革 レザー ステッカー
1-27951,http://tshop.r10s.jp/auc-automax/cabinet/02420218/02420238/img65440448.jpg?fitin=700:700,2298.4000,,日用品雑貨・文房具・手芸 > 手芸・クラフト・生地 > 生地・布,スエード(大) 緑♪スエード生地シート　糊付き アルカンターラ調 グリーン135cm×1mスエードシートバックスキンルック曲面対応 カッティング可能シート状内装 インテリア ウォールクロス 革 レザー ステッカー,この商品は送料 全国一律600円 です(北海道/沖縄除く)同梱可能。,"<TR> <TD HEIGHT=6></TD> <TD HEIGHT=6></TD> <TD HEIGHT=6></TD> </TR><BR><CENTER><FONT COLOR=#CCBBAA SIZE=4><B></B></FONT><BR><BR><TABLE WIDTH=600 CELLSPACING=1 BORDER=0 CELLPADDING=1 BGCOLOR=#CCCCCC><TR><TD BGCOLOR=#FF7F50><TABLE WIDTH=100% CELLSPACING=2 BORDER=0 CELLPADDING=5><TR><TD ALIGN=left BGCOLOR=#FF7F50><FONT COLOR=#333333 SIZE=3><B>★★商品説明★★</B></FONT></TD></TR></TABLE><TABLE WIDTH=100% CELLSPACING=2 BORDER=0 CELLPADDING=0><TR><TD HEIGHT=2 BGCOLOR=#CCBBAA></TD></TR></TABLE><TABLE WIDTH=100% CELLSPACING=2 BORDER=0 CELLPADDING=5><TR><TD ALIGN=left BGCOLOR=#FFF8EE><FONT COLOR=#333333 SIZE=3>高級感のある肌触りの良いスエード調シートです。<BR>
キメ細かなリアルな起毛の質感！<BR>
<BR>
曲面への施工も可能。<BR>
愛車の内張り・ダッシュボード・コンソール<BR>
肘掛け・メーターパネル等に使用すれば<BR>
格段と高級感がアップします。<BR>
<BR>
その他、<BR>
インテリアとして様々な場所にご使用頂けます。<BR>
大きい場所、好きな場所へ施工可能。<BR>
シートの裏に糊が付いておりますので、<BR>
お取り付けも簡単に出来ます。<BR>
<BR>
只今、人気急上昇中のお勧めの逸品です。<BR>
<br>【カラー】<br>
商品名（商品タイトル）記載のカラーです。<br>
※全14種類ございます。<br>
ブラック/レッド/ホワイト/ブルー/グレー<br>パープル/ピンク/オレンジ/ベージュ/ワインレッド<br>マスタードイエロー/ネイビーブルー/ブラウン/グリーン<br><br>
<br>
【サイズ】 <br>
商品名（商品タイトル）記載のサイズです。<br>
※全３種類ございます（幅の変更は出来ません）<br>
・Ａ４サイズ　→　幅30cm×20cm  <br>
・小　　　　　→　幅65cm×50cm<br>
・大　　　　　→　幅135cm×100cm<br>
※大サイズに関しまして<br>
100cm以上をご希望の方は希望の長さ(ｍ)分ご購入下さい。<BR>
一度に10m以上ご購入に関しましては送料・代引き手数料<BR>当社が負担させて頂きます。<BR>30mまでであれば1ｍ毎に延長可能。<br>
延長をご希望の場合は、希望の長さ（m）分ご購入下さい。<br>
長さ5ｍ以上をご希望の方は在庫の有無をお電話にて<br>
ご確認下さいますようお願い申し上げます。<br><br><br>
<br>
※色/伸び/質感に関する質問が多々御座いますがモニター環境に<br>
よって色味が異なったり、感じ方に個人差がございますので<br>
不安な方はサンプルセットをご購入の上、実物をご確認頂いてから<br>商品をご購入下さいますようお願い申し上げます。<BR><br>【サンプルセット購入はコチラ】<BR><BR>
購入後の上記理由での返品はお受けできません。<br>
<br>
【注意事項】<br>
※貼り付け・車検に関するご質問はお答え致しかねます。<br>
※取り付け前に必ず商品確認を行ってください。<br>
切断・加工後の返品交換は一切お受け致しかねます。<br>
※1枚ずつ業務用切り売りでスタッフが丁寧にカットしておりますが<br>
一部に断面が歪んだり欠けしまう場合が御座います。<br>
※念の為、切り損じを1cm程度(A4サイズは5mm程度)踏まえてお考え下さい。
</FONT></TD></TR></TABLE></TD></TR></TABLE><BR><BR><BR><TABLE WIDTH=600 CELLSPACING=1 BORDER=0 CELLPADDING=1 BGCOLOR=#CCCCCC><TR><TD BGCOLOR=#FF7F50><TABLE WIDTH=100% CELLSPACING=2 BORDER=0 CELLPADDING=5><TR><TD ALIGN=left BGCOLOR=#FF7F50><FONT COLOR=#333333 SIZE=3><B>★★発送方法/送料★★</B></FONT></TD></TR></TABLE><TABLE WIDTH=100% CELLSPACING=2 BORDER=0 CELLPADDING=0><TR><TD HEIGHT=2 BGCOLOR=#CCBBAA></TD></TR></TABLE><TABLE WIDTH=100% CELLSPACING=2 BORDER=0 CELLPADDING=5><TR><TD ALIGN=left BGCOLOR=#FFF8EE><FONT COLOR=#333333 SIZE=3>商品名に【送料無料】の記載がある場合は、送料無料です。<BR>※北海道・沖縄・離島除く<BR><BR><FONT SIZE=5>【全国送料表】</FONT>をご確認下さいませ。<BR><BR>複数の商品を同梱可能です。<BR>※同梱をご希望の場合、必ず同じお買い物カゴ（カート）でご注文下さい。<BR>※別々のお買い物カゴで注文された場合は別々に梱包し発送致します。<BR>その為、送料・代引き手数料は発送個数分請求させて頂きます。<BR><BR>★発送に関する注意事項★<BR>---------------------------------------- <BR>当方指定宅急便ですので配送業者は選択できません。 <BR>時間指定は対応いたしておりません。<BR>発送連絡に記載の問い合わせ番号でご自身でご確認頂けます。<BR>離島は発送が一日遅れます。 <BR>----------------------------------------<BR>★商品代引★　　<BR>宅急便送料+別途手数料３７０円 <BR>休業日　商品ページ左バナーカレンダーに記載</FONT></TD></TR></TABLE></TD></TR></TABLE><BR><TABLE WIDTH=600 CELLSPACING=1 BORDER=0 CELLPADDING=1 BGCOLOR=#CCCCCC><TR><TD BGCOLOR=#FF7F50><TABLE WIDTH=100% CELLSPACING=2 BORDER=0 CELLPADDING=5><TR><TD ALIGN=left BGCOLOR=#FF7F50><FONT COLOR=#333333 SIZE=3><B>★★支払方法★</B></FONT></TD></TR></TABLE><TABLE WIDTH=100% CELLSPACING=2 BORDER=0 CELLPADDING=0><TR><TD HEIGHT=2 BGCOLOR=#CCBBAA></TD></TR></TABLE><TABLE WIDTH=100% CELLSPACING=2 BORDER=0 CELLPADDING=5><TR><TD ALIGN=left BGCOLOR=#FFF8EE><FONT COLOR=#333333 SIZE=3>●楽天銀行　振込<BR>●商品代引<BR>●クレジットカード決済<BR>●コンビニ決済（前払い）<BR>●楽天Edy決済<BR>●auかんたん決済<BR></FONT></TD></TR></TABLE></TD></TR></TABLE><BR><IMG SRC=http://image.rakuten.co.jp/auc-automax/cabinet/03561925/img63193783.gif WIDTH=600><BR><BR></CENTER><center><BR><BR><img src=http://image.rakuten.co.jp/auc-automax/cabinet/03619501/cuttingsheet-cate/imgrc0068742328.gif width=195 alt=A4> <img src=http://image.rakuten.co.jp/auc-automax/cabinet/03619501/cuttingsheet-cate/imgrc0068742325.gif width=195 alt=65x50> <img src=http://image.rakuten.co.jp/auc-automax/cabinet/03619501/cuttingsheet-cate/imgrc0068742326.gif width=195 alt=135x100><BR><br>

<img src=http://image.rakuten.co.jp/auc-automax/cabinet/03619501/cuttingsheet-cate/imgrc0068742261.jpg width=195 alt=黒> 
<img src=http://image.rakuten.co.jp/auc-automax/cabinet/03619501/cuttingsheet-cate/imgrc0068742260.jpg width=195 alt=肌> 
<img src=http://image.rakuten.co.jp/auc-automax/cabinet/03619501/cuttingsheet-cate/imgrc0068742262.jpg width=195 alt=青><BR>
<img src=http://image.rakuten.co.jp/auc-automax/cabinet/03619501/cuttingsheet-cate/imgrc0068742263.jpg width=195 alt=茶> 
<img src=http://image.rakuten.co.jp/auc-automax/cabinet/03619501/cuttingsheet-cate/imgrc0068742264.jpg width=195 alt=灰> 
<img src=http://image.rakuten.co.jp/auc-automax/cabinet/03619501/cuttingsheet-cate/imgrc0068742265.jpg width=195 alt=緑><BR>
<img src=http://image.rakuten.co.jp/auc-automax/cabinet/03619501/cuttingsheet-cate/imgrc0068742266.jpg width=195 alt=紺> 
<img src=http://image.rakuten.co.jp/auc-automax/cabinet/03619501/cuttingsheet-cate/imgrc0068742267.jpg width=195 alt=柿> 
<img src=http://image.rakuten.co.jp/auc-automax/cabinet/03619501/cuttingsheet-cate/imgrc0068742268.jpg width=195 alt=桃><BR>
<img src=http://image.rakuten.co.jp/auc-automax/cabinet/03619501/cuttingsheet-cate/imgrc0068742269.jpg width=195> 
<img src=http://image.rakuten.co.jp/auc-automax/cabinet/03619501/cuttingsheet-cate/imgrc0068742270.jpg width=195> 
<img src=http://image.rakuten.co.jp/auc-automax/cabinet/03619501/cuttingsheet-cate/imgrc0068742271.jpg width=195><BR>
<img src=http://image.rakuten.co.jp/auc-automax/cabinet/03619501/cuttingsheet-cate/imgrc0068742276.jpg width=195> 
<img src=http://image.rakuten.co.jp/auc-automax/cabinet/03619501/cuttingsheet-cate/imgrc0068742277.jpg width=195> </center><center>
<br>
<img SRC=http://image.rakuten.co.jp/auc-automax/cabinet/imgrc0067382276.gif width=670 height=400><BR>
<br>
<img SRC=http://image.rakuten.co.jp/auc-automax/cabinet/img60333004.gif width=670 height=120><BR>
<br>

<br></center>",スエード(大) 緑♪スエード生地シート　糊付き アルカンターラ調 グリーン135cm&times;1mスエードシートバックスキンルック曲面対応 カッティング可能シート状内装 インテリア ウォールクロス 革 レザー ステッカー：AUTOMAX izumi,カッティングシートモニタースタンドアルカンターラ調スエード生地シート汎用パーツ自動車アクセサリーメッキモール送料無料ステッカーカー用品バイク用品ドレスアップラグジュアリー内装外装カット済みカーフィルム大阪通販激安格安施工スエード(大) 緑♪スエード生地シート　糊付き アルカンターラ調 グリーン135cm&times;1mスエードシートバックスキンルック曲面対応 カッティング可能シート状内装 インテリア ウォールクロス 革 レザー ステッカー,この商品は送料 全国一律600円 です(北海道/沖縄除く)同梱可能。。スエード(大) 緑♪スエード生地シート　糊付き アルカンターラ調 グリーン135cm&times;1mスエードシートバックスキンルック曲面対応 カッティング可能シート状内装 インテリア ウォールクロス 革 レザー ステッカー
1-27952,http://tshop.r10s.jp/auc-automax/cabinet/02420218/02420238/img58126735.jpg?fitin=700:700,2298.4000,,日用品雑貨・文房具・手芸 > 手芸・クラフト・生地 > 生地・布,スエード(大) 白♪スエード生地シート　糊付き アルカンターラ調 ホワイト135cm×1mスエードシートバックスキンルック曲面対応 カッティング可能シート状内装 インテリア ウォールクロス 革 レザー ステッカー シール,この商品は送料 全国一律600円 です(北海道/沖縄除く)同梱可能。,"<TR> <TD HEIGHT=6></TD> <TD HEIGHT=6></TD> <TD HEIGHT=6></TD> </TR><BR><CENTER><FONT COLOR=#CCBBAA SIZE=4><B></B></FONT><BR><BR><TABLE WIDTH=600 CELLSPACING=1 BORDER=0 CELLPADDING=1 BGCOLOR=#CCCCCC><TR><TD BGCOLOR=#FF7F50><TABLE WIDTH=100% CELLSPACING=2 BORDER=0 CELLPADDING=5><TR><TD ALIGN=left BGCOLOR=#FF7F50><FONT COLOR=#333333 SIZE=3><B>★★商品説明★★</B></FONT></TD></TR></TABLE><TABLE WIDTH=100% CELLSPACING=2 BORDER=0 CELLPADDING=0><TR><TD HEIGHT=2 BGCOLOR=#CCBBAA></TD></TR></TABLE><TABLE WIDTH=100% CELLSPACING=2 BORDER=0 CELLPADDING=5><TR><TD ALIGN=left BGCOLOR=#FFF8EE><FONT COLOR=#333333 SIZE=3>高級感のある肌触りの良いスエード調シートです。<BR>
キメ細かなリアルな起毛の質感！<BR>
<BR>
曲面への施工も可能。<BR>
愛車の内張り・ダッシュボード・コンソール<BR>
肘掛け・メーターパネル等に使用すれば<BR>
格段と高級感がアップします。<BR>
<BR>
その他、<BR>
インテリアとして様々な場所にご使用頂けます。<BR>
大きい場所、好きな場所へ施工可能。<BR>
シートの裏に糊が付いておりますので、<BR>
お取り付けも簡単に出来ます。<BR>
<BR>
只今、人気急上昇中のお勧めの逸品です。<BR>
<br>【カラー】<br>
商品名（商品タイトル）記載のカラーです。<br>
※全14種類ございます。<br>
ブラック/レッド/ホワイト/ブルー/グレー<br>パープル/ピンク/オレンジ/ベージュ/ワインレッド<br>マスタードイエロー/ネイビーブルー/ブラウン/グリーン<br><br>
<br>
【サイズ】 <br>
商品名（商品タイトル）記載のサイズです。<br>
※全３種類ございます（幅の変更は出来ません）<br>
・Ａ４サイズ　→　幅30cm×20cm  <br>
・小　　　　　→　幅65cm×50cm<br>
・大　　　　　→　幅135cm×100cm<br>
※大サイズに関しまして<br>
100cm以上をご希望の方は希望の長さ(ｍ)分ご購入下さい。<BR>
一度に10m以上ご購入に関しましては送料・代引き手数料<BR>当社が負担させて頂きます。<BR>30mまでであれば1ｍ毎に延長可能。<br>
延長をご希望の場合は、希望の長さ（m）分ご購入下さい。<br>
長さ5ｍ以上をご希望の方は在庫の有無をお電話にて<br>
ご確認下さいますようお願い申し上げます。<br><br><br>
<br>
※色/伸び/質感に関する質問が多々御座いますがモニター環境に<br>
よって色味が異なったり、感じ方に個人差がございますので<br>
不安な方はサンプルセットをご購入の上、実物をご確認頂いてから<br>商品をご購入下さいますようお願い申し上げます。<BR><br>【サンプルセット購入はコチラ】<BR><BR>
購入後の上記理由での返品はお受けできません。<br>
<br>
【注意事項】<br>
※貼り付け・車検に関するご質問はお答え致しかねます。<br>
※取り付け前に必ず商品確認を行ってください。<br>
切断・加工後の返品交換は一切お受け致しかねます。<br>
※1枚ずつ業務用切り売りでスタッフが丁寧にカットしておりますが<br>
一部に断面が歪んだり欠けしまう場合が御座います。<br>
※念の為、切り損じを1cm程度(A4サイズは5mm程度)踏まえてお考え下さい。
</FONT></TD></TR></TABLE></TD></TR></TABLE><BR><BR><BR><TABLE WIDTH=600 CELLSPACING=1 BORDER=0 CELLPADDING=1 BGCOLOR=#CCCCCC><TR><TD BGCOLOR=#FF7F50><TABLE WIDTH=100% CELLSPACING=2 BORDER=0 CELLPADDING=5><TR><TD ALIGN=left BGCOLOR=#FF7F50><FONT COLOR=#333333 SIZE=3><B>★★発送方法/送料★★</B></FONT></TD></TR></TABLE><TABLE WIDTH=100% CELLSPACING=2 BORDER=0 CELLPADDING=0><TR><TD HEIGHT=2 BGCOLOR=#CCBBAA></TD></TR></TABLE><TABLE WIDTH=100% CELLSPACING=2 BORDER=0 CELLPADDING=5><TR><TD ALIGN=left BGCOLOR=#FFF8EE><FONT COLOR=#333333 SIZE=3>商品名に【送料無料】の記載がある場合は、送料無料です。<BR>※北海道・沖縄・離島除く<BR><BR><FONT SIZE=5>【全国送料表】</FONT>をご確認下さいませ。<BR><BR>複数の商品を同梱可能です。<BR>※同梱をご希望の場合、必ず同じお買い物カゴ（カート）でご注文下さい。<BR>※別々のお買い物カゴで注文された場合は別々に梱包し発送致します。<BR>その為、送料・代引き手数料は発送個数分請求させて頂きます。<BR><BR>★発送に関する注意事項★<BR>---------------------------------------- <BR>当方指定宅急便ですので配送業者は選択できません。 <BR>時間指定は対応いたしておりません。<BR>発送連絡に記載の問い合わせ番号でご自身でご確認頂けます。<BR>離島は発送が一日遅れます。 <BR>----------------------------------------<BR>★商品代引★　　<BR>宅急便送料+別途手数料３７０円 <BR>休業日　商品ページ左バナーカレンダーに記載</FONT></TD></TR></TABLE></TD></TR></TABLE><BR><TABLE WIDTH=600 CELLSPACING=1 BORDER=0 CELLPADDING=1 BGCOLOR=#CCCCCC><TR><TD BGCOLOR=#FF7F50><TABLE WIDTH=100% CELLSPACING=2 BORDER=0 CELLPADDING=5><TR><TD ALIGN=left BGCOLOR=#FF7F50><FONT COLOR=#333333 SIZE=3><B>★★支払方法★</B></FONT></TD></TR></TABLE><TABLE WIDTH=100% CELLSPACING=2 BORDER=0 CELLPADDING=0><TR><TD HEIGHT=2 BGCOLOR=#CCBBAA></TD></TR></TABLE><TABLE WIDTH=100% CELLSPACING=2 BORDER=0 CELLPADDING=5><TR><TD ALIGN=left BGCOLOR=#FFF8EE><FONT COLOR=#333333 SIZE=3>●楽天銀行　振込<BR>●商品代引<BR>●クレジットカード決済<BR>●コンビニ決済（前払い）<BR>●楽天Edy決済<BR>●auかんたん決済<BR></FONT></TD></TR></TABLE></TD></TR></TABLE><BR><IMG SRC=http://image.rakuten.co.jp/auc-automax/cabinet/03561925/img63193783.gif WIDTH=600><BR><BR></CENTER><center><BR><BR><img src=http://image.rakuten.co.jp/auc-automax/cabinet/03619501/cuttingsheet-cate/imgrc0068742328.gif width=195 alt=A4> <img src=http://image.rakuten.co.jp/auc-automax/cabinet/03619501/cuttingsheet-cate/imgrc0068742325.gif width=195 alt=65x50> <img src=http://image.rakuten.co.jp/auc-automax/cabinet/03619501/cuttingsheet-cate/imgrc0068742326.gif width=195 alt=135x100><BR><br>

<img src=http://image.rakuten.co.jp/auc-automax/cabinet/03619501/cuttingsheet-cate/imgrc0068742261.jpg width=195 alt=黒> 
<img src=http://image.rakuten.co.jp/auc-automax/cabinet/03619501/cuttingsheet-cate/imgrc0068742260.jpg width=195 alt=肌> 
<img src=http://image.rakuten.co.jp/auc-automax/cabinet/03619501/cuttingsheet-cate/imgrc0068742262.jpg width=195 alt=青><BR>
<img src=http://image.rakuten.co.jp/auc-automax/cabinet/03619501/cuttingsheet-cate/imgrc0068742263.jpg width=195 alt=茶> 
<img src=http://image.rakuten.co.jp/auc-automax/cabinet/03619501/cuttingsheet-cate/imgrc0068742264.jpg width=195 alt=灰> 
<img src=http://image.rakuten.co.jp/auc-automax/cabinet/03619501/cuttingsheet-cate/imgrc0068742265.jpg width=195 alt=緑><BR>
<img src=http://image.rakuten.co.jp/auc-automax/cabinet/03619501/cuttingsheet-cate/imgrc0068742266.jpg width=195 alt=紺> 
<img src=http://image.rakuten.co.jp/auc-automax/cabinet/03619501/cuttingsheet-cate/imgrc0068742267.jpg width=195 alt=柿> 
<img src=http://image.rakuten.co.jp/auc-automax/cabinet/03619501/cuttingsheet-cate/imgrc0068742268.jpg width=195 alt=桃><BR>
<img src=http://image.rakuten.co.jp/auc-automax/cabinet/03619501/cuttingsheet-cate/imgrc0068742269.jpg width=195> 
<img src=http://image.rakuten.co.jp/auc-automax/cabinet/03619501/cuttingsheet-cate/imgrc0068742270.jpg width=195> 
<img src=http://image.rakuten.co.jp/auc-automax/cabinet/03619501/cuttingsheet-cate/imgrc0068742271.jpg width=195><BR>
<img src=http://image.rakuten.co.jp/auc-automax/cabinet/03619501/cuttingsheet-cate/imgrc0068742276.jpg width=195> 
<img src=http://image.rakuten.co.jp/auc-automax/cabinet/03619501/cuttingsheet-cate/imgrc0068742277.jpg width=195> </center><center>
<br>
<img SRC=http://image.rakuten.co.jp/auc-automax/cabinet/imgrc0067382276.gif width=670 height=400><BR>
<br>
<img SRC=http://image.rakuten.co.jp/auc-automax/cabinet/img60333004.gif width=670 height=120><BR>
<br>

<br></center>",スエード(大) 白♪スエード生地シート　糊付き アルカンターラ調 ホワイト135cm&times;1mスエードシートバックスキンルック曲面対応 カッティング可能シート状内装 インテリア ウォールクロス 革 レザー ステッカー シール：AUTOMAX izumi,カッティングシートモニタースタンドアルカンターラ調スエード生地シート汎用パーツ自動車アクセサリーメッキモール送料無料ステッカーカー用品バイク用品ドレスアップラグジュアリー内装外装カット済みカーフィルム大阪通販激安格安施工スエード(大) 白♪スエード生地シート　糊付き アルカンターラ調 ホワイト135cm&times;1mスエードシートバックスキンルック曲面対応 カッティング可能シート状内装 インテリア ウォールクロス 革 レザー ステッカー シール,この商品は送料 全国一律600円 です(北海道/沖縄除く)同梱可能。。スエード(大) 白♪スエード生地シート　糊付き アルカンターラ調 ホワイト135cm&times;1mスエードシートバックスキンルック曲面対応 カッティング可能シート状内装 インテリア ウォールクロス 革 レザー ステッカー シール
1-27953,http://tshop.r10s.jp/auc-automax/cabinet/02420218/02420238/img58126738.jpg?fitin=700:700,2298.4000,,日用品雑貨・文房具・手芸 > 手芸・クラフト・生地 > 生地・布,スエード(大) パープル♪スエード生地シート　糊付き アルカンターラ調 紫135cm×1mスエードシートバックスキンルック曲面対応 カッティング可能シート状内装 インテリア ウォールクロス 革 レザー ステッカー シール,この商品は送料 全国一律600円 です(北海道/沖縄除く)同梱可能。,"<TR> <TD HEIGHT=6></TD> <TD HEIGHT=6></TD> <TD HEIGHT=6></TD> </TR><BR><CENTER><FONT COLOR=#CCBBAA SIZE=4><B></B></FONT><BR><BR><TABLE WIDTH=600 CELLSPACING=1 BORDER=0 CELLPADDING=1 BGCOLOR=#CCCCCC><TR><TD BGCOLOR=#FF7F50><TABLE WIDTH=100% CELLSPACING=2 BORDER=0 CELLPADDING=5><TR><TD ALIGN=left BGCOLOR=#FF7F50><FONT COLOR=#333333 SIZE=3><B>★★商品説明★★</B></FONT></TD></TR></TABLE><TABLE WIDTH=100% CELLSPACING=2 BORDER=0 CELLPADDING=0><TR><TD HEIGHT=2 BGCOLOR=#CCBBAA></TD></TR></TABLE><TABLE WIDTH=100% CELLSPACING=2 BORDER=0 CELLPADDING=5><TR><TD ALIGN=left BGCOLOR=#FFF8EE><FONT COLOR=#333333 SIZE=3>高級感のある肌触りの良いスエード調シートです。<BR>
キメ細かなリアルな起毛の質感！<BR>
<BR>
曲面への施工も可能。<BR>
愛車の内張り・ダッシュボード・コンソール<BR>
肘掛け・メーターパネル等に使用すれば<BR>
格段と高級感がアップします。<BR>
<BR>
その他、<BR>
インテリアとして様々な場所にご使用頂けます。<BR>
大きい場所、好きな場所へ施工可能。<BR>
シートの裏に糊が付いておりますので、<BR>
お取り付けも簡単に出来ます。<BR>
<BR>
只今、人気急上昇中のお勧めの逸品です。<BR>
<br>【カラー】<br>
商品名（商品タイトル）記載のカラーです。<br>
※全14種類ございます。<br>
ブラック/レッド/ホワイト/ブルー/グレー<br>パープル/ピンク/オレンジ/ベージュ/ワインレッド<br>マスタードイエロー/ネイビーブルー/ブラウン/グリーン<br><br>
<br>
【サイズ】 <br>
商品名（商品タイトル）記載のサイズです。<br>
※全３種類ございます（幅の変更は出来ません）<br>
・Ａ４サイズ　→　幅30cm×20cm  <br>
・小　　　　　→　幅65cm×50cm<br>
・大　　　　　→　幅135cm×100cm<br>
※大サイズに関しまして<br>
100cm以上をご希望の方は希望の長さ(ｍ)分ご購入下さい。<BR>
一度に10m以上ご購入に関しましては送料・代引き手数料<BR>当社が負担させて頂きます。<BR>30mまでであれば1ｍ毎に延長可能。<br>
延長をご希望の場合は、希望の長さ（m）分ご購入下さい。<br>
長さ5ｍ以上をご希望の方は在庫の有無をお電話にて<br>
ご確認下さいますようお願い申し上げます。<br><br><br>
<br>
※色/伸び/質感に関する質問が多々御座いますがモニター環境に<br>
よって色味が異なったり、感じ方に個人差がございますので<br>
不安な方はサンプルセットをご購入の上、実物をご確認頂いてから<br>商品をご購入下さいますようお願い申し上げます。<BR><br>【サンプルセット購入はコチラ】<BR><BR>
購入後の上記理由での返品はお受けできません。<br>
<br>
【注意事項】<br>
※貼り付け・車検に関するご質問はお答え致しかねます。<br>
※取り付け前に必ず商品確認を行ってください。<br>
切断・加工後の返品交換は一切お受け致しかねます。<br>
※1枚ずつ業務用切り売りでスタッフが丁寧にカットしておりますが<br>
一部に断面が歪んだり欠けしまう場合が御座います。<br>
※念の為、切り損じを1cm程度(A4サイズは5mm程度)踏まえてお考え下さい。
</FONT></TD></TR></TABLE></TD></TR></TABLE><BR><BR><BR><TABLE WIDTH=600 CELLSPACING=1 BORDER=0 CELLPADDING=1 BGCOLOR=#CCCCCC><TR><TD BGCOLOR=#FF7F50><TABLE WIDTH=100% CELLSPACING=2 BORDER=0 CELLPADDING=5><TR><TD ALIGN=left BGCOLOR=#FF7F50><FONT COLOR=#333333 SIZE=3><B>★★発送方法/送料★★</B></FONT></TD></TR></TABLE><TABLE WIDTH=100% CELLSPACING=2 BORDER=0 CELLPADDING=0><TR><TD HEIGHT=2 BGCOLOR=#CCBBAA></TD></TR></TABLE><TABLE WIDTH=100% CELLSPACING=2 BORDER=0 CELLPADDING=5><TR><TD ALIGN=left BGCOLOR=#FFF8EE><FONT COLOR=#333333 SIZE=3>商品名に【送料無料】の記載がある場合は、送料無料です。<BR>※北海道・沖縄・離島除く<BR><BR><FONT SIZE=5>【全国送料表】</FONT>をご確認下さいませ。<BR><BR>複数の商品を同梱可能です。<BR>※同梱をご希望の場合、必ず同じお買い物カゴ（カート）でご注文下さい。<BR>※別々のお買い物カゴで注文された場合は別々に梱包し発送致します。<BR>その為、送料・代引き手数料は発送個数分請求させて頂きます。<BR><BR>★発送に関する注意事項★<BR>---------------------------------------- <BR>当方指定宅急便ですので配送業者は選択できません。 <BR>時間指定は対応いたしておりません。<BR>発送連絡に記載の問い合わせ番号でご自身でご確認頂けます。<BR>離島は発送が一日遅れます。 <BR>----------------------------------------<BR>★商品代引★　　<BR>宅急便送料+別途手数料３７０円 <BR>休業日　商品ページ左バナーカレンダーに記載</FONT></TD></TR></TABLE></TD></TR></TABLE><BR><TABLE WIDTH=600 CELLSPACING=1 BORDER=0 CELLPADDING=1 BGCOLOR=#CCCCCC><TR><TD BGCOLOR=#FF7F50><TABLE WIDTH=100% CELLSPACING=2 BORDER=0 CELLPADDING=5><TR><TD ALIGN=left BGCOLOR=#FF7F50><FONT COLOR=#333333 SIZE=3><B>★★支払方法★</B></FONT></TD></TR></TABLE><TABLE WIDTH=100% CELLSPACING=2 BORDER=0 CELLPADDING=0><TR><TD HEIGHT=2 BGCOLOR=#CCBBAA></TD></TR></TABLE><TABLE WIDTH=100% CELLSPACING=2 BORDER=0 CELLPADDING=5><TR><TD ALIGN=left BGCOLOR=#FFF8EE><FONT COLOR=#333333 SIZE=3>●楽天銀行　振込<BR>●商品代引<BR>●クレジットカード決済<BR>●コンビニ決済（前払い）<BR>●楽天Edy決済<BR>●auかんたん決済<BR></FONT></TD></TR></TABLE></TD></TR></TABLE><BR><IMG SRC=http://image.rakuten.co.jp/auc-automax/cabinet/03561925/img63193783.gif WIDTH=600><BR><BR></CENTER><center><BR><BR><img src=http://image.rakuten.co.jp/auc-automax/cabinet/03619501/cuttingsheet-cate/imgrc0068742328.gif width=195 alt=A4> <img src=http://image.rakuten.co.jp/auc-automax/cabinet/03619501/cuttingsheet-cate/imgrc0068742325.gif width=195 alt=65x50> <img src=http://image.rakuten.co.jp/auc-automax/cabinet/03619501/cuttingsheet-cate/imgrc0068742326.gif width=195 alt=135x100><BR><br>

<img src=http://image.rakuten.co.jp/auc-automax/cabinet/03619501/cuttingsheet-cate/imgrc0068742261.jpg width=195 alt=黒> 
<img src=http://image.rakuten.co.jp/auc-automax/cabinet/03619501/cuttingsheet-cate/imgrc0068742260.jpg width=195 alt=肌> 
<img src=http://image.rakuten.co.jp/auc-automax/cabinet/03619501/cuttingsheet-cate/imgrc0068742262.jpg width=195 alt=青><BR>
<img src=http://image.rakuten.co.jp/auc-automax/cabinet/03619501/cuttingsheet-cate/imgrc0068742263.jpg width=195 alt=茶> 
<img src=http://image.rakuten.co.jp/auc-automax/cabinet/03619501/cuttingsheet-cate/imgrc0068742264.jpg width=195 alt=灰> 
<img src=http://image.rakuten.co.jp/auc-automax/cabinet/03619501/cuttingsheet-cate/imgrc0068742265.jpg width=195 alt=緑><BR>
<img src=http://image.rakuten.co.jp/auc-automax/cabinet/03619501/cuttingsheet-cate/imgrc0068742266.jpg width=195 alt=紺> 
<img src=http://image.rakuten.co.jp/auc-automax/cabinet/03619501/cuttingsheet-cate/imgrc0068742267.jpg width=195 alt=柿> 
<img src=http://image.rakuten.co.jp/auc-automax/cabinet/03619501/cuttingsheet-cate/imgrc0068742268.jpg width=195 alt=桃><BR>
<img src=http://image.rakuten.co.jp/auc-automax/cabinet/03619501/cuttingsheet-cate/imgrc0068742269.jpg width=195> 
<img src=http://image.rakuten.co.jp/auc-automax/cabinet/03619501/cuttingsheet-cate/imgrc0068742270.jpg width=195> 
<img src=http://image.rakuten.co.jp/auc-automax/cabinet/03619501/cuttingsheet-cate/imgrc0068742271.jpg width=195><BR>
<img src=http://image.rakuten.co.jp/auc-automax/cabinet/03619501/cuttingsheet-cate/imgrc0068742276.jpg width=195> 
<img src=http://image.rakuten.co.jp/auc-automax/cabinet/03619501/cuttingsheet-cate/imgrc0068742277.jpg width=195> </center><center>
<br>
<img SRC=http://image.rakuten.co.jp/auc-automax/cabinet/imgrc0067382276.gif width=670 height=400><BR>
<br>
<img SRC=http://image.rakuten.co.jp/auc-automax/cabinet/img60333004.gif width=670 height=120><BR>
<br>

<br></center>",スエード(大) パープル♪スエード生地シート　糊付き アルカンターラ調 紫135cm&times;1mスエードシートバックスキンルック曲面対応 カッティング可能シート状内装 インテリア ウォールクロス 革 レザー ステッカー シール：AUTOMAX izumi,カッティングシートモニタースタンドアルカンターラ調スエード生地シート汎用パーツ自動車アクセサリーメッキモール送料無料ステッカーカー用品バイク用品ドレスアップラグジュアリー内装外装カット済みカーフィルム大阪通販激安格安施工スエード(大) パープル♪スエード生地シート　糊付き アルカンターラ調 紫135cm&times;1mスエードシートバックスキンルック曲面対応 カッティング可能シート状内装 インテリア ウォールクロス 革 レザー ステッカー シール,この商品は送料 全国一律600円 です(北海道/沖縄除く)同梱可能。。スエード(大) パープル♪スエード生地シート　糊付き アルカンターラ調 紫135cm&times;1mスエードシートバックスキンルック曲面対応 カッティング可能シート状内装 インテリア ウォールクロス 革 レザー ステッカー シール
1-27954,http://tshop.r10s.jp/auc-automax/cabinet/02420218/02420238/img58126740.jpg?fitin=700:700,2298.4000,,日用品雑貨・文房具・手芸 > 手芸・クラフト・生地 > 生地・布,スエード(大) 灰♪スエード生地シート　糊付き アルカンターラ調 グレー135cm×1mサイズスエードシートバックスキンルック曲面対応 カッティング可能シート状内装 インテリア ウォールクロス 革 レザー ステッカー シール,この商品は送料 全国一律600円 です(北海道/沖縄除く)同梱可能。,"<TR> <TD HEIGHT=6></TD> <TD HEIGHT=6></TD> <TD HEIGHT=6></TD> </TR><BR><CENTER><FONT COLOR=#CCBBAA SIZE=4><B></B></FONT><BR><BR><TABLE WIDTH=600 CELLSPACING=1 BORDER=0 CELLPADDING=1 BGCOLOR=#CCCCCC><TR><TD BGCOLOR=#FF7F50><TABLE WIDTH=100% CELLSPACING=2 BORDER=0 CELLPADDING=5><TR><TD ALIGN=left BGCOLOR=#FF7F50><FONT COLOR=#333333 SIZE=3><B>★★商品説明★★</B></FONT></TD></TR></TABLE><TABLE WIDTH=100% CELLSPACING=2 BORDER=0 CELLPADDING=0><TR><TD HEIGHT=2 BGCOLOR=#CCBBAA></TD></TR></TABLE><TABLE WIDTH=100% CELLSPACING=2 BORDER=0 CELLPADDING=5><TR><TD ALIGN=left BGCOLOR=#FFF8EE><FONT COLOR=#333333 SIZE=3>高級感のある肌触りの良いスエード調シートです。<BR>
キメ細かなリアルな起毛の質感！<BR>
<BR>
曲面への施工も可能。<BR>
愛車の内張り・ダッシュボード・コンソール<BR>
肘掛け・メーターパネル等に使用すれば<BR>
格段と高級感がアップします。<BR>
<BR>
その他、<BR>
インテリアとして様々な場所にご使用頂けます。<BR>
大きい場所、好きな場所へ施工可能。<BR>
シートの裏に糊が付いておりますので、<BR>
お取り付けも簡単に出来ます。<BR>
<BR>
只今、人気急上昇中のお勧めの逸品です。<BR>
<br>【カラー】<br>
商品名（商品タイトル）記載のカラーです。<br>
※全14種類ございます。<br>
ブラック/レッド/ホワイト/ブルー/グレー<br>パープル/ピンク/オレンジ/ベージュ/ワインレッド<br>マスタードイエロー/ネイビーブルー/ブラウン/グリーン<br><br>
<br>
【サイズ】 <br>
商品名（商品タイトル）記載のサイズです。<br>
※全３種類ございます（幅の変更は出来ません）<br>
・Ａ４サイズ　→　幅30cm×20cm  <br>
・小　　　　　→　幅65cm×50cm<br>
・大　　　　　→　幅135cm×100cm<br>
※大サイズに関しまして<br>
100cm以上をご希望の方は希望の長さ(ｍ)分ご購入下さい。<BR>
一度に10m以上ご購入に関しましては送料・代引き手数料<BR>当社が負担させて頂きます。<BR>30mまでであれば1ｍ毎に延長可能。<br>
延長をご希望の場合は、希望の長さ（m）分ご購入下さい。<br>
長さ5ｍ以上をご希望の方は在庫の有無をお電話にて<br>
ご確認下さいますようお願い申し上げます。<br><br><br>
<br>
※色/伸び/質感に関する質問が多々御座いますがモニター環境に<br>
よって色味が異なったり、感じ方に個人差がございますので<br>
不安な方はサンプルセットをご購入の上、実物をご確認頂いてから<br>商品をご購入下さいますようお願い申し上げます。<BR><br>【サンプルセット購入はコチラ】<BR><BR>
購入後の上記理由での返品はお受けできません。<br>
<br>
【注意事項】<br>
※貼り付け・車検に関するご質問はお答え致しかねます。<br>
※取り付け前に必ず商品確認を行ってください。<br>
切断・加工後の返品交換は一切お受け致しかねます。<br>
※1枚ずつ業務用切り売りでスタッフが丁寧にカットしておりますが<br>
一部に断面が歪んだり欠けしまう場合が御座います。<br>
※念の為、切り損じを1cm程度(A4サイズは5mm程度)踏まえてお考え下さい。
</FONT></TD></TR></TABLE></TD></TR></TABLE><BR><BR><BR><TABLE WIDTH=600 CELLSPACING=1 BORDER=0 CELLPADDING=1 BGCOLOR=#CCCCCC><TR><TD BGCOLOR=#FF7F50><TABLE WIDTH=100% CELLSPACING=2 BORDER=0 CELLPADDING=5><TR><TD ALIGN=left BGCOLOR=#FF7F50><FONT COLOR=#333333 SIZE=3><B>★★発送方法/送料★★</B></FONT></TD></TR></TABLE><TABLE WIDTH=100% CELLSPACING=2 BORDER=0 CELLPADDING=0><TR><TD HEIGHT=2 BGCOLOR=#CCBBAA></TD></TR></TABLE><TABLE WIDTH=100% CELLSPACING=2 BORDER=0 CELLPADDING=5><TR><TD ALIGN=left BGCOLOR=#FFF8EE><FONT COLOR=#333333 SIZE=3>商品名に【送料無料】の記載がある場合は、送料無料です。<BR>※北海道・沖縄・離島除く<BR><BR><FONT SIZE=5>【全国送料表】</FONT>をご確認下さいませ。<BR><BR>複数の商品を同梱可能です。<BR>※同梱をご希望の場合、必ず同じお買い物カゴ（カート）でご注文下さい。<BR>※別々のお買い物カゴで注文された場合は別々に梱包し発送致します。<BR>その為、送料・代引き手数料は発送個数分請求させて頂きます。<BR><BR>★発送に関する注意事項★<BR>---------------------------------------- <BR>当方指定宅急便ですので配送業者は選択できません。 <BR>時間指定は対応いたしておりません。<BR>発送連絡に記載の問い合わせ番号でご自身でご確認頂けます。<BR>離島は発送が一日遅れます。 <BR>----------------------------------------<BR>★商品代引★　　<BR>宅急便送料+別途手数料３７０円 <BR>休業日　商品ページ左バナーカレンダーに記載</FONT></TD></TR></TABLE></TD></TR></TABLE><BR><TABLE WIDTH=600 CELLSPACING=1 BORDER=0 CELLPADDING=1 BGCOLOR=#CCCCCC><TR><TD BGCOLOR=#FF7F50><TABLE WIDTH=100% CELLSPACING=2 BORDER=0 CELLPADDING=5><TR><TD ALIGN=left BGCOLOR=#FF7F50><FONT COLOR=#333333 SIZE=3><B>★★支払方法★</B></FONT></TD></TR></TABLE><TABLE WIDTH=100% CELLSPACING=2 BORDER=0 CELLPADDING=0><TR><TD HEIGHT=2 BGCOLOR=#CCBBAA></TD></TR></TABLE><TABLE WIDTH=100% CELLSPACING=2 BORDER=0 CELLPADDING=5><TR><TD ALIGN=left BGCOLOR=#FFF8EE><FONT COLOR=#333333 SIZE=3>●楽天銀行　振込<BR>●商品代引<BR>●クレジットカード決済<BR>●コンビニ決済（前払い）<BR>●楽天Edy決済<BR>●auかんたん決済<BR></FONT></TD></TR></TABLE></TD></TR></TABLE><BR><IMG SRC=http://image.rakuten.co.jp/auc-automax/cabinet/03561925/img63193783.gif WIDTH=600><BR><BR></CENTER><center><BR><BR><img src=http://image.rakuten.co.jp/auc-automax/cabinet/03619501/cuttingsheet-cate/imgrc0068742328.gif width=195 alt=A4> <img src=http://image.rakuten.co.jp/auc-automax/cabinet/03619501/cuttingsheet-cate/imgrc0068742325.gif width=195 alt=65x50> <img src=http://image.rakuten.co.jp/auc-automax/cabinet/03619501/cuttingsheet-cate/imgrc0068742326.gif width=195 alt=135x100><BR><br>

<img src=http://image.rakuten.co.jp/auc-automax/cabinet/03619501/cuttingsheet-cate/imgrc0068742261.jpg width=195 alt=黒> 
<img src=http://image.rakuten.co.jp/auc-automax/cabinet/03619501/cuttingsheet-cate/imgrc0068742260.jpg width=195 alt=肌> 
<img src=http://image.rakuten.co.jp/auc-automax/cabinet/03619501/cuttingsheet-cate/imgrc0068742262.jpg width=195 alt=青><BR>
<img src=http://image.rakuten.co.jp/auc-automax/cabinet/03619501/cuttingsheet-cate/imgrc0068742263.jpg width=195 alt=茶> 
<img src=http://image.rakuten.co.jp/auc-automax/cabinet/03619501/cuttingsheet-cate/imgrc0068742264.jpg width=195 alt=灰> 
<img src=http://image.rakuten.co.jp/auc-automax/cabinet/03619501/cuttingsheet-cate/imgrc0068742265.jpg width=195 alt=緑><BR>
<img src=http://image.rakuten.co.jp/auc-automax/cabinet/03619501/cuttingsheet-cate/imgrc0068742266.jpg width=195 alt=紺> 
<img src=http://image.rakuten.co.jp/auc-automax/cabinet/03619501/cuttingsheet-cate/imgrc0068742267.jpg width=195 alt=柿> 
<img src=http://image.rakuten.co.jp/auc-automax/cabinet/03619501/cuttingsheet-cate/imgrc0068742268.jpg width=195 alt=桃><BR>
<img src=http://image.rakuten.co.jp/auc-automax/cabinet/03619501/cuttingsheet-cate/imgrc0068742269.jpg width=195> 
<img src=http://image.rakuten.co.jp/auc-automax/cabinet/03619501/cuttingsheet-cate/imgrc0068742270.jpg width=195> 
<img src=http://image.rakuten.co.jp/auc-automax/cabinet/03619501/cuttingsheet-cate/imgrc0068742271.jpg width=195><BR>
<img src=http://image.rakuten.co.jp/auc-automax/cabinet/03619501/cuttingsheet-cate/imgrc0068742276.jpg width=195> 
<img src=http://image.rakuten.co.jp/auc-automax/cabinet/03619501/cuttingsheet-cate/imgrc0068742277.jpg width=195> </center><center>
<br>
<img SRC=http://image.rakuten.co.jp/auc-automax/cabinet/imgrc0067382276.gif width=670 height=400><BR>
<br>
<img SRC=http://image.rakuten.co.jp/auc-automax/cabinet/img60333004.gif width=670 height=120><BR>
<br>

<br></center>",スエード(大) 灰♪スエード生地シート　糊付き アルカンターラ調 グレー135cm&times;1mサイズスエードシートバックスキンルック曲面対応 カッティング可能シート状内装 インテリア ウォールクロス 革 レザー ステッカー シール：AUTOMAX izumi,カッティングシートモニタースタンドアルカンターラ調スエード生地シート汎用パーツ自動車アクセサリーメッキモール送料無料ステッカーカー用品バイク用品ドレスアップラグジュアリー内装外装カット済みカーフィルム大阪通販激安格安施工スエード(大) 灰♪スエード生地シート　糊付き アルカンターラ調 グレー135cm&times;1mサイズスエードシートバックスキンルック曲面対応 カッティング可能シート状内装 インテリア ウォールクロス 革 レザー ステッカー シール,この商品は送料 全国一律600円 です(北海道/沖縄除く)同梱可能。。スエード(大) 灰♪スエード生地シート　糊付き アルカンターラ調 グレー135cm&times;1mサイズスエードシートバックスキンルック曲面対応 カッティング可能シート状内装 インテリア ウォールクロス 革 レザー ステッカー シール
1-27955,http://tshop.r10s.jp/auc-automax/cabinet/02420218/02420238/img58459665.jpg?fitin=700:700,2298.4000,,日用品雑貨・文房具・手芸 > 手芸・クラフト・生地 > 生地・布,スエード(大) ワインレッド♪スエード生地シート　糊付き アルカンターラ調135cm×1mスエードシートバックスキンルック曲面対応 カッティング可能シート状内装 インテリア ウォールクロス 革 レザー ステッカー シール,この商品は送料 全国一律600円 です(北海道/沖縄除く)同梱可能。,"<TR> <TD HEIGHT=6></TD> <TD HEIGHT=6></TD> <TD HEIGHT=6></TD> </TR><BR><CENTER><FONT COLOR=#CCBBAA SIZE=4><B></B></FONT><BR><BR><TABLE WIDTH=600 CELLSPACING=1 BORDER=0 CELLPADDING=1 BGCOLOR=#CCCCCC><TR><TD BGCOLOR=#FF7F50><TABLE WIDTH=100% CELLSPACING=2 BORDER=0 CELLPADDING=5><TR><TD ALIGN=left BGCOLOR=#FF7F50><FONT COLOR=#333333 SIZE=3><B>★★商品説明★★</B></FONT></TD></TR></TABLE><TABLE WIDTH=100% CELLSPACING=2 BORDER=0 CELLPADDING=0><TR><TD HEIGHT=2 BGCOLOR=#CCBBAA></TD></TR></TABLE><TABLE WIDTH=100% CELLSPACING=2 BORDER=0 CELLPADDING=5><TR><TD ALIGN=left BGCOLOR=#FFF8EE><FONT COLOR=#333333 SIZE=3>高級感のある肌触りの良いスエード調シートです。<BR>
キメ細かなリアルな起毛の質感！<BR>
<BR>
曲面への施工も可能。<BR>
愛車の内張り・ダッシュボード・コンソール<BR>
肘掛け・メーターパネル等に使用すれば<BR>
格段と高級感がアップします。<BR>
<BR>
その他、<BR>
インテリアとして様々な場所にご使用頂けます。<BR>
大きい場所、好きな場所へ施工可能。<BR>
シートの裏に糊が付いておりますので、<BR>
お取り付けも簡単に出来ます。<BR>
<BR>
只今、人気急上昇中のお勧めの逸品です。<BR>
<br>【カラー】<br>
商品名（商品タイトル）記載のカラーです。<br>
※全14種類ございます。<br>
ブラック/レッド/ホワイト/ブルー/グレー<br>パープル/ピンク/オレンジ/ベージュ/ワインレッド<br>マスタードイエロー/ネイビーブルー/ブラウン/グリーン<br><br>
<br>
【サイズ】 <br>
商品名（商品タイトル）記載のサイズです。<br>
※全３種類ございます（幅の変更は出来ません）<br>
・Ａ４サイズ　→　幅30cm×20cm  <br>
・小　　　　　→　幅65cm×50cm<br>
・大　　　　　→　幅135cm×100cm<br>
※大サイズに関しまして<br>
100cm以上をご希望の方は希望の長さ(ｍ)分ご購入下さい。<BR>
一度に10m以上ご購入に関しましては送料・代引き手数料<BR>当社が負担させて頂きます。<BR>30mまでであれば1ｍ毎に延長可能。<br>
延長をご希望の場合は、希望の長さ（m）分ご購入下さい。<br>
長さ5ｍ以上をご希望の方は在庫の有無をお電話にて<br>
ご確認下さいますようお願い申し上げます。<br><br><br>
<br>
※色/伸び/質感に関する質問が多々御座いますがモニター環境に<br>
よって色味が異なったり、感じ方に個人差がございますので<br>
不安な方はサンプルセットをご購入の上、実物をご確認頂いてから<br>商品をご購入下さいますようお願い申し上げます。<BR><br>【サンプルセット購入はコチラ】<BR><BR>
購入後の上記理由での返品はお受けできません。<br>
<br>
【注意事項】<br>
※貼り付け・車検に関するご質問はお答え致しかねます。<br>
※取り付け前に必ず商品確認を行ってください。<br>
切断・加工後の返品交換は一切お受け致しかねます。<br>
※1枚ずつ業務用切り売りでスタッフが丁寧にカットしておりますが<br>
一部に断面が歪んだり欠けしまう場合が御座います。<br>
※念の為、切り損じを1cm程度(A4サイズは5mm程度)踏まえてお考え下さい。
</FONT></TD></TR></TABLE></TD></TR></TABLE><BR><BR><BR><TABLE WIDTH=600 CELLSPACING=1 BORDER=0 CELLPADDING=1 BGCOLOR=#CCCCCC><TR><TD BGCOLOR=#FF7F50><TABLE WIDTH=100% CELLSPACING=2 BORDER=0 CELLPADDING=5><TR><TD ALIGN=left BGCOLOR=#FF7F50><FONT COLOR=#333333 SIZE=3><B>★★発送方法/送料★★</B></FONT></TD></TR></TABLE><TABLE WIDTH=100% CELLSPACING=2 BORDER=0 CELLPADDING=0><TR><TD HEIGHT=2 BGCOLOR=#CCBBAA></TD></TR></TABLE><TABLE WIDTH=100% CELLSPACING=2 BORDER=0 CELLPADDING=5><TR><TD ALIGN=left BGCOLOR=#FFF8EE><FONT COLOR=#333333 SIZE=3>商品名に【送料無料】の記載がある場合は、送料無料です。<BR>※北海道・沖縄・離島除く<BR><BR><FONT SIZE=5>【全国送料表】</FONT>をご確認下さいませ。<BR><BR>複数の商品を同梱可能です。<BR>※同梱をご希望の場合、必ず同じお買い物カゴ（カート）でご注文下さい。<BR>※別々のお買い物カゴで注文された場合は別々に梱包し発送致します。<BR>その為、送料・代引き手数料は発送個数分請求させて頂きます。<BR><BR>★発送に関する注意事項★<BR>---------------------------------------- <BR>当方指定宅急便ですので配送業者は選択できません。 <BR>時間指定は対応いたしておりません。<BR>発送連絡に記載の問い合わせ番号でご自身でご確認頂けます。<BR>離島は発送が一日遅れます。 <BR>----------------------------------------<BR>★商品代引★　　<BR>宅急便送料+別途手数料３７０円 <BR>休業日　商品ページ左バナーカレンダーに記載</FONT></TD></TR></TABLE></TD></TR></TABLE><BR><TABLE WIDTH=600 CELLSPACING=1 BORDER=0 CELLPADDING=1 BGCOLOR=#CCCCCC><TR><TD BGCOLOR=#FF7F50><TABLE WIDTH=100% CELLSPACING=2 BORDER=0 CELLPADDING=5><TR><TD ALIGN=left BGCOLOR=#FF7F50><FONT COLOR=#333333 SIZE=3><B>★★支払方法★</B></FONT></TD></TR></TABLE><TABLE WIDTH=100% CELLSPACING=2 BORDER=0 CELLPADDING=0><TR><TD HEIGHT=2 BGCOLOR=#CCBBAA></TD></TR></TABLE><TABLE WIDTH=100% CELLSPACING=2 BORDER=0 CELLPADDING=5><TR><TD ALIGN=left BGCOLOR=#FFF8EE><FONT COLOR=#333333 SIZE=3>●楽天銀行　振込<BR>●商品代引<BR>●クレジットカード決済<BR>●コンビニ決済（前払い）<BR>●楽天Edy決済<BR>●auかんたん決済<BR></FONT></TD></TR></TABLE></TD></TR></TABLE><BR><IMG SRC=http://image.rakuten.co.jp/auc-automax/cabinet/03561925/img63193783.gif WIDTH=600><BR><BR></CENTER><center><BR><BR><img src=http://image.rakuten.co.jp/auc-automax/cabinet/03619501/cuttingsheet-cate/imgrc0068742328.gif width=195 alt=A4> <img src=http://image.rakuten.co.jp/auc-automax/cabinet/03619501/cuttingsheet-cate/imgrc0068742325.gif width=195 alt=65x50> <img src=http://image.rakuten.co.jp/auc-automax/cabinet/03619501/cuttingsheet-cate/imgrc0068742326.gif width=195 alt=135x100><BR><br>

<img src=http://image.rakuten.co.jp/auc-automax/cabinet/03619501/cuttingsheet-cate/imgrc0068742261.jpg width=195 alt=黒> 
<img src=http://image.rakuten.co.jp/auc-automax/cabinet/03619501/cuttingsheet-cate/imgrc0068742260.jpg width=195 alt=肌> 
<img src=http://image.rakuten.co.jp/auc-automax/cabinet/03619501/cuttingsheet-cate/imgrc0068742262.jpg width=195 alt=青><BR>
<img src=http://image.rakuten.co.jp/auc-automax/cabinet/03619501/cuttingsheet-cate/imgrc0068742263.jpg width=195 alt=茶> 
<img src=http://image.rakuten.co.jp/auc-automax/cabinet/03619501/cuttingsheet-cate/imgrc0068742264.jpg width=195 alt=灰> 
<img src=http://image.rakuten.co.jp/auc-automax/cabinet/03619501/cuttingsheet-cate/imgrc0068742265.jpg width=195 alt=緑><BR>
<img src=http://image.rakuten.co.jp/auc-automax/cabinet/03619501/cuttingsheet-cate/imgrc0068742266.jpg width=195 alt=紺> 
<img src=http://image.rakuten.co.jp/auc-automax/cabinet/03619501/cuttingsheet-cate/imgrc0068742267.jpg width=195 alt=柿> 
<img src=http://image.rakuten.co.jp/auc-automax/cabinet/03619501/cuttingsheet-cate/imgrc0068742268.jpg width=195 alt=桃><BR>
<img src=http://image.rakuten.co.jp/auc-automax/cabinet/03619501/cuttingsheet-cate/imgrc0068742269.jpg width=195> 
<img src=http://image.rakuten.co.jp/auc-automax/cabinet/03619501/cuttingsheet-cate/imgrc0068742270.jpg width=195> 
<img src=http://image.rakuten.co.jp/auc-automax/cabinet/03619501/cuttingsheet-cate/imgrc0068742271.jpg width=195><BR>
<img src=http://image.rakuten.co.jp/auc-automax/cabinet/03619501/cuttingsheet-cate/imgrc0068742276.jpg width=195> 
<img src=http://image.rakuten.co.jp/auc-automax/cabinet/03619501/cuttingsheet-cate/imgrc0068742277.jpg width=195> </center><center>
<br>
<img SRC=http://image.rakuten.co.jp/auc-automax/cabinet/imgrc0067382276.gif width=670 height=400><BR>
<br>
<img SRC=http://image.rakuten.co.jp/auc-automax/cabinet/img60333004.gif width=670 height=120><BR>
<br>

<br></center>",スエード(大) ワインレッド♪スエード生地シート　糊付き アルカンターラ調135cm&times;1mスエードシートバックスキンルック曲面対応 カッティング可能シート状内装 インテリア ウォールクロス 革 レザー ステッカー シール：AUTOMAX izumi,カッティングシートモニタースタンドアルカンターラ調スエード生地シート汎用パーツ自動車アクセサリーメッキモール送料無料ステッカーカー用品バイク用品ドレスアップラグジュアリー内装外装カット済みカーフィルム大阪通販激安格安施工スエード(大) ワインレッド♪スエード生地シート　糊付き アルカンターラ調135cm&times;1mスエードシートバックスキンルック曲面対応 カッティング可能シート状内装 インテリア ウォールクロス 革 レザー ステッカー シール,この商品は送料 全国一律600円 です(北海道/沖縄除く)同梱可能。。スエード(大) ワインレッド♪スエード生地シート　糊付き アルカンターラ調135cm&times;1mスエードシートバックスキンルック曲面対応 カッティング可能シート状内装 インテリア ウォールクロス 革 レザー ステッカー シール
1-27956,http://tshop.r10s.jp/auc-automax/cabinet/02420218/02420238/img65440453.jpg?fitin=700:700,2298.4000,,日用品雑貨・文房具・手芸 > 手芸・クラフト・生地 > 生地・布,スエード(大) 紺♪スエード生地シート　糊付き アルカンターラ調 ネイビーブルー135cm×1mスエードシートバックスキンルック曲面対応 カッティング可能シート状内装 インテリア ウォールクロス 革 レザー ステッカー,この商品は送料 全国一律600円 です(北海道/沖縄除く)同梱可能。,"<TR> <TD HEIGHT=6></TD> <TD HEIGHT=6></TD> <TD HEIGHT=6></TD> </TR><BR><CENTER><FONT COLOR=#CCBBAA SIZE=4><B></B></FONT><BR><BR><TABLE WIDTH=600 CELLSPACING=1 BORDER=0 CELLPADDING=1 BGCOLOR=#CCCCCC><TR><TD BGCOLOR=#FF7F50><TABLE WIDTH=100% CELLSPACING=2 BORDER=0 CELLPADDING=5><TR><TD ALIGN=left BGCOLOR=#FF7F50><FONT COLOR=#333333 SIZE=3><B>★★商品説明★★</B></FONT></TD></TR></TABLE><TABLE WIDTH=100% CELLSPACING=2 BORDER=0 CELLPADDING=0><TR><TD HEIGHT=2 BGCOLOR=#CCBBAA></TD></TR></TABLE><TABLE WIDTH=100% CELLSPACING=2 BORDER=0 CELLPADDING=5><TR><TD ALIGN=left BGCOLOR=#FFF8EE><FONT COLOR=#333333 SIZE=3>高級感のある肌触りの良いスエード調シートです。<BR>
キメ細かなリアルな起毛の質感！<BR>
<BR>
曲面への施工も可能。<BR>
愛車の内張り・ダッシュボード・コンソール<BR>
肘掛け・メーターパネル等に使用すれば<BR>
格段と高級感がアップします。<BR>
<BR>
その他、<BR>
インテリアとして様々な場所にご使用頂けます。<BR>
大きい場所、好きな場所へ施工可能。<BR>
シートの裏に糊が付いておりますので、<BR>
お取り付けも簡単に出来ます。<BR>
<BR>
只今、人気急上昇中のお勧めの逸品です。<BR>
<br>【カラー】<br>
商品名（商品タイトル）記載のカラーです。<br>
※全14種類ございます。<br>
ブラック/レッド/ホワイト/ブルー/グレー<br>パープル/ピンク/オレンジ/ベージュ/ワインレッド<br>マスタードイエロー/ネイビーブルー/ブラウン/グリーン<br><br>
<br>
【サイズ】 <br>
商品名（商品タイトル）記載のサイズです。<br>
※全３種類ございます（幅の変更は出来ません）<br>
・Ａ４サイズ　→　幅30cm×20cm  <br>
・小　　　　　→　幅65cm×50cm<br>
・大　　　　　→　幅135cm×100cm<br>
※大サイズに関しまして<br>
100cm以上をご希望の方は希望の長さ(ｍ)分ご購入下さい。<BR>
一度に10m以上ご購入に関しましては送料・代引き手数料<BR>当社が負担させて頂きます。<BR>30mまでであれば1ｍ毎に延長可能。<br>
延長をご希望の場合は、希望の長さ（m）分ご購入下さい。<br>
長さ5ｍ以上をご希望の方は在庫の有無をお電話にて<br>
ご確認下さいますようお願い申し上げます。<br><br><br>
<br>
※色/伸び/質感に関する質問が多々御座いますがモニター環境に<br>
よって色味が異なったり、感じ方に個人差がございますので<br>
不安な方はサンプルセットをご購入の上、実物をご確認頂いてから<br>商品をご購入下さいますようお願い申し上げます。<BR><br>【サンプルセット購入はコチラ】<BR><BR>
購入後の上記理由での返品はお受けできません。<br>
<br>
【注意事項】<br>
※貼り付け・車検に関するご質問はお答え致しかねます。<br>
※取り付け前に必ず商品確認を行ってください。<br>
切断・加工後の返品交換は一切お受け致しかねます。<br>
※1枚ずつ業務用切り売りでスタッフが丁寧にカットしておりますが<br>
一部に断面が歪んだり欠けしまう場合が御座います。<br>
※念の為、切り損じを1cm程度(A4サイズは5mm程度)踏まえてお考え下さい。
</FONT></TD></TR></TABLE></TD></TR></TABLE><BR><BR><BR><TABLE WIDTH=600 CELLSPACING=1 BORDER=0 CELLPADDING=1 BGCOLOR=#CCCCCC><TR><TD BGCOLOR=#FF7F50><TABLE WIDTH=100% CELLSPACING=2 BORDER=0 CELLPADDING=5><TR><TD ALIGN=left BGCOLOR=#FF7F50><FONT COLOR=#333333 SIZE=3><B>★★発送方法/送料★★</B></FONT></TD></TR></TABLE><TABLE WIDTH=100% CELLSPACING=2 BORDER=0 CELLPADDING=0><TR><TD HEIGHT=2 BGCOLOR=#CCBBAA></TD></TR></TABLE><TABLE WIDTH=100% CELLSPACING=2 BORDER=0 CELLPADDING=5><TR><TD ALIGN=left BGCOLOR=#FFF8EE><FONT COLOR=#333333 SIZE=3>商品名に【送料無料】の記載がある場合は、送料無料です。<BR>※北海道・沖縄・離島除く<BR><BR><FONT SIZE=5>【全国送料表】</FONT>をご確認下さいませ。<BR><BR>複数の商品を同梱可能です。<BR>※同梱をご希望の場合、必ず同じお買い物カゴ（カート）でご注文下さい。<BR>※別々のお買い物カゴで注文された場合は別々に梱包し発送致します。<BR>その為、送料・代引き手数料は発送個数分請求させて頂きます。<BR><BR>★発送に関する注意事項★<BR>---------------------------------------- <BR>当方指定宅急便ですので配送業者は選択できません。 <BR>時間指定は対応いたしておりません。<BR>発送連絡に記載の問い合わせ番号でご自身でご確認頂けます。<BR>離島は発送が一日遅れます。 <BR>----------------------------------------<BR>★商品代引★　　<BR>宅急便送料+別途手数料３７０円 <BR>休業日　商品ページ左バナーカレンダーに記載</FONT></TD></TR></TABLE></TD></TR></TABLE><BR><TABLE WIDTH=600 CELLSPACING=1 BORDER=0 CELLPADDING=1 BGCOLOR=#CCCCCC><TR><TD BGCOLOR=#FF7F50><TABLE WIDTH=100% CELLSPACING=2 BORDER=0 CELLPADDING=5><TR><TD ALIGN=left BGCOLOR=#FF7F50><FONT COLOR=#333333 SIZE=3><B>★★支払方法★</B></FONT></TD></TR></TABLE><TABLE WIDTH=100% CELLSPACING=2 BORDER=0 CELLPADDING=0><TR><TD HEIGHT=2 BGCOLOR=#CCBBAA></TD></TR></TABLE><TABLE WIDTH=100% CELLSPACING=2 BORDER=0 CELLPADDING=5><TR><TD ALIGN=left BGCOLOR=#FFF8EE><FONT COLOR=#333333 SIZE=3>●楽天銀行　振込<BR>●商品代引<BR>●クレジットカード決済<BR>●コンビニ決済（前払い）<BR>●楽天Edy決済<BR>●auかんたん決済<BR></FONT></TD></TR></TABLE></TD></TR></TABLE><BR><IMG SRC=http://image.rakuten.co.jp/auc-automax/cabinet/03561925/img63193783.gif WIDTH=600><BR><BR></CENTER><center><BR><BR><img src=http://image.rakuten.co.jp/auc-automax/cabinet/03619501/cuttingsheet-cate/imgrc0068742328.gif width=195 alt=A4> <img src=http://image.rakuten.co.jp/auc-automax/cabinet/03619501/cuttingsheet-cate/imgrc0068742325.gif width=195 alt=65x50> <img src=http://image.rakuten.co.jp/auc-automax/cabinet/03619501/cuttingsheet-cate/imgrc0068742326.gif width=195 alt=135x100><BR><br>

<img src=http://image.rakuten.co.jp/auc-automax/cabinet/03619501/cuttingsheet-cate/imgrc0068742261.jpg width=195 alt=黒> 
<img src=http://image.rakuten.co.jp/auc-automax/cabinet/03619501/cuttingsheet-cate/imgrc0068742260.jpg width=195 alt=肌> 
<img src=http://image.rakuten.co.jp/auc-automax/cabinet/03619501/cuttingsheet-cate/imgrc0068742262.jpg width=195 alt=青><BR>
<img src=http://image.rakuten.co.jp/auc-automax/cabinet/03619501/cuttingsheet-cate/imgrc0068742263.jpg width=195 alt=茶> 
<img src=http://image.rakuten.co.jp/auc-automax/cabinet/03619501/cuttingsheet-cate/imgrc0068742264.jpg width=195 alt=灰> 
<img src=http://image.rakuten.co.jp/auc-automax/cabinet/03619501/cuttingsheet-cate/imgrc0068742265.jpg width=195 alt=緑><BR>
<img src=http://image.rakuten.co.jp/auc-automax/cabinet/03619501/cuttingsheet-cate/imgrc0068742266.jpg width=195 alt=紺> 
<img src=http://image.rakuten.co.jp/auc-automax/cabinet/03619501/cuttingsheet-cate/imgrc0068742267.jpg width=195 alt=柿> 
<img src=http://image.rakuten.co.jp/auc-automax/cabinet/03619501/cuttingsheet-cate/imgrc0068742268.jpg width=195 alt=桃><BR>
<img src=http://image.rakuten.co.jp/auc-automax/cabinet/03619501/cuttingsheet-cate/imgrc0068742269.jpg width=195> 
<img src=http://image.rakuten.co.jp/auc-automax/cabinet/03619501/cuttingsheet-cate/imgrc0068742270.jpg width=195> 
<img src=http://image.rakuten.co.jp/auc-automax/cabinet/03619501/cuttingsheet-cate/imgrc0068742271.jpg width=195><BR>
<img src=http://image.rakuten.co.jp/auc-automax/cabinet/03619501/cuttingsheet-cate/imgrc0068742276.jpg width=195> 
<img src=http://image.rakuten.co.jp/auc-automax/cabinet/03619501/cuttingsheet-cate/imgrc0068742277.jpg width=195> </center><center>
<br>
<img SRC=http://image.rakuten.co.jp/auc-automax/cabinet/imgrc0067382276.gif width=670 height=400><BR>
<br>
<img SRC=http://image.rakuten.co.jp/auc-automax/cabinet/img60333004.gif width=670 height=120><BR>
<br>

<br></center>",スエード(大) 紺♪スエード生地シート　糊付き アルカンターラ調 ネイビーブルー135cm&times;1mスエードシートバックスキンルック曲面対応 カッティング可能シート状内装 インテリア ウォールクロス 革 レザー ステッカー：AUTOMAX izumi,カッティングシートモニタースタンドアルカンターラ調スエード生地シート汎用パーツ自動車アクセサリーメッキモール送料無料ステッカーカー用品バイク用品ドレスアップラグジュアリー内装外装カット済みカーフィルム大阪通販激安格安施工スエード(大) 紺♪スエード生地シート　糊付き アルカンターラ調 ネイビーブルー135cm&times;1mスエードシートバックスキンルック曲面対応 カッティング可能シート状内装 インテリア ウォールクロス 革 レザー ステッカー,この商品は送料 全国一律600円 です(北海道/沖縄除く)同梱可能。。スエード(大) 紺♪スエード生地シート　糊付き アルカンターラ調 ネイビーブルー135cm&times;1mスエードシートバックスキンルック曲面対応 カッティング可能シート状内装 インテリア ウォールクロス 革 レザー ステッカー
1-27957,http://tshop.r10s.jp/auc-automax/cabinet/02420218/02420238/img58126742.jpg?fitin=700:700,2298.4000,,日用品雑貨・文房具・手芸 > 手芸・クラフト・生地 > 生地・布,スエード(大) 黒♪スエード生地シート　糊付き アルカンターラ調 ブラック135cm×1mスエードシートバックスキンルック曲面対応 カッティング可能シート状内装 インテリア ウォールクロス 革 レザー ステッカー シール,この商品は送料 全国一律600円 です(北海道/沖縄除く)同梱可能。,"<TR> <TD HEIGHT=6></TD> <TD HEIGHT=6></TD> <TD HEIGHT=6></TD> </TR><BR><CENTER><FONT COLOR=#CCBBAA SIZE=4><B></B></FONT><BR><BR><TABLE WIDTH=600 CELLSPACING=1 BORDER=0 CELLPADDING=1 BGCOLOR=#CCCCCC><TR><TD BGCOLOR=#FF7F50><TABLE WIDTH=100% CELLSPACING=2 BORDER=0 CELLPADDING=5><TR><TD ALIGN=left BGCOLOR=#FF7F50><FONT COLOR=#333333 SIZE=3><B>★★商品説明★★</B></FONT></TD></TR></TABLE><TABLE WIDTH=100% CELLSPACING=2 BORDER=0 CELLPADDING=0><TR><TD HEIGHT=2 BGCOLOR=#CCBBAA></TD></TR></TABLE><TABLE WIDTH=100% CELLSPACING=2 BORDER=0 CELLPADDING=5><TR><TD ALIGN=left BGCOLOR=#FFF8EE><FONT COLOR=#333333 SIZE=3>高級感のある肌触りの良いスエード調シートです。<BR>
キメ細かなリアルな起毛の質感！<BR>
<BR>
曲面への施工も可能。<BR>
愛車の内張り・ダッシュボード・コンソール<BR>
肘掛け・メーターパネル等に使用すれば<BR>
格段と高級感がアップします。<BR>
<BR>
その他、<BR>
インテリアとして様々な場所にご使用頂けます。<BR>
大きい場所、好きな場所へ施工可能。<BR>
シートの裏に糊が付いておりますので、<BR>
お取り付けも簡単に出来ます。<BR>
<BR>
只今、人気急上昇中のお勧めの逸品です。<BR>
<br>【カラー】<br>
商品名（商品タイトル）記載のカラーです。<br>
※全14種類ございます。<br>
ブラック/レッド/ホワイト/ブルー/グレー<br>パープル/ピンク/オレンジ/ベージュ/ワインレッド<br>マスタードイエロー/ネイビーブルー/ブラウン/グリーン<br><br>
<br>
【サイズ】 <br>
商品名（商品タイトル）記載のサイズです。<br>
※全３種類ございます（幅の変更は出来ません）<br>
・Ａ４サイズ　→　幅30cm×20cm  <br>
・小　　　　　→　幅65cm×50cm<br>
・大　　　　　→　幅135cm×100cm<br>
※大サイズに関しまして<br>
100cm以上をご希望の方は希望の長さ(ｍ)分ご購入下さい。<BR>
一度に10m以上ご購入に関しましては送料・代引き手数料<BR>当社が負担させて頂きます。<BR>30mまでであれば1ｍ毎に延長可能。<br>
延長をご希望の場合は、希望の長さ（m）分ご購入下さい。<br>
長さ5ｍ以上をご希望の方は在庫の有無をお電話にて<br>
ご確認下さいますようお願い申し上げます。<br><br><br>
<br>
※色/伸び/質感に関する質問が多々御座いますがモニター環境に<br>
よって色味が異なったり、感じ方に個人差がございますので<br>
不安な方はサンプルセットをご購入の上、実物をご確認頂いてから<br>商品をご購入下さいますようお願い申し上げます。<BR><br>【サンプルセット購入はコチラ】<BR><BR>
購入後の上記理由での返品はお受けできません。<br>
<br>
【注意事項】<br>
※貼り付け・車検に関するご質問はお答え致しかねます。<br>
※取り付け前に必ず商品確認を行ってください。<br>
切断・加工後の返品交換は一切お受け致しかねます。<br>
※1枚ずつ業務用切り売りでスタッフが丁寧にカットしておりますが<br>
一部に断面が歪んだり欠けしまう場合が御座います。<br>
※念の為、切り損じを1cm程度(A4サイズは5mm程度)踏まえてお考え下さい。
</FONT></TD></TR></TABLE></TD></TR></TABLE><BR><BR><BR><TABLE WIDTH=600 CELLSPACING=1 BORDER=0 CELLPADDING=1 BGCOLOR=#CCCCCC><TR><TD BGCOLOR=#FF7F50><TABLE WIDTH=100% CELLSPACING=2 BORDER=0 CELLPADDING=5><TR><TD ALIGN=left BGCOLOR=#FF7F50><FONT COLOR=#333333 SIZE=3><B>★★発送方法/送料★★</B></FONT></TD></TR></TABLE><TABLE WIDTH=100% CELLSPACING=2 BORDER=0 CELLPADDING=0><TR><TD HEIGHT=2 BGCOLOR=#CCBBAA></TD></TR></TABLE><TABLE WIDTH=100% CELLSPACING=2 BORDER=0 CELLPADDING=5><TR><TD ALIGN=left BGCOLOR=#FFF8EE><FONT COLOR=#333333 SIZE=3>商品名に【送料無料】の記載がある場合は、送料無料です。<BR>※北海道・沖縄・離島除く<BR><BR><FONT SIZE=5>【全国送料表】</FONT>をご確認下さいませ。<BR><BR>複数の商品を同梱可能です。<BR>※同梱をご希望の場合、必ず同じお買い物カゴ（カート）でご注文下さい。<BR>※別々のお買い物カゴで注文された場合は別々に梱包し発送致します。<BR>その為、送料・代引き手数料は発送個数分請求させて頂きます。<BR><BR>★発送に関する注意事項★<BR>---------------------------------------- <BR>当方指定宅急便ですので配送業者は選択できません。 <BR>時間指定は対応いたしておりません。<BR>発送連絡に記載の問い合わせ番号でご自身でご確認頂けます。<BR>離島は発送が一日遅れます。 <BR>----------------------------------------<BR>★商品代引★　　<BR>宅急便送料+別途手数料３７０円 <BR>休業日　商品ページ左バナーカレンダーに記載</FONT></TD></TR></TABLE></TD></TR></TABLE><BR><TABLE WIDTH=600 CELLSPACING=1 BORDER=0 CELLPADDING=1 BGCOLOR=#CCCCCC><TR><TD BGCOLOR=#FF7F50><TABLE WIDTH=100% CELLSPACING=2 BORDER=0 CELLPADDING=5><TR><TD ALIGN=left BGCOLOR=#FF7F50><FONT COLOR=#333333 SIZE=3><B>★★支払方法★</B></FONT></TD></TR></TABLE><TABLE WIDTH=100% CELLSPACING=2 BORDER=0 CELLPADDING=0><TR><TD HEIGHT=2 BGCOLOR=#CCBBAA></TD></TR></TABLE><TABLE WIDTH=100% CELLSPACING=2 BORDER=0 CELLPADDING=5><TR><TD ALIGN=left BGCOLOR=#FFF8EE><FONT COLOR=#333333 SIZE=3>●楽天銀行　振込<BR>●商品代引<BR>●クレジットカード決済<BR>●コンビニ決済（前払い）<BR>●楽天Edy決済<BR>●auかんたん決済<BR></FONT></TD></TR></TABLE></TD></TR></TABLE><BR><IMG SRC=http://image.rakuten.co.jp/auc-automax/cabinet/03561925/img63193783.gif WIDTH=600><BR><BR></CENTER><center><BR><BR><img src=http://image.rakuten.co.jp/auc-automax/cabinet/03619501/cuttingsheet-cate/imgrc0068742328.gif width=195 alt=A4> <img src=http://image.rakuten.co.jp/auc-automax/cabinet/03619501/cuttingsheet-cate/imgrc0068742325.gif width=195 alt=65x50> <img src=http://image.rakuten.co.jp/auc-automax/cabinet/03619501/cuttingsheet-cate/imgrc0068742326.gif width=195 alt=135x100><BR><br>

<img src=http://image.rakuten.co.jp/auc-automax/cabinet/03619501/cuttingsheet-cate/imgrc0068742261.jpg width=195 alt=黒> 
<img src=http://image.rakuten.co.jp/auc-automax/cabinet/03619501/cuttingsheet-cate/imgrc0068742260.jpg width=195 alt=肌> 
<img src=http://image.rakuten.co.jp/auc-automax/cabinet/03619501/cuttingsheet-cate/imgrc0068742262.jpg width=195 alt=青><BR>
<img src=http://image.rakuten.co.jp/auc-automax/cabinet/03619501/cuttingsheet-cate/imgrc0068742263.jpg width=195 alt=茶> 
<img src=http://image.rakuten.co.jp/auc-automax/cabinet/03619501/cuttingsheet-cate/imgrc0068742264.jpg width=195 alt=灰> 
<img src=http://image.rakuten.co.jp/auc-automax/cabinet/03619501/cuttingsheet-cate/imgrc0068742265.jpg width=195 alt=緑><BR>
<img src=http://image.rakuten.co.jp/auc-automax/cabinet/03619501/cuttingsheet-cate/imgrc0068742266.jpg width=195 alt=紺> 
<img src=http://image.rakuten.co.jp/auc-automax/cabinet/03619501/cuttingsheet-cate/imgrc0068742267.jpg width=195 alt=柿> 
<img src=http://image.rakuten.co.jp/auc-automax/cabinet/03619501/cuttingsheet-cate/imgrc0068742268.jpg width=195 alt=桃><BR>
<img src=http://image.rakuten.co.jp/auc-automax/cabinet/03619501/cuttingsheet-cate/imgrc0068742269.jpg width=195> 
<img src=http://image.rakuten.co.jp/auc-automax/cabinet/03619501/cuttingsheet-cate/imgrc0068742270.jpg width=195> 
<img src=http://image.rakuten.co.jp/auc-automax/cabinet/03619501/cuttingsheet-cate/imgrc0068742271.jpg width=195><BR>
<img src=http://image.rakuten.co.jp/auc-automax/cabinet/03619501/cuttingsheet-cate/imgrc0068742276.jpg width=195> 
<img src=http://image.rakuten.co.jp/auc-automax/cabinet/03619501/cuttingsheet-cate/imgrc0068742277.jpg width=195> </center><center>
<br>
<img SRC=http://image.rakuten.co.jp/auc-automax/cabinet/imgrc0067382276.gif width=670 height=400><BR>
<br>
<img SRC=http://image.rakuten.co.jp/auc-automax/cabinet/img60333004.gif width=670 height=120><BR>
<br>

<br></center>",スエード(大) 黒♪スエード生地シート　糊付き アルカンターラ調 ブラック135cm&times;1mスエードシートバックスキンルック曲面対応 カッティング可能シート状内装 インテリア ウォールクロス 革 レザー ステッカー シール：AUTOMAX izumi,カッティングシートモニタースタンドアルカンターラ調スエード生地シート汎用パーツ自動車アクセサリーメッキモール送料無料ステッカーカー用品バイク用品ドレスアップラグジュアリー内装外装カット済みカーフィルム大阪通販激安格安施工スエード(大) 黒♪スエード生地シート　糊付き アルカンターラ調 ブラック135cm&times;1mスエードシートバックスキンルック曲面対応 カッティング可能シート状内装 インテリア ウォールクロス 革 レザー ステッカー シール,この商品は送料 全国一律600円 です(北海道/沖縄除く)同梱可能。。スエード(大) 黒♪スエード生地シート　糊付き アルカンターラ調 ブラック135cm&times;1mスエードシートバックスキンルック曲面対応 カッティング可能シート状内装 インテリア ウォールクロス 革 レザー ステッカー シール
1-27958,http://tshop.r10s.jp/auc-automax/cabinet/02420218/02420238/img58126740.jpg?fitin=700:700,2298.4000,,日用品雑貨・文房具・手芸 > 手芸・クラフト・生地 > 生地・布,スエード(大) 灰♪スエード生地シート　糊付き アルカンターラ調 グレー135cm×1mサイズスエードシートバックスキンルック曲面対応 カッティング可能シート状内装 インテリア ウォールクロス 革 レザー ステッカー シール,この商品は送料 全国一律600円 です(北海道/沖縄除く)同梱可能。,"<TR> <TD HEIGHT=6></TD> <TD HEIGHT=6></TD> <TD HEIGHT=6></TD> </TR><BR><CENTER><FONT COLOR=#CCBBAA SIZE=4><B></B></FONT><BR><BR><TABLE WIDTH=600 CELLSPACING=1 BORDER=0 CELLPADDING=1 BGCOLOR=#CCCCCC><TR><TD BGCOLOR=#FF7F50><TABLE WIDTH=100% CELLSPACING=2 BORDER=0 CELLPADDING=5><TR><TD ALIGN=left BGCOLOR=#FF7F50><FONT COLOR=#333333 SIZE=3><B>★★商品説明★★</B></FONT></TD></TR></TABLE><TABLE WIDTH=100% CELLSPACING=2 BORDER=0 CELLPADDING=0><TR><TD HEIGHT=2 BGCOLOR=#CCBBAA></TD></TR></TABLE><TABLE WIDTH=100% CELLSPACING=2 BORDER=0 CELLPADDING=5><TR><TD ALIGN=left BGCOLOR=#FFF8EE><FONT COLOR=#333333 SIZE=3>高級感のある肌触りの良いスエード調シートです。<BR>
キメ細かなリアルな起毛の質感！<BR>
<BR>
曲面への施工も可能。<BR>
愛車の内張り・ダッシュボード・コンソール<BR>
肘掛け・メーターパネル等に使用すれば<BR>
格段と高級感がアップします。<BR>
<BR>
その他、<BR>
インテリアとして様々な場所にご使用頂けます。<BR>
大きい場所、好きな場所へ施工可能。<BR>
シートの裏に糊が付いておりますので、<BR>
お取り付けも簡単に出来ます。<BR>
<BR>
只今、人気急上昇中のお勧めの逸品です。<BR>
<br>【カラー】<br>
商品名（商品タイトル）記載のカラーです。<br>
※全14種類ございます。<br>
ブラック/レッド/ホワイト/ブルー/グレー<br>パープル/ピンク/オレンジ/ベージュ/ワインレッド<br>マスタードイエロー/ネイビーブルー/ブラウン/グリーン<br><br>
<br>
【サイズ】 <br>
商品名（商品タイトル）記載のサイズです。<br>
※全３種類ございます（幅の変更は出来ません）<br>
・Ａ４サイズ　→　幅30cm×20cm  <br>
・小　　　　　→　幅65cm×50cm<br>
・大　　　　　→　幅135cm×100cm<br>
※大サイズに関しまして<br>
100cm以上をご希望の方は希望の長さ(ｍ)分ご購入下さい。<BR>
一度に10m以上ご購入に関しましては送料・代引き手数料<BR>当社が負担させて頂きます。<BR>30mまでであれば1ｍ毎に延長可能。<br>
延長をご希望の場合は、希望の長さ（m）分ご購入下さい。<br>
長さ5ｍ以上をご希望の方は在庫の有無をお電話にて<br>
ご確認下さいますようお願い申し上げます。<br><br><br>
<br>
※色/伸び/質感に関する質問が多々御座いますがモニター環境に<br>
よって色味が異なったり、感じ方に個人差がございますので<br>
不安な方はサンプルセットをご購入の上、実物をご確認頂いてから<br>商品をご購入下さいますようお願い申し上げます。<BR><br>【サンプルセット購入はコチラ】<BR><BR>
購入後の上記理由での返品はお受けできません。<br>
<br>
【注意事項】<br>
※貼り付け・車検に関するご質問はお答え致しかねます。<br>
※取り付け前に必ず商品確認を行ってください。<br>
切断・加工後の返品交換は一切お受け致しかねます。<br>
※1枚ずつ業務用切り売りでスタッフが丁寧にカットしておりますが<br>
一部に断面が歪んだり欠けしまう場合が御座います。<br>
※念の為、切り損じを1cm程度(A4サイズは5mm程度)踏まえてお考え下さい。
</FONT></TD></TR></TABLE></TD></TR></TABLE><BR><BR><BR><TABLE WIDTH=600 CELLSPACING=1 BORDER=0 CELLPADDING=1 BGCOLOR=#CCCCCC><TR><TD BGCOLOR=#FF7F50><TABLE WIDTH=100% CELLSPACING=2 BORDER=0 CELLPADDING=5><TR><TD ALIGN=left BGCOLOR=#FF7F50><FONT COLOR=#333333 SIZE=3><B>★★発送方法/送料★★</B></FONT></TD></TR></TABLE><TABLE WIDTH=100% CELLSPACING=2 BORDER=0 CELLPADDING=0><TR><TD HEIGHT=2 BGCOLOR=#CCBBAA></TD></TR></TABLE><TABLE WIDTH=100% CELLSPACING=2 BORDER=0 CELLPADDING=5><TR><TD ALIGN=left BGCOLOR=#FFF8EE><FONT COLOR=#333333 SIZE=3>商品名に【送料無料】の記載がある場合は、送料無料です。<BR>※北海道・沖縄・離島除く<BR><BR><FONT SIZE=5>【全国送料表】</FONT>をご確認下さいませ。<BR><BR>複数の商品を同梱可能です。<BR>※同梱をご希望の場合、必ず同じお買い物カゴ（カート）でご注文下さい。<BR>※別々のお買い物カゴで注文された場合は別々に梱包し発送致します。<BR>その為、送料・代引き手数料は発送個数分請求させて頂きます。<BR><BR>★発送に関する注意事項★<BR>---------------------------------------- <BR>当方指定宅急便ですので配送業者は選択できません。 <BR>時間指定は対応いたしておりません。<BR>発送連絡に記載の問い合わせ番号でご自身でご確認頂けます。<BR>離島は発送が一日遅れます。 <BR>----------------------------------------<BR>★商品代引★　　<BR>宅急便送料+別途手数料３７０円 <BR>休業日　商品ページ左バナーカレンダーに記載</FONT></TD></TR></TABLE></TD></TR></TABLE><BR><TABLE WIDTH=600 CELLSPACING=1 BORDER=0 CELLPADDING=1 BGCOLOR=#CCCCCC><TR><TD BGCOLOR=#FF7F50><TABLE WIDTH=100% CELLSPACING=2 BORDER=0 CELLPADDING=5><TR><TD ALIGN=left BGCOLOR=#FF7F50><FONT COLOR=#333333 SIZE=3><B>★★支払方法★</B></FONT></TD></TR></TABLE><TABLE WIDTH=100% CELLSPACING=2 BORDER=0 CELLPADDING=0><TR><TD HEIGHT=2 BGCOLOR=#CCBBAA></TD></TR></TABLE><TABLE WIDTH=100% CELLSPACING=2 BORDER=0 CELLPADDING=5><TR><TD ALIGN=left BGCOLOR=#FFF8EE><FONT COLOR=#333333 SIZE=3>●楽天銀行　振込<BR>●商品代引<BR>●クレジットカード決済<BR>●コンビニ決済（前払い）<BR>●楽天Edy決済<BR>●auかんたん決済<BR></FONT></TD></TR></TABLE></TD></TR></TABLE><BR><IMG SRC=http://image.rakuten.co.jp/auc-automax/cabinet/03561925/img63193783.gif WIDTH=600><BR><BR></CENTER><center><BR><BR><img src=http://image.rakuten.co.jp/auc-automax/cabinet/03619501/cuttingsheet-cate/imgrc0068742328.gif width=195 alt=A4> <img src=http://image.rakuten.co.jp/auc-automax/cabinet/03619501/cuttingsheet-cate/imgrc0068742325.gif width=195 alt=65x50> <img src=http://image.rakuten.co.jp/auc-automax/cabinet/03619501/cuttingsheet-cate/imgrc0068742326.gif width=195 alt=135x100><BR><br>

<img src=http://image.rakuten.co.jp/auc-automax/cabinet/03619501/cuttingsheet-cate/imgrc0068742261.jpg width=195 alt=黒> 
<img src=http://image.rakuten.co.jp/auc-automax/cabinet/03619501/cuttingsheet-cate/imgrc0068742260.jpg width=195 alt=肌> 
<img src=http://image.rakuten.co.jp/auc-automax/cabinet/03619501/cuttingsheet-cate/imgrc0068742262.jpg width=195 alt=青><BR>
<img src=http://image.rakuten.co.jp/auc-automax/cabinet/03619501/cuttingsheet-cate/imgrc0068742263.jpg width=195 alt=茶> 
<img src=http://image.rakuten.co.jp/auc-automax/cabinet/03619501/cuttingsheet-cate/imgrc0068742264.jpg width=195 alt=灰> 
<img src=http://image.rakuten.co.jp/auc-automax/cabinet/03619501/cuttingsheet-cate/imgrc0068742265.jpg width=195 alt=緑><BR>
<img src=http://image.rakuten.co.jp/auc-automax/cabinet/03619501/cuttingsheet-cate/imgrc0068742266.jpg width=195 alt=紺> 
<img src=http://image.rakuten.co.jp/auc-automax/cabinet/03619501/cuttingsheet-cate/imgrc0068742267.jpg width=195 alt=柿> 
<img src=http://image.rakuten.co.jp/auc-automax/cabinet/03619501/cuttingsheet-cate/imgrc0068742268.jpg width=195 alt=桃><BR>
<img src=http://image.rakuten.co.jp/auc-automax/cabinet/03619501/cuttingsheet-cate/imgrc0068742269.jpg width=195> 
<img src=http://image.rakuten.co.jp/auc-automax/cabinet/03619501/cuttingsheet-cate/imgrc0068742270.jpg width=195> 
<img src=http://image.rakuten.co.jp/auc-automax/cabinet/03619501/cuttingsheet-cate/imgrc0068742271.jpg width=195><BR>
<img src=http://image.rakuten.co.jp/auc-automax/cabinet/03619501/cuttingsheet-cate/imgrc0068742276.jpg width=195> 
<img src=http://image.rakuten.co.jp/auc-automax/cabinet/03619501/cuttingsheet-cate/imgrc0068742277.jpg width=195> </center><center>
<br>
<img SRC=http://image.rakuten.co.jp/auc-automax/cabinet/imgrc0067382276.gif width=670 height=400><BR>
<br>
<img SRC=http://image.rakuten.co.jp/auc-automax/cabinet/img60333004.gif width=670 height=120><BR>
<br>

<br></center>",スエード(大) 灰♪スエード生地シート　糊付き アルカンターラ調 グレー135cm&times;1mサイズスエードシートバックスキンルック曲面対応 カッティング可能シート状内装 インテリア ウォールクロス 革 レザー ステッカー シール：AUTOMAX izumi,カッティングシートモニタースタンドアルカンターラ調スエード生地シート汎用パーツ自動車アクセサリーメッキモール送料無料ステッカーカー用品バイク用品ドレスアップラグジュアリー内装外装カット済みカーフィルム大阪通販激安格安施工スエード(大) 灰♪スエード生地シート　糊付き アルカンターラ調 グレー135cm&times;1mサイズスエードシートバックスキンルック曲面対応 カッティング可能シート状内装 インテリア ウォールクロス 革 レザー ステッカー シール,この商品は送料 全国一律600円 です(北海道/沖縄除く)同梱可能。。スエード(大) 灰♪スエード生地シート　糊付き アルカンターラ調 グレー135cm&times;1mサイズスエードシートバックスキンルック曲面対応 カッティング可能シート状内装 インテリア ウォールクロス 革 レザー ステッカー シール
1-27959,http://tshop.r10s.jp/auc-automax/cabinet/02420218/02420238/img58126736.jpg?fitin=700:700,2298.4000,,日用品雑貨・文房具・手芸 > 手芸・クラフト・生地 > 生地・布,スエード(大) 赤♪スエード生地シート　糊付き アルカンターラ調 レッド135cm×1mスエードシートバックスキンルック曲面対応 カッティング可能シート状内装 インテリア ウォールクロス 革 レザー ステッカー シール,この商品は送料 全国一律600円 です(北海道/沖縄除く)同梱可能。,"<TR> <TD HEIGHT=6></TD> <TD HEIGHT=6></TD> <TD HEIGHT=6></TD> </TR><BR><CENTER><FONT COLOR=#CCBBAA SIZE=4><B></B></FONT><BR><BR><TABLE WIDTH=600 CELLSPACING=1 BORDER=0 CELLPADDING=1 BGCOLOR=#CCCCCC><TR><TD BGCOLOR=#FF7F50><TABLE WIDTH=100% CELLSPACING=2 BORDER=0 CELLPADDING=5><TR><TD ALIGN=left BGCOLOR=#FF7F50><FONT COLOR=#333333 SIZE=3><B>★★商品説明★★</B></FONT></TD></TR></TABLE><TABLE WIDTH=100% CELLSPACING=2 BORDER=0 CELLPADDING=0><TR><TD HEIGHT=2 BGCOLOR=#CCBBAA></TD></TR></TABLE><TABLE WIDTH=100% CELLSPACING=2 BORDER=0 CELLPADDING=5><TR><TD ALIGN=left BGCOLOR=#FFF8EE><FONT COLOR=#333333 SIZE=3>高級感のある肌触りの良いスエード調シートです。<BR>
キメ細かなリアルな起毛の質感！<BR>
<BR>
曲面への施工も可能。<BR>
愛車の内張り・ダッシュボード・コンソール<BR>
肘掛け・メーターパネル等に使用すれば<BR>
格段と高級感がアップします。<BR>
<BR>
その他、<BR>
インテリアとして様々な場所にご使用頂けます。<BR>
大きい場所、好きな場所へ施工可能。<BR>
シートの裏に糊が付いておりますので、<BR>
お取り付けも簡単に出来ます。<BR>
<BR>
只今、人気急上昇中のお勧めの逸品です。<BR>
<br>【カラー】<br>
商品名（商品タイトル）記載のカラーです。<br>
※全14種類ございます。<br>
ブラック/レッド/ホワイト/ブルー/グレー<br>パープル/ピンク/オレンジ/ベージュ/ワインレッド<br>マスタードイエロー/ネイビーブルー/ブラウン/グリーン<br><br>
<br>
【サイズ】 <br>
商品名（商品タイトル）記載のサイズです。<br>
※全３種類ございます（幅の変更は出来ません）<br>
・Ａ４サイズ　→　幅30cm×20cm  <br>
・小　　　　　→　幅65cm×50cm<br>
・大　　　　　→　幅135cm×100cm<br>
※大サイズに関しまして<br>
100cm以上をご希望の方は希望の長さ(ｍ)分ご購入下さい。<BR>
一度に10m以上ご購入に関しましては送料・代引き手数料<BR>当社が負担させて頂きます。<BR>30mまでであれば1ｍ毎に延長可能。<br>
延長をご希望の場合は、希望の長さ（m）分ご購入下さい。<br>
長さ5ｍ以上をご希望の方は在庫の有無をお電話にて<br>
ご確認下さいますようお願い申し上げます。<br><br><br>
<br>
※色/伸び/質感に関する質問が多々御座いますがモニター環境に<br>
よって色味が異なったり、感じ方に個人差がございますので<br>
不安な方はサンプルセットをご購入の上、実物をご確認頂いてから<br>商品をご購入下さいますようお願い申し上げます。<BR><br>【サンプルセット購入はコチラ】<BR><BR>
購入後の上記理由での返品はお受けできません。<br>
<br>
【注意事項】<br>
※貼り付け・車検に関するご質問はお答え致しかねます。<br>
※取り付け前に必ず商品確認を行ってください。<br>
切断・加工後の返品交換は一切お受け致しかねます。<br>
※1枚ずつ業務用切り売りでスタッフが丁寧にカットしておりますが<br>
一部に断面が歪んだり欠けしまう場合が御座います。<br>
※念の為、切り損じを1cm程度(A4サイズは5mm程度)踏まえてお考え下さい。
</FONT></TD></TR></TABLE></TD></TR></TABLE><BR><BR><BR><TABLE WIDTH=600 CELLSPACING=1 BORDER=0 CELLPADDING=1 BGCOLOR=#CCCCCC><TR><TD BGCOLOR=#FF7F50><TABLE WIDTH=100% CELLSPACING=2 BORDER=0 CELLPADDING=5><TR><TD ALIGN=left BGCOLOR=#FF7F50><FONT COLOR=#333333 SIZE=3><B>★★発送方法/送料★★</B></FONT></TD></TR></TABLE><TABLE WIDTH=100% CELLSPACING=2 BORDER=0 CELLPADDING=0><TR><TD HEIGHT=2 BGCOLOR=#CCBBAA></TD></TR></TABLE><TABLE WIDTH=100% CELLSPACING=2 BORDER=0 CELLPADDING=5><TR><TD ALIGN=left BGCOLOR=#FFF8EE><FONT COLOR=#333333 SIZE=3>商品名に【送料無料】の記載がある場合は、送料無料です。<BR>※北海道・沖縄・離島除く<BR><BR><FONT SIZE=5>【全国送料表】</FONT>をご確認下さいませ。<BR><BR>複数の商品を同梱可能です。<BR>※同梱をご希望の場合、必ず同じお買い物カゴ（カート）でご注文下さい。<BR>※別々のお買い物カゴで注文された場合は別々に梱包し発送致します。<BR>その為、送料・代引き手数料は発送個数分請求させて頂きます。<BR><BR>★発送に関する注意事項★<BR>---------------------------------------- <BR>当方指定宅急便ですので配送業者は選択できません。 <BR>時間指定は対応いたしておりません。<BR>発送連絡に記載の問い合わせ番号でご自身でご確認頂けます。<BR>離島は発送が一日遅れます。 <BR>----------------------------------------<BR>★商品代引★　　<BR>宅急便送料+別途手数料３７０円 <BR>休業日　商品ページ左バナーカレンダーに記載</FONT></TD></TR></TABLE></TD></TR></TABLE><BR><TABLE WIDTH=600 CELLSPACING=1 BORDER=0 CELLPADDING=1 BGCOLOR=#CCCCCC><TR><TD BGCOLOR=#FF7F50><TABLE WIDTH=100% CELLSPACING=2 BORDER=0 CELLPADDING=5><TR><TD ALIGN=left BGCOLOR=#FF7F50><FONT COLOR=#333333 SIZE=3><B>★★支払方法★</B></FONT></TD></TR></TABLE><TABLE WIDTH=100% CELLSPACING=2 BORDER=0 CELLPADDING=0><TR><TD HEIGHT=2 BGCOLOR=#CCBBAA></TD></TR></TABLE><TABLE WIDTH=100% CELLSPACING=2 BORDER=0 CELLPADDING=5><TR><TD ALIGN=left BGCOLOR=#FFF8EE><FONT COLOR=#333333 SIZE=3>●楽天銀行　振込<BR>●商品代引<BR>●クレジットカード決済<BR>●コンビニ決済（前払い）<BR>●楽天Edy決済<BR>●auかんたん決済<BR></FONT></TD></TR></TABLE></TD></TR></TABLE><BR><IMG SRC=http://image.rakuten.co.jp/auc-automax/cabinet/03561925/img63193783.gif WIDTH=600><BR><BR></CENTER><center><BR><BR><img src=http://image.rakuten.co.jp/auc-automax/cabinet/03619501/cuttingsheet-cate/imgrc0068742328.gif width=195 alt=A4> <img src=http://image.rakuten.co.jp/auc-automax/cabinet/03619501/cuttingsheet-cate/imgrc0068742325.gif width=195 alt=65x50> <img src=http://image.rakuten.co.jp/auc-automax/cabinet/03619501/cuttingsheet-cate/imgrc0068742326.gif width=195 alt=135x100><BR><br>

<img src=http://image.rakuten.co.jp/auc-automax/cabinet/03619501/cuttingsheet-cate/imgrc0068742261.jpg width=195 alt=黒> 
<img src=http://image.rakuten.co.jp/auc-automax/cabinet/03619501/cuttingsheet-cate/imgrc0068742260.jpg width=195 alt=肌> 
<img src=http://image.rakuten.co.jp/auc-automax/cabinet/03619501/cuttingsheet-cate/imgrc0068742262.jpg width=195 alt=青><BR>
<img src=http://image.rakuten.co.jp/auc-automax/cabinet/03619501/cuttingsheet-cate/imgrc0068742263.jpg width=195 alt=茶> 
<img src=http://image.rakuten.co.jp/auc-automax/cabinet/03619501/cuttingsheet-cate/imgrc0068742264.jpg width=195 alt=灰> 
<img src=http://image.rakuten.co.jp/auc-automax/cabinet/03619501/cuttingsheet-cate/imgrc0068742265.jpg width=195 alt=緑><BR>
<img src=http://image.rakuten.co.jp/auc-automax/cabinet/03619501/cuttingsheet-cate/imgrc0068742266.jpg width=195 alt=紺> 
<img src=http://image.rakuten.co.jp/auc-automax/cabinet/03619501/cuttingsheet-cate/imgrc0068742267.jpg width=195 alt=柿> 
<img src=http://image.rakuten.co.jp/auc-automax/cabinet/03619501/cuttingsheet-cate/imgrc0068742268.jpg width=195 alt=桃><BR>
<img src=http://image.rakuten.co.jp/auc-automax/cabinet/03619501/cuttingsheet-cate/imgrc0068742269.jpg width=195> 
<img src=http://image.rakuten.co.jp/auc-automax/cabinet/03619501/cuttingsheet-cate/imgrc0068742270.jpg width=195> 
<img src=http://image.rakuten.co.jp/auc-automax/cabinet/03619501/cuttingsheet-cate/imgrc0068742271.jpg width=195><BR>
<img src=http://image.rakuten.co.jp/auc-automax/cabinet/03619501/cuttingsheet-cate/imgrc0068742276.jpg width=195> 
<img src=http://image.rakuten.co.jp/auc-automax/cabinet/03619501/cuttingsheet-cate/imgrc0068742277.jpg width=195> </center><center>
<br>
<img SRC=http://image.rakuten.co.jp/auc-automax/cabinet/imgrc0067382276.gif width=670 height=400><BR>
<br>
<img SRC=http://image.rakuten.co.jp/auc-automax/cabinet/img60333004.gif width=670 height=120><BR>
<br>

<br></center>",スエード(大) 赤♪スエード生地シート　糊付き アルカンターラ調 レッド135cm&times;1mスエードシートバックスキンルック曲面対応 カッティング可能シート状内装 インテリア ウォールクロス 革 レザー ステッカー シール：AUTOMAX izumi,カッティングシートモニタースタンドアルカンターラ調スエード生地シート汎用パーツ自動車アクセサリーメッキモール送料無料ステッカーカー用品バイク用品ドレスアップラグジュアリー内装外装カット済みカーフィルム大阪通販激安格安施工スエード(大) 赤♪スエード生地シート　糊付き アルカンターラ調 レッド135cm&times;1mスエードシートバックスキンルック曲面対応 カッティング可能シート状内装 インテリア ウォールクロス 革 レザー ステッカー シール,この商品は送料 全国一律600円 です(北海道/沖縄除く)同梱可能。。スエード(大) 赤♪スエード生地シート　糊付き アルカンターラ調 レッド135cm&times;1mスエードシートバックスキンルック曲面対応 カッティング可能シート状内装 インテリア ウォールクロス 革 レザー ステッカー シール
1-27960,http://tshop.r10s.jp/auc-automax/cabinet/02420218/02420238/img58126735.jpg?fitin=700:700,2298.4000,,日用品雑貨・文房具・手芸 > 手芸・クラフト・生地 > 生地・布,スエード(大) 白♪スエード生地シート　糊付き アルカンターラ調 ホワイト135cm×1mスエードシートバックスキンルック曲面対応 カッティング可能シート状内装 インテリア ウォールクロス 革 レザー ステッカー シール,この商品は送料 全国一律600円 です(北海道/沖縄除く)同梱可能。,"<TR> <TD HEIGHT=6></TD> <TD HEIGHT=6></TD> <TD HEIGHT=6></TD> </TR><BR><CENTER><FONT COLOR=#CCBBAA SIZE=4><B></B></FONT><BR><BR><TABLE WIDTH=600 CELLSPACING=1 BORDER=0 CELLPADDING=1 BGCOLOR=#CCCCCC><TR><TD BGCOLOR=#FF7F50><TABLE WIDTH=100% CELLSPACING=2 BORDER=0 CELLPADDING=5><TR><TD ALIGN=left BGCOLOR=#FF7F50><FONT COLOR=#333333 SIZE=3><B>★★商品説明★★</B></FONT></TD></TR></TABLE><TABLE WIDTH=100% CELLSPACING=2 BORDER=0 CELLPADDING=0><TR><TD HEIGHT=2 BGCOLOR=#CCBBAA></TD></TR></TABLE><TABLE WIDTH=100% CELLSPACING=2 BORDER=0 CELLPADDING=5><TR><TD ALIGN=left BGCOLOR=#FFF8EE><FONT COLOR=#333333 SIZE=3>高級感のある肌触りの良いスエード調シートです。<BR>
キメ細かなリアルな起毛の質感！<BR>
<BR>
曲面への施工も可能。<BR>
愛車の内張り・ダッシュボード・コンソール<BR>
肘掛け・メーターパネル等に使用すれば<BR>
格段と高級感がアップします。<BR>
<BR>
その他、<BR>
インテリアとして様々な場所にご使用頂けます。<BR>
大きい場所、好きな場所へ施工可能。<BR>
シートの裏に糊が付いておりますので、<BR>
お取り付けも簡単に出来ます。<BR>
<BR>
只今、人気急上昇中のお勧めの逸品です。<BR>
<br>【カラー】<br>
商品名（商品タイトル）記載のカラーです。<br>
※全14種類ございます。<br>
ブラック/レッド/ホワイト/ブルー/グレー<br>パープル/ピンク/オレンジ/ベージュ/ワインレッド<br>マスタードイエロー/ネイビーブルー/ブラウン/グリーン<br><br>
<br>
【サイズ】 <br>
商品名（商品タイトル）記載のサイズです。<br>
※全３種類ございます（幅の変更は出来ません）<br>
・Ａ４サイズ　→　幅30cm×20cm  <br>
・小　　　　　→　幅65cm×50cm<br>
・大　　　　　→　幅135cm×100cm<br>
※大サイズに関しまして<br>
100cm以上をご希望の方は希望の長さ(ｍ)分ご購入下さい。<BR>
一度に10m以上ご購入に関しましては送料・代引き手数料<BR>当社が負担させて頂きます。<BR>30mまでであれば1ｍ毎に延長可能。<br>
延長をご希望の場合は、希望の長さ（m）分ご購入下さい。<br>
長さ5ｍ以上をご希望の方は在庫の有無をお電話にて<br>
ご確認下さいますようお願い申し上げます。<br><br><br>
<br>
※色/伸び/質感に関する質問が多々御座いますがモニター環境に<br>
よって色味が異なったり、感じ方に個人差がございますので<br>
不安な方はサンプルセットをご購入の上、実物をご確認頂いてから<br>商品をご購入下さいますようお願い申し上げます。<BR><br>【サンプルセット購入はコチラ】<BR><BR>
購入後の上記理由での返品はお受けできません。<br>
<br>
【注意事項】<br>
※貼り付け・車検に関するご質問はお答え致しかねます。<br>
※取り付け前に必ず商品確認を行ってください。<br>
切断・加工後の返品交換は一切お受け致しかねます。<br>
※1枚ずつ業務用切り売りでスタッフが丁寧にカットしておりますが<br>
一部に断面が歪んだり欠けしまう場合が御座います。<br>
※念の為、切り損じを1cm程度(A4サイズは5mm程度)踏まえてお考え下さい。
</FONT></TD></TR></TABLE></TD></TR></TABLE><BR><BR><BR><TABLE WIDTH=600 CELLSPACING=1 BORDER=0 CELLPADDING=1 BGCOLOR=#CCCCCC><TR><TD BGCOLOR=#FF7F50><TABLE WIDTH=100% CELLSPACING=2 BORDER=0 CELLPADDING=5><TR><TD ALIGN=left BGCOLOR=#FF7F50><FONT COLOR=#333333 SIZE=3><B>★★発送方法/送料★★</B></FONT></TD></TR></TABLE><TABLE WIDTH=100% CELLSPACING=2 BORDER=0 CELLPADDING=0><TR><TD HEIGHT=2 BGCOLOR=#CCBBAA></TD></TR></TABLE><TABLE WIDTH=100% CELLSPACING=2 BORDER=0 CELLPADDING=5><TR><TD ALIGN=left BGCOLOR=#FFF8EE><FONT COLOR=#333333 SIZE=3>商品名に【送料無料】の記載がある場合は、送料無料です。<BR>※北海道・沖縄・離島除く<BR><BR><FONT SIZE=5>【全国送料表】</FONT>をご確認下さいませ。<BR><BR>複数の商品を同梱可能です。<BR>※同梱をご希望の場合、必ず同じお買い物カゴ（カート）でご注文下さい。<BR>※別々のお買い物カゴで注文された場合は別々に梱包し発送致します。<BR>その為、送料・代引き手数料は発送個数分請求させて頂きます。<BR><BR>★発送に関する注意事項★<BR>---------------------------------------- <BR>当方指定宅急便ですので配送業者は選択できません。 <BR>時間指定は対応いたしておりません。<BR>発送連絡に記載の問い合わせ番号でご自身でご確認頂けます。<BR>離島は発送が一日遅れます。 <BR>----------------------------------------<BR>★商品代引★　　<BR>宅急便送料+別途手数料３７０円 <BR>休業日　商品ページ左バナーカレンダーに記載</FONT></TD></TR></TABLE></TD></TR></TABLE><BR><TABLE WIDTH=600 CELLSPACING=1 BORDER=0 CELLPADDING=1 BGCOLOR=#CCCCCC><TR><TD BGCOLOR=#FF7F50><TABLE WIDTH=100% CELLSPACING=2 BORDER=0 CELLPADDING=5><TR><TD ALIGN=left BGCOLOR=#FF7F50><FONT COLOR=#333333 SIZE=3><B>★★支払方法★</B></FONT></TD></TR></TABLE><TABLE WIDTH=100% CELLSPACING=2 BORDER=0 CELLPADDING=0><TR><TD HEIGHT=2 BGCOLOR=#CCBBAA></TD></TR></TABLE><TABLE WIDTH=100% CELLSPACING=2 BORDER=0 CELLPADDING=5><TR><TD ALIGN=left BGCOLOR=#FFF8EE><FONT COLOR=#333333 SIZE=3>●楽天銀行　振込<BR>●商品代引<BR>●クレジットカード決済<BR>●コンビニ決済（前払い）<BR>●楽天Edy決済<BR>●auかんたん決済<BR></FONT></TD></TR></TABLE></TD></TR></TABLE><BR><IMG SRC=http://image.rakuten.co.jp/auc-automax/cabinet/03561925/img63193783.gif WIDTH=600><BR><BR></CENTER><center><BR><BR><img src=http://image.rakuten.co.jp/auc-automax/cabinet/03619501/cuttingsheet-cate/imgrc0068742328.gif width=195 alt=A4> <img src=http://image.rakuten.co.jp/auc-automax/cabinet/03619501/cuttingsheet-cate/imgrc0068742325.gif width=195 alt=65x50> <img src=http://image.rakuten.co.jp/auc-automax/cabinet/03619501/cuttingsheet-cate/imgrc0068742326.gif width=195 alt=135x100><BR><br>

<img src=http://image.rakuten.co.jp/auc-automax/cabinet/03619501/cuttingsheet-cate/imgrc0068742261.jpg width=195 alt=黒> 
<img src=http://image.rakuten.co.jp/auc-automax/cabinet/03619501/cuttingsheet-cate/imgrc0068742260.jpg width=195 alt=肌> 
<img src=http://image.rakuten.co.jp/auc-automax/cabinet/03619501/cuttingsheet-cate/imgrc0068742262.jpg width=195 alt=青><BR>
<img src=http://image.rakuten.co.jp/auc-automax/cabinet/03619501/cuttingsheet-cate/imgrc0068742263.jpg width=195 alt=茶> 
<img src=http://image.rakuten.co.jp/auc-automax/cabinet/03619501/cuttingsheet-cate/imgrc0068742264.jpg width=195 alt=灰> 
<img src=http://image.rakuten.co.jp/auc-automax/cabinet/03619501/cuttingsheet-cate/imgrc0068742265.jpg width=195 alt=緑><BR>
<img src=http://image.rakuten.co.jp/auc-automax/cabinet/03619501/cuttingsheet-cate/imgrc0068742266.jpg width=195 alt=紺> 
<img src=http://image.rakuten.co.jp/auc-automax/cabinet/03619501/cuttingsheet-cate/imgrc0068742267.jpg width=195 alt=柿> 
<img src=http://image.rakuten.co.jp/auc-automax/cabinet/03619501/cuttingsheet-cate/imgrc0068742268.jpg width=195 alt=桃><BR>
<img src=http://image.rakuten.co.jp/auc-automax/cabinet/03619501/cuttingsheet-cate/imgrc0068742269.jpg width=195> 
<img src=http://image.rakuten.co.jp/auc-automax/cabinet/03619501/cuttingsheet-cate/imgrc0068742270.jpg width=195> 
<img src=http://image.rakuten.co.jp/auc-automax/cabinet/03619501/cuttingsheet-cate/imgrc0068742271.jpg width=195><BR>
<img src=http://image.rakuten.co.jp/auc-automax/cabinet/03619501/cuttingsheet-cate/imgrc0068742276.jpg width=195> 
<img src=http://image.rakuten.co.jp/auc-automax/cabinet/03619501/cuttingsheet-cate/imgrc0068742277.jpg width=195> </center><center>
<br>
<img SRC=http://image.rakuten.co.jp/auc-automax/cabinet/imgrc0067382276.gif width=670 height=400><BR>
<br>
<img SRC=http://image.rakuten.co.jp/auc-automax/cabinet/img60333004.gif width=670 height=120><BR>
<br>

<br></center>",スエード(大) 白♪スエード生地シート　糊付き アルカンターラ調 ホワイト135cm&times;1mスエードシートバックスキンルック曲面対応 カッティング可能シート状内装 インテリア ウォールクロス 革 レザー ステッカー シール：AUTOMAX izumi,カッティングシートモニタースタンドアルカンターラ調スエード生地シート汎用パーツ自動車アクセサリーメッキモール送料無料ステッカーカー用品バイク用品ドレスアップラグジュアリー内装外装カット済みカーフィルム大阪通販激安格安施工スエード(大) 白♪スエード生地シート　糊付き アルカンターラ調 ホワイト135cm&times;1mスエードシートバックスキンルック曲面対応 カッティング可能シート状内装 インテリア ウォールクロス 革 レザー ステッカー シール,この商品は送料 全国一律600円 です(北海道/沖縄除く)同梱可能。。スエード(大) 白♪スエード生地シート　糊付き アルカンターラ調 ホワイト135cm&times;1mスエードシートバックスキンルック曲面対応 カッティング可能シート状内装 インテリア ウォールクロス 革 レザー ステッカー シール
1-27961,http://tshop.r10s.jp/auc-automax/cabinet/02420218/02420238/img58126737.jpg?fitin=700:700,2298.4000,,日用品雑貨・文房具・手芸 > 手芸・クラフト・生地 > 生地・布,スエード(大) ピンク♪スエード生地シート　糊付き アルカンターラ調 桃135cm×1mスエードシートバックスキンルック曲面対応 カッティング可能シート状内装 インテリア ウォールクロス 革 レザー ステッカー シール,この商品は送料 全国一律600円 です(北海道/沖縄除く)同梱可能。,"<TR> <TD HEIGHT=6></TD> <TD HEIGHT=6></TD> <TD HEIGHT=6></TD> </TR><BR><CENTER><FONT COLOR=#CCBBAA SIZE=4><B></B></FONT><BR><BR><TABLE WIDTH=600 CELLSPACING=1 BORDER=0 CELLPADDING=1 BGCOLOR=#CCCCCC><TR><TD BGCOLOR=#FF7F50><TABLE WIDTH=100% CELLSPACING=2 BORDER=0 CELLPADDING=5><TR><TD ALIGN=left BGCOLOR=#FF7F50><FONT COLOR=#333333 SIZE=3><B>★★商品説明★★</B></FONT></TD></TR></TABLE><TABLE WIDTH=100% CELLSPACING=2 BORDER=0 CELLPADDING=0><TR><TD HEIGHT=2 BGCOLOR=#CCBBAA></TD></TR></TABLE><TABLE WIDTH=100% CELLSPACING=2 BORDER=0 CELLPADDING=5><TR><TD ALIGN=left BGCOLOR=#FFF8EE><FONT COLOR=#333333 SIZE=3>高級感のある肌触りの良いスエード調シートです。<BR>
キメ細かなリアルな起毛の質感！<BR>
<BR>
曲面への施工も可能。<BR>
愛車の内張り・ダッシュボード・コンソール<BR>
肘掛け・メーターパネル等に使用すれば<BR>
格段と高級感がアップします。<BR>
<BR>
その他、<BR>
インテリアとして様々な場所にご使用頂けます。<BR>
大きい場所、好きな場所へ施工可能。<BR>
シートの裏に糊が付いておりますので、<BR>
お取り付けも簡単に出来ます。<BR>
<BR>
只今、人気急上昇中のお勧めの逸品です。<BR>
<br>【カラー】<br>
商品名（商品タイトル）記載のカラーです。<br>
※全14種類ございます。<br>
ブラック/レッド/ホワイト/ブルー/グレー<br>パープル/ピンク/オレンジ/ベージュ/ワインレッド<br>マスタードイエロー/ネイビーブルー/ブラウン/グリーン<br><br>
<br>
【サイズ】 <br>
商品名（商品タイトル）記載のサイズです。<br>
※全３種類ございます（幅の変更は出来ません）<br>
・Ａ４サイズ　→　幅30cm×20cm  <br>
・小　　　　　→　幅65cm×50cm<br>
・大　　　　　→　幅135cm×100cm<br>
※大サイズに関しまして<br>
100cm以上をご希望の方は希望の長さ(ｍ)分ご購入下さい。<BR>
一度に10m以上ご購入に関しましては送料・代引き手数料<BR>当社が負担させて頂きます。<BR>30mまでであれば1ｍ毎に延長可能。<br>
延長をご希望の場合は、希望の長さ（m）分ご購入下さい。<br>
長さ5ｍ以上をご希望の方は在庫の有無をお電話にて<br>
ご確認下さいますようお願い申し上げます。<br><br><br>
<br>
※色/伸び/質感に関する質問が多々御座いますがモニター環境に<br>
よって色味が異なったり、感じ方に個人差がございますので<br>
不安な方はサンプルセットをご購入の上、実物をご確認頂いてから<br>商品をご購入下さいますようお願い申し上げます。<BR><br>【サンプルセット購入はコチラ】<BR><BR>
購入後の上記理由での返品はお受けできません。<br>
<br>
【注意事項】<br>
※貼り付け・車検に関するご質問はお答え致しかねます。<br>
※取り付け前に必ず商品確認を行ってください。<br>
切断・加工後の返品交換は一切お受け致しかねます。<br>
※1枚ずつ業務用切り売りでスタッフが丁寧にカットしておりますが<br>
一部に断面が歪んだり欠けしまう場合が御座います。<br>
※念の為、切り損じを1cm程度(A4サイズは5mm程度)踏まえてお考え下さい。
</FONT></TD></TR></TABLE></TD></TR></TABLE><BR><BR><BR><TABLE WIDTH=600 CELLSPACING=1 BORDER=0 CELLPADDING=1 BGCOLOR=#CCCCCC><TR><TD BGCOLOR=#FF7F50><TABLE WIDTH=100% CELLSPACING=2 BORDER=0 CELLPADDING=5><TR><TD ALIGN=left BGCOLOR=#FF7F50><FONT COLOR=#333333 SIZE=3><B>★★発送方法/送料★★</B></FONT></TD></TR></TABLE><TABLE WIDTH=100% CELLSPACING=2 BORDER=0 CELLPADDING=0><TR><TD HEIGHT=2 BGCOLOR=#CCBBAA></TD></TR></TABLE><TABLE WIDTH=100% CELLSPACING=2 BORDER=0 CELLPADDING=5><TR><TD ALIGN=left BGCOLOR=#FFF8EE><FONT COLOR=#333333 SIZE=3>商品名に【送料無料】の記載がある場合は、送料無料です。<BR>※北海道・沖縄・離島除く<BR><BR><FONT SIZE=5>【全国送料表】</FONT>をご確認下さいませ。<BR><BR>複数の商品を同梱可能です。<BR>※同梱をご希望の場合、必ず同じお買い物カゴ（カート）でご注文下さい。<BR>※別々のお買い物カゴで注文された場合は別々に梱包し発送致します。<BR>その為、送料・代引き手数料は発送個数分請求させて頂きます。<BR><BR>★発送に関する注意事項★<BR>---------------------------------------- <BR>当方指定宅急便ですので配送業者は選択できません。 <BR>時間指定は対応いたしておりません。<BR>発送連絡に記載の問い合わせ番号でご自身でご確認頂けます。<BR>離島は発送が一日遅れます。 <BR>----------------------------------------<BR>★商品代引★　　<BR>宅急便送料+別途手数料３７０円 <BR>休業日　商品ページ左バナーカレンダーに記載</FONT></TD></TR></TABLE></TD></TR></TABLE><BR><TABLE WIDTH=600 CELLSPACING=1 BORDER=0 CELLPADDING=1 BGCOLOR=#CCCCCC><TR><TD BGCOLOR=#FF7F50><TABLE WIDTH=100% CELLSPACING=2 BORDER=0 CELLPADDING=5><TR><TD ALIGN=left BGCOLOR=#FF7F50><FONT COLOR=#333333 SIZE=3><B>★★支払方法★</B></FONT></TD></TR></TABLE><TABLE WIDTH=100% CELLSPACING=2 BORDER=0 CELLPADDING=0><TR><TD HEIGHT=2 BGCOLOR=#CCBBAA></TD></TR></TABLE><TABLE WIDTH=100% CELLSPACING=2 BORDER=0 CELLPADDING=5><TR><TD ALIGN=left BGCOLOR=#FFF8EE><FONT COLOR=#333333 SIZE=3>●楽天銀行　振込<BR>●商品代引<BR>●クレジットカード決済<BR>●コンビニ決済（前払い）<BR>●楽天Edy決済<BR>●auかんたん決済<BR></FONT></TD></TR></TABLE></TD></TR></TABLE><BR><IMG SRC=http://image.rakuten.co.jp/auc-automax/cabinet/03561925/img63193783.gif WIDTH=600><BR><BR></CENTER><center><BR><BR><img src=http://image.rakuten.co.jp/auc-automax/cabinet/03619501/cuttingsheet-cate/imgrc0068742328.gif width=195 alt=A4> <img src=http://image.rakuten.co.jp/auc-automax/cabinet/03619501/cuttingsheet-cate/imgrc0068742325.gif width=195 alt=65x50> <img src=http://image.rakuten.co.jp/auc-automax/cabinet/03619501/cuttingsheet-cate/imgrc0068742326.gif width=195 alt=135x100><BR><br>

<img src=http://image.rakuten.co.jp/auc-automax/cabinet/03619501/cuttingsheet-cate/imgrc0068742261.jpg width=195 alt=黒> 
<img src=http://image.rakuten.co.jp/auc-automax/cabinet/03619501/cuttingsheet-cate/imgrc0068742260.jpg width=195 alt=肌> 
<img src=http://image.rakuten.co.jp/auc-automax/cabinet/03619501/cuttingsheet-cate/imgrc0068742262.jpg width=195 alt=青><BR>
<img src=http://image.rakuten.co.jp/auc-automax/cabinet/03619501/cuttingsheet-cate/imgrc0068742263.jpg width=195 alt=茶> 
<img src=http://image.rakuten.co.jp/auc-automax/cabinet/03619501/cuttingsheet-cate/imgrc0068742264.jpg width=195 alt=灰> 
<img src=http://image.rakuten.co.jp/auc-automax/cabinet/03619501/cuttingsheet-cate/imgrc0068742265.jpg width=195 alt=緑><BR>
<img src=http://image.rakuten.co.jp/auc-automax/cabinet/03619501/cuttingsheet-cate/imgrc0068742266.jpg width=195 alt=紺> 
<img src=http://image.rakuten.co.jp/auc-automax/cabinet/03619501/cuttingsheet-cate/imgrc0068742267.jpg width=195 alt=柿> 
<img src=http://image.rakuten.co.jp/auc-automax/cabinet/03619501/cuttingsheet-cate/imgrc0068742268.jpg width=195 alt=桃><BR>
<img src=http://image.rakuten.co.jp/auc-automax/cabinet/03619501/cuttingsheet-cate/imgrc0068742269.jpg width=195> 
<img src=http://image.rakuten.co.jp/auc-automax/cabinet/03619501/cuttingsheet-cate/imgrc0068742270.jpg width=195> 
<img src=http://image.rakuten.co.jp/auc-automax/cabinet/03619501/cuttingsheet-cate/imgrc0068742271.jpg width=195><BR>
<img src=http://image.rakuten.co.jp/auc-automax/cabinet/03619501/cuttingsheet-cate/imgrc0068742276.jpg width=195> 
<img src=http://image.rakuten.co.jp/auc-automax/cabinet/03619501/cuttingsheet-cate/imgrc0068742277.jpg width=195> </center><center>
<br>
<img SRC=http://image.rakuten.co.jp/auc-automax/cabinet/imgrc0067382276.gif width=670 height=400><BR>
<br>
<img SRC=http://image.rakuten.co.jp/auc-automax/cabinet/img60333004.gif width=670 height=120><BR>
<br>

<br></center>",スエード(大) ピンク♪スエード生地シート　糊付き アルカンターラ調 桃135cm&times;1mスエードシートバックスキンルック曲面対応 カッティング可能シート状内装 インテリア ウォールクロス 革 レザー ステッカー シール：AUTOMAX izumi,カッティングシートモニタースタンドアルカンターラ調スエード生地シート汎用パーツ自動車アクセサリーメッキモール送料無料ステッカーカー用品バイク用品ドレスアップラグジュアリー内装外装カット済みカーフィルム大阪通販激安格安施工スエード(大) ピンク♪スエード生地シート　糊付き アルカンターラ調 桃135cm&times;1mスエードシートバックスキンルック曲面対応 カッティング可能シート状内装 インテリア ウォールクロス 革 レザー ステッカー シール,この商品は送料 全国一律600円 です(北海道/沖縄除く)同梱可能。。スエード(大) ピンク♪スエード生地シート　糊付き アルカンターラ調 桃135cm&times;1mスエードシートバックスキンルック曲面対応 カッティング可能シート状内装 インテリア ウォールクロス 革 レザー ステッカー シール
1-27962,http://tshop.r10s.jp/auc-automax/cabinet/02420218/02420238/img58126749.jpg?fitin=700:700,1159.2000,,日用品雑貨・文房具・手芸 > 手芸・クラフト・生地 > 生地・布,スエード(小) 赤●スエード生地シート　糊付き アルカンターラ調 レッド65cm×50cmスエードシートバックスキンルック曲面対応 カッティング可能シート状内装 インテリア ウォールクロス 革 レザー ステッカー シール,この商品は送料 全国一律600円 です(北海道/沖縄除く)同梱可能。,"<TR> <TD HEIGHT=6></TD> <TD HEIGHT=6></TD> <TD HEIGHT=6></TD> </TR><BR><CENTER><FONT COLOR=#CCBBAA SIZE=4><B></B></FONT><BR><BR><TABLE WIDTH=600 CELLSPACING=1 BORDER=0 CELLPADDING=1 BGCOLOR=#CCCCCC><TR><TD BGCOLOR=#FF7F50><TABLE WIDTH=100% CELLSPACING=2 BORDER=0 CELLPADDING=5><TR><TD ALIGN=left BGCOLOR=#FF7F50><FONT COLOR=#333333 SIZE=3><B>★★商品説明★★</B></FONT></TD></TR></TABLE><TABLE WIDTH=100% CELLSPACING=2 BORDER=0 CELLPADDING=0><TR><TD HEIGHT=2 BGCOLOR=#CCBBAA></TD></TR></TABLE><TABLE WIDTH=100% CELLSPACING=2 BORDER=0 CELLPADDING=5><TR><TD ALIGN=left BGCOLOR=#FFF8EE><FONT COLOR=#333333 SIZE=3>高級感のある肌触りの良いスエード調シートです。<BR>
キメ細かなリアルな起毛の質感！<BR>
<BR>
曲面への施工も可能。<BR>
愛車の内張り・ダッシュボード・コンソール<BR>
肘掛け・メーターパネル等に使用すれば<BR>
格段と高級感がアップします。<BR>
<BR>
その他、<BR>
インテリアとして様々な場所にご使用頂けます。<BR>
大きい場所、好きな場所へ施工可能。<BR>
シートの裏に糊が付いておりますので、<BR>
お取り付けも簡単に出来ます。<BR>
<BR>
只今、人気急上昇中のお勧めの逸品です。<BR>
<br>【カラー】<br>
商品名（商品タイトル）記載のカラーです。<br>
※全14種類ございます。<br>
ブラック/レッド/ホワイト/ブルー/グレー<br>パープル/ピンク/オレンジ/ベージュ/ワインレッド<br>マスタードイエロー/ネイビーブルー/ブラウン/グリーン<br><br>
<br>
【サイズ】 <br>
商品名（商品タイトル）記載のサイズです。<br>
※全３種類ございます（幅の変更は出来ません）<br>
・Ａ４サイズ　→　幅30cm×20cm  <br>
・小　　　　　→　幅65cm×50cm<br>
・大　　　　　→　幅135cm×100cm<br>
※大サイズに関しまして<br>
100cm以上をご希望の方は希望の長さ(ｍ)分ご購入下さい。<BR>
一度に10m以上ご購入に関しましては送料・代引き手数料<BR>当社が負担させて頂きます。<BR>30mまでであれば1ｍ毎に延長可能。<br>
延長をご希望の場合は、希望の長さ（m）分ご購入下さい。<br>
長さ5ｍ以上をご希望の方は在庫の有無をお電話にて<br>
ご確認下さいますようお願い申し上げます。<br><br><br>
<br>
※色/伸び/質感に関する質問が多々御座いますがモニター環境に<br>
よって色味が異なったり、感じ方に個人差がございますので<br>
不安な方はサンプルセットをご購入の上、実物をご確認頂いてから<br>商品をご購入下さいますようお願い申し上げます。<BR><br>【サンプルセット購入はコチラ】<BR><BR>
購入後の上記理由での返品はお受けできません。<br>
<br>
【注意事項】<br>
※貼り付け・車検に関するご質問はお答え致しかねます。<br>
※取り付け前に必ず商品確認を行ってください。<br>
切断・加工後の返品交換は一切お受け致しかねます。<br>
※1枚ずつ業務用切り売りでスタッフが丁寧にカットしておりますが<br>
一部に断面が歪んだり欠けしまう場合が御座います。<br>
※念の為、切り損じを1cm程度(A4サイズは5mm程度)踏まえてお考え下さい。
</FONT></TD></TR></TABLE></TD></TR></TABLE><BR><BR><BR><TABLE WIDTH=600 CELLSPACING=1 BORDER=0 CELLPADDING=1 BGCOLOR=#CCCCCC><TR><TD BGCOLOR=#FF7F50><TABLE WIDTH=100% CELLSPACING=2 BORDER=0 CELLPADDING=5><TR><TD ALIGN=left BGCOLOR=#FF7F50><FONT COLOR=#333333 SIZE=3><B>★★発送方法/送料★★</B></FONT></TD></TR></TABLE><TABLE WIDTH=100% CELLSPACING=2 BORDER=0 CELLPADDING=0><TR><TD HEIGHT=2 BGCOLOR=#CCBBAA></TD></TR></TABLE><TABLE WIDTH=100% CELLSPACING=2 BORDER=0 CELLPADDING=5><TR><TD ALIGN=left BGCOLOR=#FFF8EE><FONT COLOR=#333333 SIZE=3>商品名に【送料無料】の記載がある場合は、送料無料です。<BR>※北海道・沖縄・離島除く<BR><BR><FONT SIZE=5>【全国送料表】</FONT>をご確認下さいませ。<BR><BR>複数の商品を同梱可能です。<BR>※同梱をご希望の場合、必ず同じお買い物カゴ（カート）でご注文下さい。<BR>※別々のお買い物カゴで注文された場合は別々に梱包し発送致します。<BR>その為、送料・代引き手数料は発送個数分請求させて頂きます。<BR><BR>★発送に関する注意事項★<BR>---------------------------------------- <BR>当方指定宅急便ですので配送業者は選択できません。 <BR>時間指定は対応いたしておりません。<BR>発送連絡に記載の問い合わせ番号でご自身でご確認頂けます。<BR>離島は発送が一日遅れます。 <BR>----------------------------------------<BR>★商品代引★　　<BR>宅急便送料+別途手数料３７０円 <BR>休業日　商品ページ左バナーカレンダーに記載</FONT></TD></TR></TABLE></TD></TR></TABLE><BR><TABLE WIDTH=600 CELLSPACING=1 BORDER=0 CELLPADDING=1 BGCOLOR=#CCCCCC><TR><TD BGCOLOR=#FF7F50><TABLE WIDTH=100% CELLSPACING=2 BORDER=0 CELLPADDING=5><TR><TD ALIGN=left BGCOLOR=#FF7F50><FONT COLOR=#333333 SIZE=3><B>★★支払方法★</B></FONT></TD></TR></TABLE><TABLE WIDTH=100% CELLSPACING=2 BORDER=0 CELLPADDING=0><TR><TD HEIGHT=2 BGCOLOR=#CCBBAA></TD></TR></TABLE><TABLE WIDTH=100% CELLSPACING=2 BORDER=0 CELLPADDING=5><TR><TD ALIGN=left BGCOLOR=#FFF8EE><FONT COLOR=#333333 SIZE=3>●楽天銀行　振込<BR>●商品代引<BR>●クレジットカード決済<BR>●コンビニ決済（前払い）<BR>●楽天Edy決済<BR>●auかんたん決済<BR></FONT></TD></TR></TABLE></TD></TR></TABLE><BR><IMG SRC=http://image.rakuten.co.jp/auc-automax/cabinet/03561925/img63193783.gif WIDTH=600><BR><BR></CENTER><center><BR><BR><img src=http://image.rakuten.co.jp/auc-automax/cabinet/03619501/cuttingsheet-cate/imgrc0068742328.gif width=195 alt=A4> <img src=http://image.rakuten.co.jp/auc-automax/cabinet/03619501/cuttingsheet-cate/imgrc0068742325.gif width=195 alt=65x50> <img src=http://image.rakuten.co.jp/auc-automax/cabinet/03619501/cuttingsheet-cate/imgrc0068742326.gif width=195 alt=135x100><BR><br>

<img src=http://image.rakuten.co.jp/auc-automax/cabinet/03619501/cuttingsheet-cate/imgrc0068742261.jpg width=195 alt=黒> 
<img src=http://image.rakuten.co.jp/auc-automax/cabinet/03619501/cuttingsheet-cate/imgrc0068742260.jpg width=195 alt=肌> 
<img src=http://image.rakuten.co.jp/auc-automax/cabinet/03619501/cuttingsheet-cate/imgrc0068742262.jpg width=195 alt=青><BR>
<img src=http://image.rakuten.co.jp/auc-automax/cabinet/03619501/cuttingsheet-cate/imgrc0068742263.jpg width=195 alt=茶> 
<img src=http://image.rakuten.co.jp/auc-automax/cabinet/03619501/cuttingsheet-cate/imgrc0068742264.jpg width=195 alt=灰> 
<img src=http://image.rakuten.co.jp/auc-automax/cabinet/03619501/cuttingsheet-cate/imgrc0068742265.jpg width=195 alt=緑><BR>
<img src=http://image.rakuten.co.jp/auc-automax/cabinet/03619501/cuttingsheet-cate/imgrc0068742266.jpg width=195 alt=紺> 
<img src=http://image.rakuten.co.jp/auc-automax/cabinet/03619501/cuttingsheet-cate/imgrc0068742267.jpg width=195 alt=柿> 
<img src=http://image.rakuten.co.jp/auc-automax/cabinet/03619501/cuttingsheet-cate/imgrc0068742268.jpg width=195 alt=桃><BR>
<img src=http://image.rakuten.co.jp/auc-automax/cabinet/03619501/cuttingsheet-cate/imgrc0068742269.jpg width=195> 
<img src=http://image.rakuten.co.jp/auc-automax/cabinet/03619501/cuttingsheet-cate/imgrc0068742270.jpg width=195> 
<img src=http://image.rakuten.co.jp/auc-automax/cabinet/03619501/cuttingsheet-cate/imgrc0068742271.jpg width=195><BR>
<img src=http://image.rakuten.co.jp/auc-automax/cabinet/03619501/cuttingsheet-cate/imgrc0068742276.jpg width=195> 
<img src=http://image.rakuten.co.jp/auc-automax/cabinet/03619501/cuttingsheet-cate/imgrc0068742277.jpg width=195> </center><center>
<br>
<img SRC=http://image.rakuten.co.jp/auc-automax/cabinet/imgrc0067382276.gif width=670 height=400><BR>
<br>
<img SRC=http://image.rakuten.co.jp/auc-automax/cabinet/img60333004.gif width=670 height=120><BR>
<br>

<br></center>",スエード(小) 赤●スエード生地シート　糊付き アルカンターラ調 レッド65cm&times;50cmスエードシートバックスキンルック曲面対応 カッティング可能シート状内装 インテリア ウォールクロス 革 レザー ステッカー シール：AUTOMAX izumi,カッティングシートモニタースタンドアルカンターラ調スエード生地シート汎用パーツ自動車アクセサリーメッキモール送料無料ステッカーカー用品バイク用品ドレスアップラグジュアリー内装外装カット済みカーフィルム大阪通販激安格安施工スエード(小) 赤●スエード生地シート　糊付き アルカンターラ調 レッド65cm&times;50cmスエードシートバックスキンルック曲面対応 カッティング可能シート状内装 インテリア ウォールクロス 革 レザー ステッカー シール,この商品は送料 全国一律600円 です(北海道/沖縄除く)同梱可能。。スエード(小) 赤●スエード生地シート　糊付き アルカンターラ調 レッド65cm&times;50cmスエードシートバックスキンルック曲面対応 カッティング可能シート状内装 インテリア ウォールクロス 革 レザー ステッカー シール
1-27963,http://tshop.r10s.jp/auc-automax/cabinet/02420218/02420238/img58126749.jpg?fitin=700:700,1159.2000,,日用品雑貨・文房具・手芸 > 手芸・クラフト・生地 > 生地・布,スエード(小) 赤●スエード生地シート　糊付き アルカンターラ調 レッド65cm×50cmスエードシートバックスキンルック曲面対応 カッティング可能シート状内装 インテリア ウォールクロス 革 レザー ステッカー シール,この商品は送料 全国一律600円 です(北海道/沖縄除く)同梱可能。,"<TR> <TD HEIGHT=6></TD> <TD HEIGHT=6></TD> <TD HEIGHT=6></TD> </TR><BR><CENTER><FONT COLOR=#CCBBAA SIZE=4><B></B></FONT><BR><BR><TABLE WIDTH=600 CELLSPACING=1 BORDER=0 CELLPADDING=1 BGCOLOR=#CCCCCC><TR><TD BGCOLOR=#FF7F50><TABLE WIDTH=100% CELLSPACING=2 BORDER=0 CELLPADDING=5><TR><TD ALIGN=left BGCOLOR=#FF7F50><FONT COLOR=#333333 SIZE=3><B>★★商品説明★★</B></FONT></TD></TR></TABLE><TABLE WIDTH=100% CELLSPACING=2 BORDER=0 CELLPADDING=0><TR><TD HEIGHT=2 BGCOLOR=#CCBBAA></TD></TR></TABLE><TABLE WIDTH=100% CELLSPACING=2 BORDER=0 CELLPADDING=5><TR><TD ALIGN=left BGCOLOR=#FFF8EE><FONT COLOR=#333333 SIZE=3>高級感のある肌触りの良いスエード調シートです。<BR>
キメ細かなリアルな起毛の質感！<BR>
<BR>
曲面への施工も可能。<BR>
愛車の内張り・ダッシュボード・コンソール<BR>
肘掛け・メーターパネル等に使用すれば<BR>
格段と高級感がアップします。<BR>
<BR>
その他、<BR>
インテリアとして様々な場所にご使用頂けます。<BR>
大きい場所、好きな場所へ施工可能。<BR>
シートの裏に糊が付いておりますので、<BR>
お取り付けも簡単に出来ます。<BR>
<BR>
只今、人気急上昇中のお勧めの逸品です。<BR>
<br>【カラー】<br>
商品名（商品タイトル）記載のカラーです。<br>
※全14種類ございます。<br>
ブラック/レッド/ホワイト/ブルー/グレー<br>パープル/ピンク/オレンジ/ベージュ/ワインレッド<br>マスタードイエロー/ネイビーブルー/ブラウン/グリーン<br><br>
<br>
【サイズ】 <br>
商品名（商品タイトル）記載のサイズです。<br>
※全３種類ございます（幅の変更は出来ません）<br>
・Ａ４サイズ　→　幅30cm×20cm  <br>
・小　　　　　→　幅65cm×50cm<br>
・大　　　　　→　幅135cm×100cm<br>
※大サイズに関しまして<br>
100cm以上をご希望の方は希望の長さ(ｍ)分ご購入下さい。<BR>
一度に10m以上ご購入に関しましては送料・代引き手数料<BR>当社が負担させて頂きます。<BR>30mまでであれば1ｍ毎に延長可能。<br>
延長をご希望の場合は、希望の長さ（m）分ご購入下さい。<br>
長さ5ｍ以上をご希望の方は在庫の有無をお電話にて<br>
ご確認下さいますようお願い申し上げます。<br><br><br>
<br>
※色/伸び/質感に関する質問が多々御座いますがモニター環境に<br>
よって色味が異なったり、感じ方に個人差がございますので<br>
不安な方はサンプルセットをご購入の上、実物をご確認頂いてから<br>商品をご購入下さいますようお願い申し上げます。<BR><br>【サンプルセット購入はコチラ】<BR><BR>
購入後の上記理由での返品はお受けできません。<br>
<br>
【注意事項】<br>
※貼り付け・車検に関するご質問はお答え致しかねます。<br>
※取り付け前に必ず商品確認を行ってください。<br>
切断・加工後の返品交換は一切お受け致しかねます。<br>
※1枚ずつ業務用切り売りでスタッフが丁寧にカットしておりますが<br>
一部に断面が歪んだり欠けしまう場合が御座います。<br>
※念の為、切り損じを1cm程度(A4サイズは5mm程度)踏まえてお考え下さい。
</FONT></TD></TR></TABLE></TD></TR></TABLE><BR><BR><BR><TABLE WIDTH=600 CELLSPACING=1 BORDER=0 CELLPADDING=1 BGCOLOR=#CCCCCC><TR><TD BGCOLOR=#FF7F50><TABLE WIDTH=100% CELLSPACING=2 BORDER=0 CELLPADDING=5><TR><TD ALIGN=left BGCOLOR=#FF7F50><FONT COLOR=#333333 SIZE=3><B>★★発送方法/送料★★</B></FONT></TD></TR></TABLE><TABLE WIDTH=100% CELLSPACING=2 BORDER=0 CELLPADDING=0><TR><TD HEIGHT=2 BGCOLOR=#CCBBAA></TD></TR></TABLE><TABLE WIDTH=100% CELLSPACING=2 BORDER=0 CELLPADDING=5><TR><TD ALIGN=left BGCOLOR=#FFF8EE><FONT COLOR=#333333 SIZE=3>商品名に【送料無料】の記載がある場合は、送料無料です。<BR>※北海道・沖縄・離島除く<BR><BR><FONT SIZE=5>【全国送料表】</FONT>をご確認下さいませ。<BR><BR>複数の商品を同梱可能です。<BR>※同梱をご希望の場合、必ず同じお買い物カゴ（カート）でご注文下さい。<BR>※別々のお買い物カゴで注文された場合は別々に梱包し発送致します。<BR>その為、送料・代引き手数料は発送個数分請求させて頂きます。<BR><BR>★発送に関する注意事項★<BR>---------------------------------------- <BR>当方指定宅急便ですので配送業者は選択できません。 <BR>時間指定は対応いたしておりません。<BR>発送連絡に記載の問い合わせ番号でご自身でご確認頂けます。<BR>離島は発送が一日遅れます。 <BR>----------------------------------------<BR>★商品代引★　　<BR>宅急便送料+別途手数料３７０円 <BR>休業日　商品ページ左バナーカレンダーに記載</FONT></TD></TR></TABLE></TD></TR></TABLE><BR><TABLE WIDTH=600 CELLSPACING=1 BORDER=0 CELLPADDING=1 BGCOLOR=#CCCCCC><TR><TD BGCOLOR=#FF7F50><TABLE WIDTH=100% CELLSPACING=2 BORDER=0 CELLPADDING=5><TR><TD ALIGN=left BGCOLOR=#FF7F50><FONT COLOR=#333333 SIZE=3><B>★★支払方法★</B></FONT></TD></TR></TABLE><TABLE WIDTH=100% CELLSPACING=2 BORDER=0 CELLPADDING=0><TR><TD HEIGHT=2 BGCOLOR=#CCBBAA></TD></TR></TABLE><TABLE WIDTH=100% CELLSPACING=2 BORDER=0 CELLPADDING=5><TR><TD ALIGN=left BGCOLOR=#FFF8EE><FONT COLOR=#333333 SIZE=3>●楽天銀行　振込<BR>●商品代引<BR>●クレジットカード決済<BR>●コンビニ決済（前払い）<BR>●楽天Edy決済<BR>●auかんたん決済<BR></FONT></TD></TR></TABLE></TD></TR></TABLE><BR><IMG SRC=http://image.rakuten.co.jp/auc-automax/cabinet/03561925/img63193783.gif WIDTH=600><BR><BR></CENTER><center><BR><BR><img src=http://image.rakuten.co.jp/auc-automax/cabinet/03619501/cuttingsheet-cate/imgrc0068742328.gif width=195 alt=A4> <img src=http://image.rakuten.co.jp/auc-automax/cabinet/03619501/cuttingsheet-cate/imgrc0068742325.gif width=195 alt=65x50> <img src=http://image.rakuten.co.jp/auc-automax/cabinet/03619501/cuttingsheet-cate/imgrc0068742326.gif width=195 alt=135x100><BR><br>

<img src=http://image.rakuten.co.jp/auc-automax/cabinet/03619501/cuttingsheet-cate/imgrc0068742261.jpg width=195 alt=黒> 
<img src=http://image.rakuten.co.jp/auc-automax/cabinet/03619501/cuttingsheet-cate/imgrc0068742260.jpg width=195 alt=肌> 
<img src=http://image.rakuten.co.jp/auc-automax/cabinet/03619501/cuttingsheet-cate/imgrc0068742262.jpg width=195 alt=青><BR>
<img src=http://image.rakuten.co.jp/auc-automax/cabinet/03619501/cuttingsheet-cate/imgrc0068742263.jpg width=195 alt=茶> 
<img src=http://image.rakuten.co.jp/auc-automax/cabinet/03619501/cuttingsheet-cate/imgrc0068742264.jpg width=195 alt=灰> 
<img src=http://image.rakuten.co.jp/auc-automax/cabinet/03619501/cuttingsheet-cate/imgrc0068742265.jpg width=195 alt=緑><BR>
<img src=http://image.rakuten.co.jp/auc-automax/cabinet/03619501/cuttingsheet-cate/imgrc0068742266.jpg width=195 alt=紺> 
<img src=http://image.rakuten.co.jp/auc-automax/cabinet/03619501/cuttingsheet-cate/imgrc0068742267.jpg width=195 alt=柿> 
<img src=http://image.rakuten.co.jp/auc-automax/cabinet/03619501/cuttingsheet-cate/imgrc0068742268.jpg width=195 alt=桃><BR>
<img src=http://image.rakuten.co.jp/auc-automax/cabinet/03619501/cuttingsheet-cate/imgrc0068742269.jpg width=195> 
<img src=http://image.rakuten.co.jp/auc-automax/cabinet/03619501/cuttingsheet-cate/imgrc0068742270.jpg width=195> 
<img src=http://image.rakuten.co.jp/auc-automax/cabinet/03619501/cuttingsheet-cate/imgrc0068742271.jpg width=195><BR>
<img src=http://image.rakuten.co.jp/auc-automax/cabinet/03619501/cuttingsheet-cate/imgrc0068742276.jpg width=195> 
<img src=http://image.rakuten.co.jp/auc-automax/cabinet/03619501/cuttingsheet-cate/imgrc0068742277.jpg width=195> </center><center>
<br>
<img SRC=http://image.rakuten.co.jp/auc-automax/cabinet/imgrc0067382276.gif width=670 height=400><BR>
<br>
<img SRC=http://image.rakuten.co.jp/auc-automax/cabinet/img60333004.gif width=670 height=120><BR>
<br>

<br></center>",スエード(小) 赤●スエード生地シート　糊付き アルカンターラ調 レッド65cm&times;50cmスエードシートバックスキンルック曲面対応 カッティング可能シート状内装 インテリア ウォールクロス 革 レザー ステッカー シール：AUTOMAX izumi,カッティングシートモニタースタンドアルカンターラ調スエード生地シート汎用パーツ自動車アクセサリーメッキモール送料無料ステッカーカー用品バイク用品ドレスアップラグジュアリー内装外装カット済みカーフィルム大阪通販激安格安施工スエード(小) 赤●スエード生地シート　糊付き アルカンターラ調 レッド65cm&times;50cmスエードシートバックスキンルック曲面対応 カッティング可能シート状内装 インテリア ウォールクロス 革 レザー ステッカー シール,この商品は送料 全国一律600円 です(北海道/沖縄除く)同梱可能。。スエード(小) 赤●スエード生地シート　糊付き アルカンターラ調 レッド65cm&times;50cmスエードシートバックスキンルック曲面対応 カッティング可能シート状内装 インテリア ウォールクロス 革 レザー ステッカー シール
1-27964,http://tshop.r10s.jp/auc-automax/cabinet/02420218/02420238/img58126746.jpg?fitin=700:700,1159.2000,,日用品雑貨・文房具・手芸 > 手芸・クラフト・生地 > 生地・布,スエード(小) 柿●スエード生地シート　糊付き アルカンターラ調 オレンジ65cm×50ｃｍスエードシートバックスキンルック曲面対応 カッティング可能シート状内装 インテリア ウォールクロス 革 レザー ステッカー シール,この商品は送料 全国一律600円 です(北海道/沖縄除く)同梱可能。,"<TR> <TD HEIGHT=6></TD> <TD HEIGHT=6></TD> <TD HEIGHT=6></TD> </TR><BR><CENTER><FONT COLOR=#CCBBAA SIZE=4><B></B></FONT><BR><BR><TABLE WIDTH=600 CELLSPACING=1 BORDER=0 CELLPADDING=1 BGCOLOR=#CCCCCC><TR><TD BGCOLOR=#FF7F50><TABLE WIDTH=100% CELLSPACING=2 BORDER=0 CELLPADDING=5><TR><TD ALIGN=left BGCOLOR=#FF7F50><FONT COLOR=#333333 SIZE=3><B>★★商品説明★★</B></FONT></TD></TR></TABLE><TABLE WIDTH=100% CELLSPACING=2 BORDER=0 CELLPADDING=0><TR><TD HEIGHT=2 BGCOLOR=#CCBBAA></TD></TR></TABLE><TABLE WIDTH=100% CELLSPACING=2 BORDER=0 CELLPADDING=5><TR><TD ALIGN=left BGCOLOR=#FFF8EE><FONT COLOR=#333333 SIZE=3>高級感のある肌触りの良いスエード調シートです。<BR>
キメ細かなリアルな起毛の質感！<BR>
<BR>
曲面への施工も可能。<BR>
愛車の内張り・ダッシュボード・コンソール<BR>
肘掛け・メーターパネル等に使用すれば<BR>
格段と高級感がアップします。<BR>
<BR>
その他、<BR>
インテリアとして様々な場所にご使用頂けます。<BR>
大きい場所、好きな場所へ施工可能。<BR>
シートの裏に糊が付いておりますので、<BR>
お取り付けも簡単に出来ます。<BR>
<BR>
只今、人気急上昇中のお勧めの逸品です。<BR>
<br>【カラー】<br>
商品名（商品タイトル）記載のカラーです。<br>
※全14種類ございます。<br>
ブラック/レッド/ホワイト/ブルー/グレー<br>パープル/ピンク/オレンジ/ベージュ/ワインレッド<br>マスタードイエロー/ネイビーブルー/ブラウン/グリーン<br><br>
<br>
【サイズ】 <br>
商品名（商品タイトル）記載のサイズです。<br>
※全３種類ございます（幅の変更は出来ません）<br>
・Ａ４サイズ　→　幅30cm×20cm  <br>
・小　　　　　→　幅65cm×50cm<br>
・大　　　　　→　幅135cm×100cm<br>
※大サイズに関しまして<br>
100cm以上をご希望の方は希望の長さ(ｍ)分ご購入下さい。<BR>
一度に10m以上ご購入に関しましては送料・代引き手数料<BR>当社が負担させて頂きます。<BR>30mまでであれば1ｍ毎に延長可能。<br>
延長をご希望の場合は、希望の長さ（m）分ご購入下さい。<br>
長さ5ｍ以上をご希望の方は在庫の有無をお電話にて<br>
ご確認下さいますようお願い申し上げます。<br><br><br>
<br>
※色/伸び/質感に関する質問が多々御座いますがモニター環境に<br>
よって色味が異なったり、感じ方に個人差がございますので<br>
不安な方はサンプルセットをご購入の上、実物をご確認頂いてから<br>商品をご購入下さいますようお願い申し上げます。<BR><br>【サンプルセット購入はコチラ】<BR><BR>
購入後の上記理由での返品はお受けできません。<br>
<br>
【注意事項】<br>
※貼り付け・車検に関するご質問はお答え致しかねます。<br>
※取り付け前に必ず商品確認を行ってください。<br>
切断・加工後の返品交換は一切お受け致しかねます。<br>
※1枚ずつ業務用切り売りでスタッフが丁寧にカットしておりますが<br>
一部に断面が歪んだり欠けしまう場合が御座います。<br>
※念の為、切り損じを1cm程度(A4サイズは5mm程度)踏まえてお考え下さい。
</FONT></TD></TR></TABLE></TD></TR></TABLE><BR><BR><BR><TABLE WIDTH=600 CELLSPACING=1 BORDER=0 CELLPADDING=1 BGCOLOR=#CCCCCC><TR><TD BGCOLOR=#FF7F50><TABLE WIDTH=100% CELLSPACING=2 BORDER=0 CELLPADDING=5><TR><TD ALIGN=left BGCOLOR=#FF7F50><FONT COLOR=#333333 SIZE=3><B>★★発送方法/送料★★</B></FONT></TD></TR></TABLE><TABLE WIDTH=100% CELLSPACING=2 BORDER=0 CELLPADDING=0><TR><TD HEIGHT=2 BGCOLOR=#CCBBAA></TD></TR></TABLE><TABLE WIDTH=100% CELLSPACING=2 BORDER=0 CELLPADDING=5><TR><TD ALIGN=left BGCOLOR=#FFF8EE><FONT COLOR=#333333 SIZE=3>商品名に【送料無料】の記載がある場合は、送料無料です。<BR>※北海道・沖縄・離島除く<BR><BR><FONT SIZE=5>【全国送料表】</FONT>をご確認下さいませ。<BR><BR>複数の商品を同梱可能です。<BR>※同梱をご希望の場合、必ず同じお買い物カゴ（カート）でご注文下さい。<BR>※別々のお買い物カゴで注文された場合は別々に梱包し発送致します。<BR>その為、送料・代引き手数料は発送個数分請求させて頂きます。<BR><BR>★発送に関する注意事項★<BR>---------------------------------------- <BR>当方指定宅急便ですので配送業者は選択できません。 <BR>時間指定は対応いたしておりません。<BR>発送連絡に記載の問い合わせ番号でご自身でご確認頂けます。<BR>離島は発送が一日遅れます。 <BR>----------------------------------------<BR>★商品代引★　　<BR>宅急便送料+別途手数料３７０円 <BR>休業日　商品ページ左バナーカレンダーに記載</FONT></TD></TR></TABLE></TD></TR></TABLE><BR><TABLE WIDTH=600 CELLSPACING=1 BORDER=0 CELLPADDING=1 BGCOLOR=#CCCCCC><TR><TD BGCOLOR=#FF7F50><TABLE WIDTH=100% CELLSPACING=2 BORDER=0 CELLPADDING=5><TR><TD ALIGN=left BGCOLOR=#FF7F50><FONT COLOR=#333333 SIZE=3><B>★★支払方法★</B></FONT></TD></TR></TABLE><TABLE WIDTH=100% CELLSPACING=2 BORDER=0 CELLPADDING=0><TR><TD HEIGHT=2 BGCOLOR=#CCBBAA></TD></TR></TABLE><TABLE WIDTH=100% CELLSPACING=2 BORDER=0 CELLPADDING=5><TR><TD ALIGN=left BGCOLOR=#FFF8EE><FONT COLOR=#333333 SIZE=3>●楽天銀行　振込<BR>●商品代引<BR>●クレジットカード決済<BR>●コンビニ決済（前払い）<BR>●楽天Edy決済<BR>●auかんたん決済<BR></FONT></TD></TR></TABLE></TD></TR></TABLE><BR><IMG SRC=http://image.rakuten.co.jp/auc-automax/cabinet/03561925/img63193783.gif WIDTH=600><BR><BR></CENTER><center><BR><BR><img src=http://image.rakuten.co.jp/auc-automax/cabinet/03619501/cuttingsheet-cate/imgrc0068742328.gif width=195 alt=A4> <img src=http://image.rakuten.co.jp/auc-automax/cabinet/03619501/cuttingsheet-cate/imgrc0068742325.gif width=195 alt=65x50> <img src=http://image.rakuten.co.jp/auc-automax/cabinet/03619501/cuttingsheet-cate/imgrc0068742326.gif width=195 alt=135x100><BR><br>

<img src=http://image.rakuten.co.jp/auc-automax/cabinet/03619501/cuttingsheet-cate/imgrc0068742261.jpg width=195 alt=黒> 
<img src=http://image.rakuten.co.jp/auc-automax/cabinet/03619501/cuttingsheet-cate/imgrc0068742260.jpg width=195 alt=肌> 
<img src=http://image.rakuten.co.jp/auc-automax/cabinet/03619501/cuttingsheet-cate/imgrc0068742262.jpg width=195 alt=青><BR>
<img src=http://image.rakuten.co.jp/auc-automax/cabinet/03619501/cuttingsheet-cate/imgrc0068742263.jpg width=195 alt=茶> 
<img src=http://image.rakuten.co.jp/auc-automax/cabinet/03619501/cuttingsheet-cate/imgrc0068742264.jpg width=195 alt=灰> 
<img src=http://image.rakuten.co.jp/auc-automax/cabinet/03619501/cuttingsheet-cate/imgrc0068742265.jpg width=195 alt=緑><BR>
<img src=http://image.rakuten.co.jp/auc-automax/cabinet/03619501/cuttingsheet-cate/imgrc0068742266.jpg width=195 alt=紺> 
<img src=http://image.rakuten.co.jp/auc-automax/cabinet/03619501/cuttingsheet-cate/imgrc0068742267.jpg width=195 alt=柿> 
<img src=http://image.rakuten.co.jp/auc-automax/cabinet/03619501/cuttingsheet-cate/imgrc0068742268.jpg width=195 alt=桃><BR>
<img src=http://image.rakuten.co.jp/auc-automax/cabinet/03619501/cuttingsheet-cate/imgrc0068742269.jpg width=195> 
<img src=http://image.rakuten.co.jp/auc-automax/cabinet/03619501/cuttingsheet-cate/imgrc0068742270.jpg width=195> 
<img src=http://image.rakuten.co.jp/auc-automax/cabinet/03619501/cuttingsheet-cate/imgrc0068742271.jpg width=195><BR>
<img src=http://image.rakuten.co.jp/auc-automax/cabinet/03619501/cuttingsheet-cate/imgrc0068742276.jpg width=195> 
<img src=http://image.rakuten.co.jp/auc-automax/cabinet/03619501/cuttingsheet-cate/imgrc0068742277.jpg width=195> </center><center>
<br>
<img SRC=http://image.rakuten.co.jp/auc-automax/cabinet/imgrc0067382276.gif width=670 height=400><BR>
<br>
<img SRC=http://image.rakuten.co.jp/auc-automax/cabinet/img60333004.gif width=670 height=120><BR>
<br>

<br></center>",スエード(小) 柿●スエード生地シート　糊付き アルカンターラ調 オレンジ65cm&times;50ｃｍスエードシートバックスキンルック曲面対応 カッティング可能シート状内装 インテリア ウォールクロス 革 レザー ステッカー シール：AUTOMAX izumi,カッティングシートモニタースタンドアルカンターラ調スエード生地シート汎用パーツ自動車アクセサリーメッキモール送料無料ステッカーカー用品バイク用品ドレスアップラグジュアリー内装外装カット済みカーフィルム大阪通販激安格安施工スエード(小) 柿●スエード生地シート　糊付き アルカンターラ調 オレンジ65cm&times;50ｃｍスエードシートバックスキンルック曲面対応 カッティング可能シート状内装 インテリア ウォールクロス 革 レザー ステッカー シール,この商品は送料 全国一律600円 です(北海道/沖縄除く)同梱可能。。スエード(小) 柿●スエード生地シート　糊付き アルカンターラ調 オレンジ65cm&times;50ｃｍスエードシートバックスキンルック曲面対応 カッティング可能シート状内装 インテリア ウォールクロス 革 レザー ステッカー シール
1-27965,http://tshop.r10s.jp/auc-automax/cabinet/02420218/02420238/img58459662.jpg?fitin=700:700,1159.2000,,日用品雑貨・文房具・手芸 > 手芸・クラフト・生地 > 生地・布,スエード(小) ベージュ●スエード生地シート　糊付き アルカンターラ調 肌色65cm×50ｃｍスエードシートバックスキンルック曲面対応 カッティング可能シート状内装 インテリア ウォールクロス 革 レザー ステッカー シール,この商品は送料 全国一律600円 です(北海道/沖縄除く)同梱可能。,"<TR> <TD HEIGHT=6></TD> <TD HEIGHT=6></TD> <TD HEIGHT=6></TD> </TR><BR><CENTER><FONT COLOR=#CCBBAA SIZE=4><B></B></FONT><BR><BR><TABLE WIDTH=600 CELLSPACING=1 BORDER=0 CELLPADDING=1 BGCOLOR=#CCCCCC><TR><TD BGCOLOR=#FF7F50><TABLE WIDTH=100% CELLSPACING=2 BORDER=0 CELLPADDING=5><TR><TD ALIGN=left BGCOLOR=#FF7F50><FONT COLOR=#333333 SIZE=3><B>★★商品説明★★</B></FONT></TD></TR></TABLE><TABLE WIDTH=100% CELLSPACING=2 BORDER=0 CELLPADDING=0><TR><TD HEIGHT=2 BGCOLOR=#CCBBAA></TD></TR></TABLE><TABLE WIDTH=100% CELLSPACING=2 BORDER=0 CELLPADDING=5><TR><TD ALIGN=left BGCOLOR=#FFF8EE><FONT COLOR=#333333 SIZE=3>高級感のある肌触りの良いスエード調シートです。<BR>
キメ細かなリアルな起毛の質感！<BR>
<BR>
曲面への施工も可能。<BR>
愛車の内張り・ダッシュボード・コンソール<BR>
肘掛け・メーターパネル等に使用すれば<BR>
格段と高級感がアップします。<BR>
<BR>
その他、<BR>
インテリアとして様々な場所にご使用頂けます。<BR>
大きい場所、好きな場所へ施工可能。<BR>
シートの裏に糊が付いておりますので、<BR>
お取り付けも簡単に出来ます。<BR>
<BR>
只今、人気急上昇中のお勧めの逸品です。<BR>
<br>【カラー】<br>
商品名（商品タイトル）記載のカラーです。<br>
※全14種類ございます。<br>
ブラック/レッド/ホワイト/ブルー/グレー<br>パープル/ピンク/オレンジ/ベージュ/ワインレッド<br>マスタードイエロー/ネイビーブルー/ブラウン/グリーン<br><br>
<br>
【サイズ】 <br>
商品名（商品タイトル）記載のサイズです。<br>
※全３種類ございます（幅の変更は出来ません）<br>
・Ａ４サイズ　→　幅30cm×20cm  <br>
・小　　　　　→　幅65cm×50cm<br>
・大　　　　　→　幅135cm×100cm<br>
※大サイズに関しまして<br>
100cm以上をご希望の方は希望の長さ(ｍ)分ご購入下さい。<BR>
一度に10m以上ご購入に関しましては送料・代引き手数料<BR>当社が負担させて頂きます。<BR>30mまでであれば1ｍ毎に延長可能。<br>
延長をご希望の場合は、希望の長さ（m）分ご購入下さい。<br>
長さ5ｍ以上をご希望の方は在庫の有無をお電話にて<br>
ご確認下さいますようお願い申し上げます。<br><br><br>
<br>
※色/伸び/質感に関する質問が多々御座いますがモニター環境に<br>
よって色味が異なったり、感じ方に個人差がございますので<br>
不安な方はサンプルセットをご購入の上、実物をご確認頂いてから<br>商品をご購入下さいますようお願い申し上げます。<BR><br>【サンプルセット購入はコチラ】<BR><BR>
購入後の上記理由での返品はお受けできません。<br>
<br>
【注意事項】<br>
※貼り付け・車検に関するご質問はお答え致しかねます。<br>
※取り付け前に必ず商品確認を行ってください。<br>
切断・加工後の返品交換は一切お受け致しかねます。<br>
※1枚ずつ業務用切り売りでスタッフが丁寧にカットしておりますが<br>
一部に断面が歪んだり欠けしまう場合が御座います。<br>
※念の為、切り損じを1cm程度(A4サイズは5mm程度)踏まえてお考え下さい。
</FONT></TD></TR></TABLE></TD></TR></TABLE><BR><BR><BR><TABLE WIDTH=600 CELLSPACING=1 BORDER=0 CELLPADDING=1 BGCOLOR=#CCCCCC><TR><TD BGCOLOR=#FF7F50><TABLE WIDTH=100% CELLSPACING=2 BORDER=0 CELLPADDING=5><TR><TD ALIGN=left BGCOLOR=#FF7F50><FONT COLOR=#333333 SIZE=3><B>★★発送方法/送料★★</B></FONT></TD></TR></TABLE><TABLE WIDTH=100% CELLSPACING=2 BORDER=0 CELLPADDING=0><TR><TD HEIGHT=2 BGCOLOR=#CCBBAA></TD></TR></TABLE><TABLE WIDTH=100% CELLSPACING=2 BORDER=0 CELLPADDING=5><TR><TD ALIGN=left BGCOLOR=#FFF8EE><FONT COLOR=#333333 SIZE=3>商品名に【送料無料】の記載がある場合は、送料無料です。<BR>※北海道・沖縄・離島除く<BR><BR><FONT SIZE=5>【全国送料表】</FONT>をご確認下さいませ。<BR><BR>複数の商品を同梱可能です。<BR>※同梱をご希望の場合、必ず同じお買い物カゴ（カート）でご注文下さい。<BR>※別々のお買い物カゴで注文された場合は別々に梱包し発送致します。<BR>その為、送料・代引き手数料は発送個数分請求させて頂きます。<BR><BR>★発送に関する注意事項★<BR>---------------------------------------- <BR>当方指定宅急便ですので配送業者は選択できません。 <BR>時間指定は対応いたしておりません。<BR>発送連絡に記載の問い合わせ番号でご自身でご確認頂けます。<BR>離島は発送が一日遅れます。 <BR>----------------------------------------<BR>★商品代引★　　<BR>宅急便送料+別途手数料３７０円 <BR>休業日　商品ページ左バナーカレンダーに記載</FONT></TD></TR></TABLE></TD></TR></TABLE><BR><TABLE WIDTH=600 CELLSPACING=1 BORDER=0 CELLPADDING=1 BGCOLOR=#CCCCCC><TR><TD BGCOLOR=#FF7F50><TABLE WIDTH=100% CELLSPACING=2 BORDER=0 CELLPADDING=5><TR><TD ALIGN=left BGCOLOR=#FF7F50><FONT COLOR=#333333 SIZE=3><B>★★支払方法★</B></FONT></TD></TR></TABLE><TABLE WIDTH=100% CELLSPACING=2 BORDER=0 CELLPADDING=0><TR><TD HEIGHT=2 BGCOLOR=#CCBBAA></TD></TR></TABLE><TABLE WIDTH=100% CELLSPACING=2 BORDER=0 CELLPADDING=5><TR><TD ALIGN=left BGCOLOR=#FFF8EE><FONT COLOR=#333333 SIZE=3>●楽天銀行　振込<BR>●商品代引<BR>●クレジットカード決済<BR>●コンビニ決済（前払い）<BR>●楽天Edy決済<BR>●auかんたん決済<BR></FONT></TD></TR></TABLE></TD></TR></TABLE><BR><IMG SRC=http://image.rakuten.co.jp/auc-automax/cabinet/03561925/img63193783.gif WIDTH=600><BR><BR></CENTER><center><BR><BR><img src=http://image.rakuten.co.jp/auc-automax/cabinet/03619501/cuttingsheet-cate/imgrc0068742328.gif width=195 alt=A4> <img src=http://image.rakuten.co.jp/auc-automax/cabinet/03619501/cuttingsheet-cate/imgrc0068742325.gif width=195 alt=65x50> <img src=http://image.rakuten.co.jp/auc-automax/cabinet/03619501/cuttingsheet-cate/imgrc0068742326.gif width=195 alt=135x100><BR><br>

<img src=http://image.rakuten.co.jp/auc-automax/cabinet/03619501/cuttingsheet-cate/imgrc0068742261.jpg width=195 alt=黒> 
<img src=http://image.rakuten.co.jp/auc-automax/cabinet/03619501/cuttingsheet-cate/imgrc0068742260.jpg width=195 alt=肌> 
<img src=http://image.rakuten.co.jp/auc-automax/cabinet/03619501/cuttingsheet-cate/imgrc0068742262.jpg width=195 alt=青><BR>
<img src=http://image.rakuten.co.jp/auc-automax/cabinet/03619501/cuttingsheet-cate/imgrc0068742263.jpg width=195 alt=茶> 
<img src=http://image.rakuten.co.jp/auc-automax/cabinet/03619501/cuttingsheet-cate/imgrc0068742264.jpg width=195 alt=灰> 
<img src=http://image.rakuten.co.jp/auc-automax/cabinet/03619501/cuttingsheet-cate/imgrc0068742265.jpg width=195 alt=緑><BR>
<img src=http://image.rakuten.co.jp/auc-automax/cabinet/03619501/cuttingsheet-cate/imgrc0068742266.jpg width=195 alt=紺> 
<img src=http://image.rakuten.co.jp/auc-automax/cabinet/03619501/cuttingsheet-cate/imgrc0068742267.jpg width=195 alt=柿> 
<img src=http://image.rakuten.co.jp/auc-automax/cabinet/03619501/cuttingsheet-cate/imgrc0068742268.jpg width=195 alt=桃><BR>
<img src=http://image.rakuten.co.jp/auc-automax/cabinet/03619501/cuttingsheet-cate/imgrc0068742269.jpg width=195> 
<img src=http://image.rakuten.co.jp/auc-automax/cabinet/03619501/cuttingsheet-cate/imgrc0068742270.jpg width=195> 
<img src=http://image.rakuten.co.jp/auc-automax/cabinet/03619501/cuttingsheet-cate/imgrc0068742271.jpg width=195><BR>
<img src=http://image.rakuten.co.jp/auc-automax/cabinet/03619501/cuttingsheet-cate/imgrc0068742276.jpg width=195> 
<img src=http://image.rakuten.co.jp/auc-automax/cabinet/03619501/cuttingsheet-cate/imgrc0068742277.jpg width=195> </center><center>
<br>
<img SRC=http://image.rakuten.co.jp/auc-automax/cabinet/imgrc0067382276.gif width=670 height=400><BR>
<br>
<img SRC=http://image.rakuten.co.jp/auc-automax/cabinet/img60333004.gif width=670 height=120><BR>
<br>

<br></center>",スエード(小) ベージュ●スエード生地シート　糊付き アルカンターラ調 肌色65cm&times;50ｃｍスエードシートバックスキンルック曲面対応 カッティング可能シート状内装 インテリア ウォールクロス 革 レザー ステッカー シール：AUTOMAX izumi,カッティングシートモニタースタンドアルカンターラ調スエード生地シート汎用パーツ自動車アクセサリーメッキモール送料無料ステッカーカー用品バイク用品ドレスアップラグジュアリー内装外装カット済みカーフィルム大阪通販激安格安施工スエード(小) ベージュ●スエード生地シート　糊付き アルカンターラ調 肌色65cm&times;50ｃｍスエードシートバックスキンルック曲面対応 カッティング可能シート状内装 インテリア ウォールクロス 革 レザー ステッカー シール,この商品は送料 全国一律600円 です(北海道/沖縄除く)同梱可能。。スエード(小) ベージュ●スエード生地シート　糊付き アルカンターラ調 肌色65cm&times;50ｃｍスエードシートバックスキンルック曲面対応 カッティング可能シート状内装 インテリア ウォールクロス 革 レザー ステッカー シール
1-27966,http://tshop.r10s.jp/auc-automax/cabinet/02420218/02420238/img65440447.jpg?fitin=700:700,1159.2000,,日用品雑貨・文房具・手芸 > 手芸・クラフト・生地 > 生地・布,スエード(小) 緑●スエード生地シート　糊付き アルカンターラ調 グリーン65cm×50cmスエードシートバックスキンルック曲面対応 カッティング可能シート状内装 インテリア ウォールクロス 革 レザー ステッカー,この商品は送料 全国一律600円 です(北海道/沖縄除く)同梱可能。,"<TR> <TD HEIGHT=6></TD> <TD HEIGHT=6></TD> <TD HEIGHT=6></TD> </TR><BR><CENTER><FONT COLOR=#CCBBAA SIZE=4><B></B></FONT><BR><BR><TABLE WIDTH=600 CELLSPACING=1 BORDER=0 CELLPADDING=1 BGCOLOR=#CCCCCC><TR><TD BGCOLOR=#FF7F50><TABLE WIDTH=100% CELLSPACING=2 BORDER=0 CELLPADDING=5><TR><TD ALIGN=left BGCOLOR=#FF7F50><FONT COLOR=#333333 SIZE=3><B>★★商品説明★★</B></FONT></TD></TR></TABLE><TABLE WIDTH=100% CELLSPACING=2 BORDER=0 CELLPADDING=0><TR><TD HEIGHT=2 BGCOLOR=#CCBBAA></TD></TR></TABLE><TABLE WIDTH=100% CELLSPACING=2 BORDER=0 CELLPADDING=5><TR><TD ALIGN=left BGCOLOR=#FFF8EE><FONT COLOR=#333333 SIZE=3>高級感のある肌触りの良いスエード調シートです。<BR>
キメ細かなリアルな起毛の質感！<BR>
<BR>
曲面への施工も可能。<BR>
愛車の内張り・ダッシュボード・コンソール<BR>
肘掛け・メーターパネル等に使用すれば<BR>
格段と高級感がアップします。<BR>
<BR>
その他、<BR>
インテリアとして様々な場所にご使用頂けます。<BR>
大きい場所、好きな場所へ施工可能。<BR>
シートの裏に糊が付いておりますので、<BR>
お取り付けも簡単に出来ます。<BR>
<BR>
只今、人気急上昇中のお勧めの逸品です。<BR>
<br>【カラー】<br>
商品名（商品タイトル）記載のカラーです。<br>
※全14種類ございます。<br>
ブラック/レッド/ホワイト/ブルー/グレー<br>パープル/ピンク/オレンジ/ベージュ/ワインレッド<br>マスタードイエロー/ネイビーブルー/ブラウン/グリーン<br><br>
<br>
【サイズ】 <br>
商品名（商品タイトル）記載のサイズです。<br>
※全３種類ございます（幅の変更は出来ません）<br>
・Ａ４サイズ　→　幅30cm×20cm  <br>
・小　　　　　→　幅65cm×50cm<br>
・大　　　　　→　幅135cm×100cm<br>
※大サイズに関しまして<br>
100cm以上をご希望の方は希望の長さ(ｍ)分ご購入下さい。<BR>
一度に10m以上ご購入に関しましては送料・代引き手数料<BR>当社が負担させて頂きます。<BR>30mまでであれば1ｍ毎に延長可能。<br>
延長をご希望の場合は、希望の長さ（m）分ご購入下さい。<br>
長さ5ｍ以上をご希望の方は在庫の有無をお電話にて<br>
ご確認下さいますようお願い申し上げます。<br><br><br>
<br>
※色/伸び/質感に関する質問が多々御座いますがモニター環境に<br>
よって色味が異なったり、感じ方に個人差がございますので<br>
不安な方はサンプルセットをご購入の上、実物をご確認頂いてから<br>商品をご購入下さいますようお願い申し上げます。<BR><br>【サンプルセット購入はコチラ】<BR><BR>
購入後の上記理由での返品はお受けできません。<br>
<br>
【注意事項】<br>
※貼り付け・車検に関するご質問はお答え致しかねます。<br>
※取り付け前に必ず商品確認を行ってください。<br>
切断・加工後の返品交換は一切お受け致しかねます。<br>
※1枚ずつ業務用切り売りでスタッフが丁寧にカットしておりますが<br>
一部に断面が歪んだり欠けしまう場合が御座います。<br>
※念の為、切り損じを1cm程度(A4サイズは5mm程度)踏まえてお考え下さい。
</FONT></TD></TR></TABLE></TD></TR></TABLE><BR><BR><BR><TABLE WIDTH=600 CELLSPACING=1 BORDER=0 CELLPADDING=1 BGCOLOR=#CCCCCC><TR><TD BGCOLOR=#FF7F50><TABLE WIDTH=100% CELLSPACING=2 BORDER=0 CELLPADDING=5><TR><TD ALIGN=left BGCOLOR=#FF7F50><FONT COLOR=#333333 SIZE=3><B>★★発送方法/送料★★</B></FONT></TD></TR></TABLE><TABLE WIDTH=100% CELLSPACING=2 BORDER=0 CELLPADDING=0><TR><TD HEIGHT=2 BGCOLOR=#CCBBAA></TD></TR></TABLE><TABLE WIDTH=100% CELLSPACING=2 BORDER=0 CELLPADDING=5><TR><TD ALIGN=left BGCOLOR=#FFF8EE><FONT COLOR=#333333 SIZE=3>商品名に【送料無料】の記載がある場合は、送料無料です。<BR>※北海道・沖縄・離島除く<BR><BR><FONT SIZE=5>【全国送料表】</FONT>をご確認下さいませ。<BR><BR>複数の商品を同梱可能です。<BR>※同梱をご希望の場合、必ず同じお買い物カゴ（カート）でご注文下さい。<BR>※別々のお買い物カゴで注文された場合は別々に梱包し発送致します。<BR>その為、送料・代引き手数料は発送個数分請求させて頂きます。<BR><BR>★発送に関する注意事項★<BR>---------------------------------------- <BR>当方指定宅急便ですので配送業者は選択できません。 <BR>時間指定は対応いたしておりません。<BR>発送連絡に記載の問い合わせ番号でご自身でご確認頂けます。<BR>離島は発送が一日遅れます。 <BR>----------------------------------------<BR>★商品代引★　　<BR>宅急便送料+別途手数料３７０円 <BR>休業日　商品ページ左バナーカレンダーに記載</FONT></TD></TR></TABLE></TD></TR></TABLE><BR><TABLE WIDTH=600 CELLSPACING=1 BORDER=0 CELLPADDING=1 BGCOLOR=#CCCCCC><TR><TD BGCOLOR=#FF7F50><TABLE WIDTH=100% CELLSPACING=2 BORDER=0 CELLPADDING=5><TR><TD ALIGN=left BGCOLOR=#FF7F50><FONT COLOR=#333333 SIZE=3><B>★★支払方法★</B></FONT></TD></TR></TABLE><TABLE WIDTH=100% CELLSPACING=2 BORDER=0 CELLPADDING=0><TR><TD HEIGHT=2 BGCOLOR=#CCBBAA></TD></TR></TABLE><TABLE WIDTH=100% CELLSPACING=2 BORDER=0 CELLPADDING=5><TR><TD ALIGN=left BGCOLOR=#FFF8EE><FONT COLOR=#333333 SIZE=3>●楽天銀行　振込<BR>●商品代引<BR>●クレジットカード決済<BR>●コンビニ決済（前払い）<BR>●楽天Edy決済<BR>●auかんたん決済<BR></FONT></TD></TR></TABLE></TD></TR></TABLE><BR><IMG SRC=http://image.rakuten.co.jp/auc-automax/cabinet/03561925/img63193783.gif WIDTH=600><BR><BR></CENTER><center><BR><BR><img src=http://image.rakuten.co.jp/auc-automax/cabinet/03619501/cuttingsheet-cate/imgrc0068742328.gif width=195 alt=A4> <img src=http://image.rakuten.co.jp/auc-automax/cabinet/03619501/cuttingsheet-cate/imgrc0068742325.gif width=195 alt=65x50> <img src=http://image.rakuten.co.jp/auc-automax/cabinet/03619501/cuttingsheet-cate/imgrc0068742326.gif width=195 alt=135x100><BR><br>

<img src=http://image.rakuten.co.jp/auc-automax/cabinet/03619501/cuttingsheet-cate/imgrc0068742261.jpg width=195 alt=黒> 
<img src=http://image.rakuten.co.jp/auc-automax/cabinet/03619501/cuttingsheet-cate/imgrc0068742260.jpg width=195 alt=肌> 
<img src=http://image.rakuten.co.jp/auc-automax/cabinet/03619501/cuttingsheet-cate/imgrc0068742262.jpg width=195 alt=青><BR>
<img src=http://image.rakuten.co.jp/auc-automax/cabinet/03619501/cuttingsheet-cate/imgrc0068742263.jpg width=195 alt=茶> 
<img src=http://image.rakuten.co.jp/auc-automax/cabinet/03619501/cuttingsheet-cate/imgrc0068742264.jpg width=195 alt=灰> 
<img src=http://image.rakuten.co.jp/auc-automax/cabinet/03619501/cuttingsheet-cate/imgrc0068742265.jpg width=195 alt=緑><BR>
<img src=http://image.rakuten.co.jp/auc-automax/cabinet/03619501/cuttingsheet-cate/imgrc0068742266.jpg width=195 alt=紺> 
<img src=http://image.rakuten.co.jp/auc-automax/cabinet/03619501/cuttingsheet-cate/imgrc0068742267.jpg width=195 alt=柿> 
<img src=http://image.rakuten.co.jp/auc-automax/cabinet/03619501/cuttingsheet-cate/imgrc0068742268.jpg width=195 alt=桃><BR>
<img src=http://image.rakuten.co.jp/auc-automax/cabinet/03619501/cuttingsheet-cate/imgrc0068742269.jpg width=195> 
<img src=http://image.rakuten.co.jp/auc-automax/cabinet/03619501/cuttingsheet-cate/imgrc0068742270.jpg width=195> 
<img src=http://image.rakuten.co.jp/auc-automax/cabinet/03619501/cuttingsheet-cate/imgrc0068742271.jpg width=195><BR>
<img src=http://image.rakuten.co.jp/auc-automax/cabinet/03619501/cuttingsheet-cate/imgrc0068742276.jpg width=195> 
<img src=http://image.rakuten.co.jp/auc-automax/cabinet/03619501/cuttingsheet-cate/imgrc0068742277.jpg width=195> </center><center>
<br>
<img SRC=http://image.rakuten.co.jp/auc-automax/cabinet/imgrc0067382276.gif width=670 height=400><BR>
<br>
<img SRC=http://image.rakuten.co.jp/auc-automax/cabinet/img60333004.gif width=670 height=120><BR>
<br>

<br></center>",スエード(小) 緑●スエード生地シート　糊付き アルカンターラ調 グリーン65cm&times;50cmスエードシートバックスキンルック曲面対応 カッティング可能シート状内装 インテリア ウォールクロス 革 レザー ステッカー：AUTOMAX izumi,カッティングシートモニタースタンドアルカンターラ調スエード生地シート汎用パーツ自動車アクセサリーメッキモール送料無料ステッカーカー用品バイク用品ドレスアップラグジュアリー内装外装カット済みカーフィルム大阪通販激安格安施工スエード(小) 緑●スエード生地シート　糊付き アルカンターラ調 グリーン65cm&times;50cmスエードシートバックスキンルック曲面対応 カッティング可能シート状内装 インテリア ウォールクロス 革 レザー ステッカー,この商品は送料 全国一律600円 です(北海道/沖縄除く)同梱可能。。スエード(小) 緑●スエード生地シート　糊付き アルカンターラ調 グリーン65cm&times;50cmスエードシートバックスキンルック曲面対応 カッティング可能シート状内装 インテリア ウォールクロス 革 レザー ステッカー
1-27967,http://tshop.r10s.jp/auc-automax/cabinet/02420218/02420238/img65440452.jpg?fitin=700:700,1159.2000,,日用品雑貨・文房具・手芸 > 手芸・クラフト・生地 > 生地・布,スエード(小) 紺●スエード生地シート　糊付き アルカンターラ調 ネイビーブルー65cm×50cmスエードシートバックスキンルック曲面対応 カッティング可能シート状内装 インテリア ウォールクロス 革 レザー ステッカー,この商品は送料 全国一律600円 です(北海道/沖縄除く)同梱可能。,"<TR> <TD HEIGHT=6></TD> <TD HEIGHT=6></TD> <TD HEIGHT=6></TD> </TR><BR><CENTER><FONT COLOR=#CCBBAA SIZE=4><B></B></FONT><BR><BR><TABLE WIDTH=600 CELLSPACING=1 BORDER=0 CELLPADDING=1 BGCOLOR=#CCCCCC><TR><TD BGCOLOR=#FF7F50><TABLE WIDTH=100% CELLSPACING=2 BORDER=0 CELLPADDING=5><TR><TD ALIGN=left BGCOLOR=#FF7F50><FONT COLOR=#333333 SIZE=3><B>★★商品説明★★</B></FONT></TD></TR></TABLE><TABLE WIDTH=100% CELLSPACING=2 BORDER=0 CELLPADDING=0><TR><TD HEIGHT=2 BGCOLOR=#CCBBAA></TD></TR></TABLE><TABLE WIDTH=100% CELLSPACING=2 BORDER=0 CELLPADDING=5><TR><TD ALIGN=left BGCOLOR=#FFF8EE><FONT COLOR=#333333 SIZE=3>高級感のある肌触りの良いスエード調シートです。<BR>
キメ細かなリアルな起毛の質感！<BR>
<BR>
曲面への施工も可能。<BR>
愛車の内張り・ダッシュボード・コンソール<BR>
肘掛け・メーターパネル等に使用すれば<BR>
格段と高級感がアップします。<BR>
<BR>
その他、<BR>
インテリアとして様々な場所にご使用頂けます。<BR>
大きい場所、好きな場所へ施工可能。<BR>
シートの裏に糊が付いておりますので、<BR>
お取り付けも簡単に出来ます。<BR>
<BR>
只今、人気急上昇中のお勧めの逸品です。<BR>
<br>【カラー】<br>
商品名（商品タイトル）記載のカラーです。<br>
※全14種類ございます。<br>
ブラック/レッド/ホワイト/ブルー/グレー<br>パープル/ピンク/オレンジ/ベージュ/ワインレッド<br>マスタードイエロー/ネイビーブルー/ブラウン/グリーン<br><br>
<br>
【サイズ】 <br>
商品名（商品タイトル）記載のサイズです。<br>
※全３種類ございます（幅の変更は出来ません）<br>
・Ａ４サイズ　→　幅30cm×20cm  <br>
・小　　　　　→　幅65cm×50cm<br>
・大　　　　　→　幅135cm×100cm<br>
※大サイズに関しまして<br>
100cm以上をご希望の方は希望の長さ(ｍ)分ご購入下さい。<BR>
一度に10m以上ご購入に関しましては送料・代引き手数料<BR>当社が負担させて頂きます。<BR>30mまでであれば1ｍ毎に延長可能。<br>
延長をご希望の場合は、希望の長さ（m）分ご購入下さい。<br>
長さ5ｍ以上をご希望の方は在庫の有無をお電話にて<br>
ご確認下さいますようお願い申し上げます。<br><br><br>
<br>
※色/伸び/質感に関する質問が多々御座いますがモニター環境に<br>
よって色味が異なったり、感じ方に個人差がございますので<br>
不安な方はサンプルセットをご購入の上、実物をご確認頂いてから<br>商品をご購入下さいますようお願い申し上げます。<BR><br>【サンプルセット購入はコチラ】<BR><BR>
購入後の上記理由での返品はお受けできません。<br>
<br>
【注意事項】<br>
※貼り付け・車検に関するご質問はお答え致しかねます。<br>
※取り付け前に必ず商品確認を行ってください。<br>
切断・加工後の返品交換は一切お受け致しかねます。<br>
※1枚ずつ業務用切り売りでスタッフが丁寧にカットしておりますが<br>
一部に断面が歪んだり欠けしまう場合が御座います。<br>
※念の為、切り損じを1cm程度(A4サイズは5mm程度)踏まえてお考え下さい。
</FONT></TD></TR></TABLE></TD></TR></TABLE><BR><BR><BR><TABLE WIDTH=600 CELLSPACING=1 BORDER=0 CELLPADDING=1 BGCOLOR=#CCCCCC><TR><TD BGCOLOR=#FF7F50><TABLE WIDTH=100% CELLSPACING=2 BORDER=0 CELLPADDING=5><TR><TD ALIGN=left BGCOLOR=#FF7F50><FONT COLOR=#333333 SIZE=3><B>★★発送方法/送料★★</B></FONT></TD></TR></TABLE><TABLE WIDTH=100% CELLSPACING=2 BORDER=0 CELLPADDING=0><TR><TD HEIGHT=2 BGCOLOR=#CCBBAA></TD></TR></TABLE><TABLE WIDTH=100% CELLSPACING=2 BORDER=0 CELLPADDING=5><TR><TD ALIGN=left BGCOLOR=#FFF8EE><FONT COLOR=#333333 SIZE=3>商品名に【送料無料】の記載がある場合は、送料無料です。<BR>※北海道・沖縄・離島除く<BR><BR><FONT SIZE=5>【全国送料表】</FONT>をご確認下さいませ。<BR><BR>複数の商品を同梱可能です。<BR>※同梱をご希望の場合、必ず同じお買い物カゴ（カート）でご注文下さい。<BR>※別々のお買い物カゴで注文された場合は別々に梱包し発送致します。<BR>その為、送料・代引き手数料は発送個数分請求させて頂きます。<BR><BR>★発送に関する注意事項★<BR>---------------------------------------- <BR>当方指定宅急便ですので配送業者は選択できません。 <BR>時間指定は対応いたしておりません。<BR>発送連絡に記載の問い合わせ番号でご自身でご確認頂けます。<BR>離島は発送が一日遅れます。 <BR>----------------------------------------<BR>★商品代引★　　<BR>宅急便送料+別途手数料３７０円 <BR>休業日　商品ページ左バナーカレンダーに記載</FONT></TD></TR></TABLE></TD></TR></TABLE><BR><TABLE WIDTH=600 CELLSPACING=1 BORDER=0 CELLPADDING=1 BGCOLOR=#CCCCCC><TR><TD BGCOLOR=#FF7F50><TABLE WIDTH=100% CELLSPACING=2 BORDER=0 CELLPADDING=5><TR><TD ALIGN=left BGCOLOR=#FF7F50><FONT COLOR=#333333 SIZE=3><B>★★支払方法★</B></FONT></TD></TR></TABLE><TABLE WIDTH=100% CELLSPACING=2 BORDER=0 CELLPADDING=0><TR><TD HEIGHT=2 BGCOLOR=#CCBBAA></TD></TR></TABLE><TABLE WIDTH=100% CELLSPACING=2 BORDER=0 CELLPADDING=5><TR><TD ALIGN=left BGCOLOR=#FFF8EE><FONT COLOR=#333333 SIZE=3>●楽天銀行　振込<BR>●商品代引<BR>●クレジットカード決済<BR>●コンビニ決済（前払い）<BR>●楽天Edy決済<BR>●auかんたん決済<BR></FONT></TD></TR></TABLE></TD></TR></TABLE><BR><IMG SRC=http://image.rakuten.co.jp/auc-automax/cabinet/03561925/img63193783.gif WIDTH=600><BR><BR></CENTER><center><BR><BR><img src=http://image.rakuten.co.jp/auc-automax/cabinet/03619501/cuttingsheet-cate/imgrc0068742328.gif width=195 alt=A4> <img src=http://image.rakuten.co.jp/auc-automax/cabinet/03619501/cuttingsheet-cate/imgrc0068742325.gif width=195 alt=65x50> <img src=http://image.rakuten.co.jp/auc-automax/cabinet/03619501/cuttingsheet-cate/imgrc0068742326.gif width=195 alt=135x100><BR><br>

<img src=http://image.rakuten.co.jp/auc-automax/cabinet/03619501/cuttingsheet-cate/imgrc0068742261.jpg width=195 alt=黒> 
<img src=http://image.rakuten.co.jp/auc-automax/cabinet/03619501/cuttingsheet-cate/imgrc0068742260.jpg width=195 alt=肌> 
<img src=http://image.rakuten.co.jp/auc-automax/cabinet/03619501/cuttingsheet-cate/imgrc0068742262.jpg width=195 alt=青><BR>
<img src=http://image.rakuten.co.jp/auc-automax/cabinet/03619501/cuttingsheet-cate/imgrc0068742263.jpg width=195 alt=茶> 
<img src=http://image.rakuten.co.jp/auc-automax/cabinet/03619501/cuttingsheet-cate/imgrc0068742264.jpg width=195 alt=灰> 
<img src=http://image.rakuten.co.jp/auc-automax/cabinet/03619501/cuttingsheet-cate/imgrc0068742265.jpg width=195 alt=緑><BR>
<img src=http://image.rakuten.co.jp/auc-automax/cabinet/03619501/cuttingsheet-cate/imgrc0068742266.jpg width=195 alt=紺> 
<img src=http://image.rakuten.co.jp/auc-automax/cabinet/03619501/cuttingsheet-cate/imgrc0068742267.jpg width=195 alt=柿> 
<img src=http://image.rakuten.co.jp/auc-automax/cabinet/03619501/cuttingsheet-cate/imgrc0068742268.jpg width=195 alt=桃><BR>
<img src=http://image.rakuten.co.jp/auc-automax/cabinet/03619501/cuttingsheet-cate/imgrc0068742269.jpg width=195> 
<img src=http://image.rakuten.co.jp/auc-automax/cabinet/03619501/cuttingsheet-cate/imgrc0068742270.jpg width=195> 
<img src=http://image.rakuten.co.jp/auc-automax/cabinet/03619501/cuttingsheet-cate/imgrc0068742271.jpg width=195><BR>
<img src=http://image.rakuten.co.jp/auc-automax/cabinet/03619501/cuttingsheet-cate/imgrc0068742276.jpg width=195> 
<img src=http://image.rakuten.co.jp/auc-automax/cabinet/03619501/cuttingsheet-cate/imgrc0068742277.jpg width=195> </center><center>
<br>
<img SRC=http://image.rakuten.co.jp/auc-automax/cabinet/imgrc0067382276.gif width=670 height=400><BR>
<br>
<img SRC=http://image.rakuten.co.jp/auc-automax/cabinet/img60333004.gif width=670 height=120><BR>
<br>

<br></center>",スエード(小) 紺●スエード生地シート　糊付き アルカンターラ調 ネイビーブルー65cm&times;50cmスエードシートバックスキンルック曲面対応 カッティング可能シート状内装 インテリア ウォールクロス 革 レザー ステッカー：AUTOMAX izumi,カッティングシートモニタースタンドアルカンターラ調スエード生地シート汎用パーツ自動車アクセサリーメッキモール送料無料ステッカーカー用品バイク用品ドレスアップラグジュアリー内装外装カット済みカーフィルム大阪通販激安格安施工スエード(小) 紺●スエード生地シート　糊付き アルカンターラ調 ネイビーブルー65cm&times;50cmスエードシートバックスキンルック曲面対応 カッティング可能シート状内装 インテリア ウォールクロス 革 レザー ステッカー,この商品は送料 全国一律600円 です(北海道/沖縄除く)同梱可能。。スエード(小) 紺●スエード生地シート　糊付き アルカンターラ調 ネイビーブルー65cm&times;50cmスエードシートバックスキンルック曲面対応 カッティング可能シート状内装 インテリア ウォールクロス 革 レザー ステッカー
1-27968,http://tshop.r10s.jp/auc-automax/cabinet/02420218/02420238/img58126748.jpg?fitin=700:700,1159.2000,,日用品雑貨・文房具・手芸 > 手芸・クラフト・生地 > 生地・布,スエード(小) ピンク●スエード生地シート　糊付き アルカンターラ調 桃65cm×50cmスエードシートバックスキンルック曲面対応 カッティング可能シート状内装 インテリア ウォールクロス 革 レザー ステッカー シール,この商品は送料 全国一律600円 です(北海道/沖縄除く)同梱可能。,"<TR> <TD HEIGHT=6></TD> <TD HEIGHT=6></TD> <TD HEIGHT=6></TD> </TR><BR><CENTER><FONT COLOR=#CCBBAA SIZE=4><B></B></FONT><BR><BR><TABLE WIDTH=600 CELLSPACING=1 BORDER=0 CELLPADDING=1 BGCOLOR=#CCCCCC><TR><TD BGCOLOR=#FF7F50><TABLE WIDTH=100% CELLSPACING=2 BORDER=0 CELLPADDING=5><TR><TD ALIGN=left BGCOLOR=#FF7F50><FONT COLOR=#333333 SIZE=3><B>★★商品説明★★</B></FONT></TD></TR></TABLE><TABLE WIDTH=100% CELLSPACING=2 BORDER=0 CELLPADDING=0><TR><TD HEIGHT=2 BGCOLOR=#CCBBAA></TD></TR></TABLE><TABLE WIDTH=100% CELLSPACING=2 BORDER=0 CELLPADDING=5><TR><TD ALIGN=left BGCOLOR=#FFF8EE><FONT COLOR=#333333 SIZE=3>高級感のある肌触りの良いスエード調シートです。<BR>
キメ細かなリアルな起毛の質感！<BR>
<BR>
曲面への施工も可能。<BR>
愛車の内張り・ダッシュボード・コンソール<BR>
肘掛け・メーターパネル等に使用すれば<BR>
格段と高級感がアップします。<BR>
<BR>
その他、<BR>
インテリアとして様々な場所にご使用頂けます。<BR>
大きい場所、好きな場所へ施工可能。<BR>
シートの裏に糊が付いておりますので、<BR>
お取り付けも簡単に出来ます。<BR>
<BR>
只今、人気急上昇中のお勧めの逸品です。<BR>
<br>【カラー】<br>
商品名（商品タイトル）記載のカラーです。<br>
※全14種類ございます。<br>
ブラック/レッド/ホワイト/ブルー/グレー<br>パープル/ピンク/オレンジ/ベージュ/ワインレッド<br>マスタードイエロー/ネイビーブルー/ブラウン/グリーン<br><br>
<br>
【サイズ】 <br>
商品名（商品タイトル）記載のサイズです。<br>
※全３種類ございます（幅の変更は出来ません）<br>
・Ａ４サイズ　→　幅30cm×20cm  <br>
・小　　　　　→　幅65cm×50cm<br>
・大　　　　　→　幅135cm×100cm<br>
※大サイズに関しまして<br>
100cm以上をご希望の方は希望の長さ(ｍ)分ご購入下さい。<BR>
一度に10m以上ご購入に関しましては送料・代引き手数料<BR>当社が負担させて頂きます。<BR>30mまでであれば1ｍ毎に延長可能。<br>
延長をご希望の場合は、希望の長さ（m）分ご購入下さい。<br>
長さ5ｍ以上をご希望の方は在庫の有無をお電話にて<br>
ご確認下さいますようお願い申し上げます。<br><br><br>
<br>
※色/伸び/質感に関する質問が多々御座いますがモニター環境に<br>
よって色味が異なったり、感じ方に個人差がございますので<br>
不安な方はサンプルセットをご購入の上、実物をご確認頂いてから<br>商品をご購入下さいますようお願い申し上げます。<BR><br>【サンプルセット購入はコチラ】<BR><BR>
購入後の上記理由での返品はお受けできません。<br>
<br>
【注意事項】<br>
※貼り付け・車検に関するご質問はお答え致しかねます。<br>
※取り付け前に必ず商品確認を行ってください。<br>
切断・加工後の返品交換は一切お受け致しかねます。<br>
※1枚ずつ業務用切り売りでスタッフが丁寧にカットしておりますが<br>
一部に断面が歪んだり欠けしまう場合が御座います。<br>
※念の為、切り損じを1cm程度(A4サイズは5mm程度)踏まえてお考え下さい。
</FONT></TD></TR></TABLE></TD></TR></TABLE><BR><BR><BR><TABLE WIDTH=600 CELLSPACING=1 BORDER=0 CELLPADDING=1 BGCOLOR=#CCCCCC><TR><TD BGCOLOR=#FF7F50><TABLE WIDTH=100% CELLSPACING=2 BORDER=0 CELLPADDING=5><TR><TD ALIGN=left BGCOLOR=#FF7F50><FONT COLOR=#333333 SIZE=3><B>★★発送方法/送料★★</B></FONT></TD></TR></TABLE><TABLE WIDTH=100% CELLSPACING=2 BORDER=0 CELLPADDING=0><TR><TD HEIGHT=2 BGCOLOR=#CCBBAA></TD></TR></TABLE><TABLE WIDTH=100% CELLSPACING=2 BORDER=0 CELLPADDING=5><TR><TD ALIGN=left BGCOLOR=#FFF8EE><FONT COLOR=#333333 SIZE=3>商品名に【送料無料】の記載がある場合は、送料無料です。<BR>※北海道・沖縄・離島除く<BR><BR><FONT SIZE=5>【全国送料表】</FONT>をご確認下さいませ。<BR><BR>複数の商品を同梱可能です。<BR>※同梱をご希望の場合、必ず同じお買い物カゴ（カート）でご注文下さい。<BR>※別々のお買い物カゴで注文された場合は別々に梱包し発送致します。<BR>その為、送料・代引き手数料は発送個数分請求させて頂きます。<BR><BR>★発送に関する注意事項★<BR>---------------------------------------- <BR>当方指定宅急便ですので配送業者は選択できません。 <BR>時間指定は対応いたしておりません。<BR>発送連絡に記載の問い合わせ番号でご自身でご確認頂けます。<BR>離島は発送が一日遅れます。 <BR>----------------------------------------<BR>★商品代引★　　<BR>宅急便送料+別途手数料３７０円 <BR>休業日　商品ページ左バナーカレンダーに記載</FONT></TD></TR></TABLE></TD></TR></TABLE><BR><TABLE WIDTH=600 CELLSPACING=1 BORDER=0 CELLPADDING=1 BGCOLOR=#CCCCCC><TR><TD BGCOLOR=#FF7F50><TABLE WIDTH=100% CELLSPACING=2 BORDER=0 CELLPADDING=5><TR><TD ALIGN=left BGCOLOR=#FF7F50><FONT COLOR=#333333 SIZE=3><B>★★支払方法★</B></FONT></TD></TR></TABLE><TABLE WIDTH=100% CELLSPACING=2 BORDER=0 CELLPADDING=0><TR><TD HEIGHT=2 BGCOLOR=#CCBBAA></TD></TR></TABLE><TABLE WIDTH=100% CELLSPACING=2 BORDER=0 CELLPADDING=5><TR><TD ALIGN=left BGCOLOR=#FFF8EE><FONT COLOR=#333333 SIZE=3>●楽天銀行　振込<BR>●商品代引<BR>●クレジットカード決済<BR>●コンビニ決済（前払い）<BR>●楽天Edy決済<BR>●auかんたん決済<BR></FONT></TD></TR></TABLE></TD></TR></TABLE><BR><IMG SRC=http://image.rakuten.co.jp/auc-automax/cabinet/03561925/img63193783.gif WIDTH=600><BR><BR></CENTER><center><BR><BR><img src=http://image.rakuten.co.jp/auc-automax/cabinet/03619501/cuttingsheet-cate/imgrc0068742328.gif width=195 alt=A4> <img src=http://image.rakuten.co.jp/auc-automax/cabinet/03619501/cuttingsheet-cate/imgrc0068742325.gif width=195 alt=65x50> <img src=http://image.rakuten.co.jp/auc-automax/cabinet/03619501/cuttingsheet-cate/imgrc0068742326.gif width=195 alt=135x100><BR><br>

<img src=http://image.rakuten.co.jp/auc-automax/cabinet/03619501/cuttingsheet-cate/imgrc0068742261.jpg width=195 alt=黒> 
<img src=http://image.rakuten.co.jp/auc-automax/cabinet/03619501/cuttingsheet-cate/imgrc0068742260.jpg width=195 alt=肌> 
<img src=http://image.rakuten.co.jp/auc-automax/cabinet/03619501/cuttingsheet-cate/imgrc0068742262.jpg width=195 alt=青><BR>
<img src=http://image.rakuten.co.jp/auc-automax/cabinet/03619501/cuttingsheet-cate/imgrc0068742263.jpg width=195 alt=茶> 
<img src=http://image.rakuten.co.jp/auc-automax/cabinet/03619501/cuttingsheet-cate/imgrc0068742264.jpg width=195 alt=灰> 
<img src=http://image.rakuten.co.jp/auc-automax/cabinet/03619501/cuttingsheet-cate/imgrc0068742265.jpg width=195 alt=緑><BR>
<img src=http://image.rakuten.co.jp/auc-automax/cabinet/03619501/cuttingsheet-cate/imgrc0068742266.jpg width=195 alt=紺> 
<img src=http://image.rakuten.co.jp/auc-automax/cabinet/03619501/cuttingsheet-cate/imgrc0068742267.jpg width=195 alt=柿> 
<img src=http://image.rakuten.co.jp/auc-automax/cabinet/03619501/cuttingsheet-cate/imgrc0068742268.jpg width=195 alt=桃><BR>
<img src=http://image.rakuten.co.jp/auc-automax/cabinet/03619501/cuttingsheet-cate/imgrc0068742269.jpg width=195> 
<img src=http://image.rakuten.co.jp/auc-automax/cabinet/03619501/cuttingsheet-cate/imgrc0068742270.jpg width=195> 
<img src=http://image.rakuten.co.jp/auc-automax/cabinet/03619501/cuttingsheet-cate/imgrc0068742271.jpg width=195><BR>
<img src=http://image.rakuten.co.jp/auc-automax/cabinet/03619501/cuttingsheet-cate/imgrc0068742276.jpg width=195> 
<img src=http://image.rakuten.co.jp/auc-automax/cabinet/03619501/cuttingsheet-cate/imgrc0068742277.jpg width=195> </center><center>
<br>
<img SRC=http://image.rakuten.co.jp/auc-automax/cabinet/imgrc0067382276.gif width=670 height=400><BR>
<br>
<img SRC=http://image.rakuten.co.jp/auc-automax/cabinet/img60333004.gif width=670 height=120><BR>
<br>

<br></center>",スエード(小) ピンク●スエード生地シート　糊付き アルカンターラ調 桃65cm&times;50cmスエードシートバックスキンルック曲面対応 カッティング可能シート状内装 インテリア ウォールクロス 革 レザー ステッカー シール：AUTOMAX izumi,カッティングシートモニタースタンドアルカンターラ調スエード生地シート汎用パーツ自動車アクセサリーメッキモール送料無料ステッカーカー用品バイク用品ドレスアップラグジュアリー内装外装カット済みカーフィルム大阪通販激安格安施工スエード(小) ピンク●スエード生地シート　糊付き アルカンターラ調 桃65cm&times;50cmスエードシートバックスキンルック曲面対応 カッティング可能シート状内装 インテリア ウォールクロス 革 レザー ステッカー シール,この商品は送料 全国一律600円 です(北海道/沖縄除く)同梱可能。。スエード(小) ピンク●スエード生地シート　糊付き アルカンターラ調 桃65cm&times;50cmスエードシートバックスキンルック曲面対応 カッティング可能シート状内装 インテリア ウォールクロス 革 レザー ステッカー シール
1-27969,http://tshop.r10s.jp/auc-automax/cabinet/02420218/02420238/img65440450.jpg?fitin=700:700,1159.2000,,日用品雑貨・文房具・手芸 > 手芸・クラフト・生地 > 生地・布,スエード(小) 黄●スエード生地シート　糊付き アルカンターラ調 マスタードイエロー65cm×50cmスエードシートバックスキンルック曲面対応 カッティング可能シート状内装 インテリア ウォールクロス 革 レザー ステッカー,この商品は送料 全国一律600円 です(北海道/沖縄除く)同梱可能。,"<TR> <TD HEIGHT=6></TD> <TD HEIGHT=6></TD> <TD HEIGHT=6></TD> </TR><BR><CENTER><FONT COLOR=#CCBBAA SIZE=4><B></B></FONT><BR><BR><TABLE WIDTH=600 CELLSPACING=1 BORDER=0 CELLPADDING=1 BGCOLOR=#CCCCCC><TR><TD BGCOLOR=#FF7F50><TABLE WIDTH=100% CELLSPACING=2 BORDER=0 CELLPADDING=5><TR><TD ALIGN=left BGCOLOR=#FF7F50><FONT COLOR=#333333 SIZE=3><B>★★商品説明★★</B></FONT></TD></TR></TABLE><TABLE WIDTH=100% CELLSPACING=2 BORDER=0 CELLPADDING=0><TR><TD HEIGHT=2 BGCOLOR=#CCBBAA></TD></TR></TABLE><TABLE WIDTH=100% CELLSPACING=2 BORDER=0 CELLPADDING=5><TR><TD ALIGN=left BGCOLOR=#FFF8EE><FONT COLOR=#333333 SIZE=3>高級感のある肌触りの良いスエード調シートです。<BR>
キメ細かなリアルな起毛の質感！<BR>
<BR>
曲面への施工も可能。<BR>
愛車の内張り・ダッシュボード・コンソール<BR>
肘掛け・メーターパネル等に使用すれば<BR>
格段と高級感がアップします。<BR>
<BR>
その他、<BR>
インテリアとして様々な場所にご使用頂けます。<BR>
大きい場所、好きな場所へ施工可能。<BR>
シートの裏に糊が付いておりますので、<BR>
お取り付けも簡単に出来ます。<BR>
<BR>
只今、人気急上昇中のお勧めの逸品です。<BR>
<br>【カラー】<br>
商品名（商品タイトル）記載のカラーです。<br>
※全14種類ございます。<br>
ブラック/レッド/ホワイト/ブルー/グレー<br>パープル/ピンク/オレンジ/ベージュ/ワインレッド<br>マスタードイエロー/ネイビーブルー/ブラウン/グリーン<br><br>
<br>
【サイズ】 <br>
商品名（商品タイトル）記載のサイズです。<br>
※全３種類ございます（幅の変更は出来ません）<br>
・Ａ４サイズ　→　幅30cm×20cm  <br>
・小　　　　　→　幅65cm×50cm<br>
・大　　　　　→　幅135cm×100cm<br>
※大サイズに関しまして<br>
100cm以上をご希望の方は希望の長さ(ｍ)分ご購入下さい。<BR>
一度に10m以上ご購入に関しましては送料・代引き手数料<BR>当社が負担させて頂きます。<BR>30mまでであれば1ｍ毎に延長可能。<br>
延長をご希望の場合は、希望の長さ（m）分ご購入下さい。<br>
長さ5ｍ以上をご希望の方は在庫の有無をお電話にて<br>
ご確認下さいますようお願い申し上げます。<br><br><br>
<br>
※色/伸び/質感に関する質問が多々御座いますがモニター環境に<br>
よって色味が異なったり、感じ方に個人差がございますので<br>
不安な方はサンプルセットをご購入の上、実物をご確認頂いてから<br>商品をご購入下さいますようお願い申し上げます。<BR><br>【サンプルセット購入はコチラ】<BR><BR>
購入後の上記理由での返品はお受けできません。<br>
<br>
【注意事項】<br>
※貼り付け・車検に関するご質問はお答え致しかねます。<br>
※取り付け前に必ず商品確認を行ってください。<br>
切断・加工後の返品交換は一切お受け致しかねます。<br>
※1枚ずつ業務用切り売りでスタッフが丁寧にカットしておりますが<br>
一部に断面が歪んだり欠けしまう場合が御座います。<br>
※念の為、切り損じを1cm程度(A4サイズは5mm程度)踏まえてお考え下さい。
</FONT></TD></TR></TABLE></TD></TR></TABLE><BR><BR><BR><TABLE WIDTH=600 CELLSPACING=1 BORDER=0 CELLPADDING=1 BGCOLOR=#CCCCCC><TR><TD BGCOLOR=#FF7F50><TABLE WIDTH=100% CELLSPACING=2 BORDER=0 CELLPADDING=5><TR><TD ALIGN=left BGCOLOR=#FF7F50><FONT COLOR=#333333 SIZE=3><B>★★発送方法/送料★★</B></FONT></TD></TR></TABLE><TABLE WIDTH=100% CELLSPACING=2 BORDER=0 CELLPADDING=0><TR><TD HEIGHT=2 BGCOLOR=#CCBBAA></TD></TR></TABLE><TABLE WIDTH=100% CELLSPACING=2 BORDER=0 CELLPADDING=5><TR><TD ALIGN=left BGCOLOR=#FFF8EE><FONT COLOR=#333333 SIZE=3>商品名に【送料無料】の記載がある場合は、送料無料です。<BR>※北海道・沖縄・離島除く<BR><BR><FONT SIZE=5>【全国送料表】</FONT>をご確認下さいませ。<BR><BR>複数の商品を同梱可能です。<BR>※同梱をご希望の場合、必ず同じお買い物カゴ（カート）でご注文下さい。<BR>※別々のお買い物カゴで注文された場合は別々に梱包し発送致します。<BR>その為、送料・代引き手数料は発送個数分請求させて頂きます。<BR><BR>★発送に関する注意事項★<BR>---------------------------------------- <BR>当方指定宅急便ですので配送業者は選択できません。 <BR>時間指定は対応いたしておりません。<BR>発送連絡に記載の問い合わせ番号でご自身でご確認頂けます。<BR>離島は発送が一日遅れます。 <BR>----------------------------------------<BR>★商品代引★　　<BR>宅急便送料+別途手数料３７０円 <BR>休業日　商品ページ左バナーカレンダーに記載</FONT></TD></TR></TABLE></TD></TR></TABLE><BR><TABLE WIDTH=600 CELLSPACING=1 BORDER=0 CELLPADDING=1 BGCOLOR=#CCCCCC><TR><TD BGCOLOR=#FF7F50><TABLE WIDTH=100% CELLSPACING=2 BORDER=0 CELLPADDING=5><TR><TD ALIGN=left BGCOLOR=#FF7F50><FONT COLOR=#333333 SIZE=3><B>★★支払方法★</B></FONT></TD></TR></TABLE><TABLE WIDTH=100% CELLSPACING=2 BORDER=0 CELLPADDING=0><TR><TD HEIGHT=2 BGCOLOR=#CCBBAA></TD></TR></TABLE><TABLE WIDTH=100% CELLSPACING=2 BORDER=0 CELLPADDING=5><TR><TD ALIGN=left BGCOLOR=#FFF8EE><FONT COLOR=#333333 SIZE=3>●楽天銀行　振込<BR>●商品代引<BR>●クレジットカード決済<BR>●コンビニ決済（前払い）<BR>●楽天Edy決済<BR>●auかんたん決済<BR></FONT></TD></TR></TABLE></TD></TR></TABLE><BR><IMG SRC=http://image.rakuten.co.jp/auc-automax/cabinet/03561925/img63193783.gif WIDTH=600><BR><BR></CENTER><center><BR><BR><img src=http://image.rakuten.co.jp/auc-automax/cabinet/03619501/cuttingsheet-cate/imgrc0068742328.gif width=195 alt=A4> <img src=http://image.rakuten.co.jp/auc-automax/cabinet/03619501/cuttingsheet-cate/imgrc0068742325.gif width=195 alt=65x50> <img src=http://image.rakuten.co.jp/auc-automax/cabinet/03619501/cuttingsheet-cate/imgrc0068742326.gif width=195 alt=135x100><BR><br>

<img src=http://image.rakuten.co.jp/auc-automax/cabinet/03619501/cuttingsheet-cate/imgrc0068742261.jpg width=195 alt=黒> 
<img src=http://image.rakuten.co.jp/auc-automax/cabinet/03619501/cuttingsheet-cate/imgrc0068742260.jpg width=195 alt=肌> 
<img src=http://image.rakuten.co.jp/auc-automax/cabinet/03619501/cuttingsheet-cate/imgrc0068742262.jpg width=195 alt=青><BR>
<img src=http://image.rakuten.co.jp/auc-automax/cabinet/03619501/cuttingsheet-cate/imgrc0068742263.jpg width=195 alt=茶> 
<img src=http://image.rakuten.co.jp/auc-automax/cabinet/03619501/cuttingsheet-cate/imgrc0068742264.jpg width=195 alt=灰> 
<img src=http://image.rakuten.co.jp/auc-automax/cabinet/03619501/cuttingsheet-cate/imgrc0068742265.jpg width=195 alt=緑><BR>
<img src=http://image.rakuten.co.jp/auc-automax/cabinet/03619501/cuttingsheet-cate/imgrc0068742266.jpg width=195 alt=紺> 
<img src=http://image.rakuten.co.jp/auc-automax/cabinet/03619501/cuttingsheet-cate/imgrc0068742267.jpg width=195 alt=柿> 
<img src=http://image.rakuten.co.jp/auc-automax/cabinet/03619501/cuttingsheet-cate/imgrc0068742268.jpg width=195 alt=桃><BR>
<img src=http://image.rakuten.co.jp/auc-automax/cabinet/03619501/cuttingsheet-cate/imgrc0068742269.jpg width=195> 
<img src=http://image.rakuten.co.jp/auc-automax/cabinet/03619501/cuttingsheet-cate/imgrc0068742270.jpg width=195> 
<img src=http://image.rakuten.co.jp/auc-automax/cabinet/03619501/cuttingsheet-cate/imgrc0068742271.jpg width=195><BR>
<img src=http://image.rakuten.co.jp/auc-automax/cabinet/03619501/cuttingsheet-cate/imgrc0068742276.jpg width=195> 
<img src=http://image.rakuten.co.jp/auc-automax/cabinet/03619501/cuttingsheet-cate/imgrc0068742277.jpg width=195> </center><center>
<br>
<img SRC=http://image.rakuten.co.jp/auc-automax/cabinet/imgrc0067382276.gif width=670 height=400><BR>
<br>
<img SRC=http://image.rakuten.co.jp/auc-automax/cabinet/img60333004.gif width=670 height=120><BR>
<br>

<br></center>",スエード(小) 黄●スエード生地シート　糊付き アルカンターラ調 マスタードイエロー65cm&times;50cmスエードシートバックスキンルック曲面対応 カッティング可能シート状内装 インテリア ウォールクロス 革 レザー ステッカー：AUTOMAX izumi,カッティングシートモニタースタンドアルカンターラ調スエード生地シート汎用パーツ自動車アクセサリーメッキモール送料無料ステッカーカー用品バイク用品ドレスアップラグジュアリー内装外装カット済みカーフィルム大阪通販激安格安施工スエード(小) 黄●スエード生地シート　糊付き アルカンターラ調 マスタードイエロー65cm&times;50cmスエードシートバックスキンルック曲面対応 カッティング可能シート状内装 インテリア ウォールクロス 革 レザー ステッカー,この商品は送料 全国一律600円 です(北海道/沖縄除く)同梱可能。。スエード(小) 黄●スエード生地シート　糊付き アルカンターラ調 マスタードイエロー65cm&times;50cmスエードシートバックスキンルック曲面対応 カッティング可能シート状内装 インテリア ウォールクロス 革 レザー ステッカー
1-27970,http://tshop.r10s.jp/auc-automax/cabinet/02420218/02420238/img65440447.jpg?fitin=700:700,1159.2000,,日用品雑貨・文房具・手芸 > 手芸・クラフト・生地 > 生地・布,スエード(小) 緑●スエード生地シート　糊付き アルカンターラ調 グリーン65cm×50cmスエードシートバックスキンルック曲面対応 カッティング可能シート状内装 インテリア ウォールクロス 革 レザー ステッカー,この商品は送料 全国一律600円 です(北海道/沖縄除く)同梱可能。,"<TR> <TD HEIGHT=6></TD> <TD HEIGHT=6></TD> <TD HEIGHT=6></TD> </TR><BR><CENTER><FONT COLOR=#CCBBAA SIZE=4><B></B></FONT><BR><BR><TABLE WIDTH=600 CELLSPACING=1 BORDER=0 CELLPADDING=1 BGCOLOR=#CCCCCC><TR><TD BGCOLOR=#FF7F50><TABLE WIDTH=100% CELLSPACING=2 BORDER=0 CELLPADDING=5><TR><TD ALIGN=left BGCOLOR=#FF7F50><FONT COLOR=#333333 SIZE=3><B>★★商品説明★★</B></FONT></TD></TR></TABLE><TABLE WIDTH=100% CELLSPACING=2 BORDER=0 CELLPADDING=0><TR><TD HEIGHT=2 BGCOLOR=#CCBBAA></TD></TR></TABLE><TABLE WIDTH=100% CELLSPACING=2 BORDER=0 CELLPADDING=5><TR><TD ALIGN=left BGCOLOR=#FFF8EE><FONT COLOR=#333333 SIZE=3>高級感のある肌触りの良いスエード調シートです。<BR>
キメ細かなリアルな起毛の質感！<BR>
<BR>
曲面への施工も可能。<BR>
愛車の内張り・ダッシュボード・コンソール<BR>
肘掛け・メーターパネル等に使用すれば<BR>
格段と高級感がアップします。<BR>
<BR>
その他、<BR>
インテリアとして様々な場所にご使用頂けます。<BR>
大きい場所、好きな場所へ施工可能。<BR>
シートの裏に糊が付いておりますので、<BR>
お取り付けも簡単に出来ます。<BR>
<BR>
只今、人気急上昇中のお勧めの逸品です。<BR>
<br>【カラー】<br>
商品名（商品タイトル）記載のカラーです。<br>
※全14種類ございます。<br>
ブラック/レッド/ホワイト/ブルー/グレー<br>パープル/ピンク/オレンジ/ベージュ/ワインレッド<br>マスタードイエロー/ネイビーブルー/ブラウン/グリーン<br><br>
<br>
【サイズ】 <br>
商品名（商品タイトル）記載のサイズです。<br>
※全３種類ございます（幅の変更は出来ません）<br>
・Ａ４サイズ　→　幅30cm×20cm  <br>
・小　　　　　→　幅65cm×50cm<br>
・大　　　　　→　幅135cm×100cm<br>
※大サイズに関しまして<br>
100cm以上をご希望の方は希望の長さ(ｍ)分ご購入下さい。<BR>
一度に10m以上ご購入に関しましては送料・代引き手数料<BR>当社が負担させて頂きます。<BR>30mまでであれば1ｍ毎に延長可能。<br>
延長をご希望の場合は、希望の長さ（m）分ご購入下さい。<br>
長さ5ｍ以上をご希望の方は在庫の有無をお電話にて<br>
ご確認下さいますようお願い申し上げます。<br><br><br>
<br>
※色/伸び/質感に関する質問が多々御座いますがモニター環境に<br>
よって色味が異なったり、感じ方に個人差がございますので<br>
不安な方はサンプルセットをご購入の上、実物をご確認頂いてから<br>商品をご購入下さいますようお願い申し上げます。<BR><br>【サンプルセット購入はコチラ】<BR><BR>
購入後の上記理由での返品はお受けできません。<br>
<br>
【注意事項】<br>
※貼り付け・車検に関するご質問はお答え致しかねます。<br>
※取り付け前に必ず商品確認を行ってください。<br>
切断・加工後の返品交換は一切お受け致しかねます。<br>
※1枚ずつ業務用切り売りでスタッフが丁寧にカットしておりますが<br>
一部に断面が歪んだり欠けしまう場合が御座います。<br>
※念の為、切り損じを1cm程度(A4サイズは5mm程度)踏まえてお考え下さい。
</FONT></TD></TR></TABLE></TD></TR></TABLE><BR><BR><BR><TABLE WIDTH=600 CELLSPACING=1 BORDER=0 CELLPADDING=1 BGCOLOR=#CCCCCC><TR><TD BGCOLOR=#FF7F50><TABLE WIDTH=100% CELLSPACING=2 BORDER=0 CELLPADDING=5><TR><TD ALIGN=left BGCOLOR=#FF7F50><FONT COLOR=#333333 SIZE=3><B>★★発送方法/送料★★</B></FONT></TD></TR></TABLE><TABLE WIDTH=100% CELLSPACING=2 BORDER=0 CELLPADDING=0><TR><TD HEIGHT=2 BGCOLOR=#CCBBAA></TD></TR></TABLE><TABLE WIDTH=100% CELLSPACING=2 BORDER=0 CELLPADDING=5><TR><TD ALIGN=left BGCOLOR=#FFF8EE><FONT COLOR=#333333 SIZE=3>商品名に【送料無料】の記載がある場合は、送料無料です。<BR>※北海道・沖縄・離島除く<BR><BR><FONT SIZE=5>【全国送料表】</FONT>をご確認下さいませ。<BR><BR>複数の商品を同梱可能です。<BR>※同梱をご希望の場合、必ず同じお買い物カゴ（カート）でご注文下さい。<BR>※別々のお買い物カゴで注文された場合は別々に梱包し発送致します。<BR>その為、送料・代引き手数料は発送個数分請求させて頂きます。<BR><BR>★発送に関する注意事項★<BR>---------------------------------------- <BR>当方指定宅急便ですので配送業者は選択できません。 <BR>時間指定は対応いたしておりません。<BR>発送連絡に記載の問い合わせ番号でご自身でご確認頂けます。<BR>離島は発送が一日遅れます。 <BR>----------------------------------------<BR>★商品代引★　　<BR>宅急便送料+別途手数料３７０円 <BR>休業日　商品ページ左バナーカレンダーに記載</FONT></TD></TR></TABLE></TD></TR></TABLE><BR><TABLE WIDTH=600 CELLSPACING=1 BORDER=0 CELLPADDING=1 BGCOLOR=#CCCCCC><TR><TD BGCOLOR=#FF7F50><TABLE WIDTH=100% CELLSPACING=2 BORDER=0 CELLPADDING=5><TR><TD ALIGN=left BGCOLOR=#FF7F50><FONT COLOR=#333333 SIZE=3><B>★★支払方法★</B></FONT></TD></TR></TABLE><TABLE WIDTH=100% CELLSPACING=2 BORDER=0 CELLPADDING=0><TR><TD HEIGHT=2 BGCOLOR=#CCBBAA></TD></TR></TABLE><TABLE WIDTH=100% CELLSPACING=2 BORDER=0 CELLPADDING=5><TR><TD ALIGN=left BGCOLOR=#FFF8EE><FONT COLOR=#333333 SIZE=3>●楽天銀行　振込<BR>●商品代引<BR>●クレジットカード決済<BR>●コンビニ決済（前払い）<BR>●楽天Edy決済<BR>●auかんたん決済<BR></FONT></TD></TR></TABLE></TD></TR></TABLE><BR><IMG SRC=http://image.rakuten.co.jp/auc-automax/cabinet/03561925/img63193783.gif WIDTH=600><BR><BR></CENTER><center><BR><BR><img src=http://image.rakuten.co.jp/auc-automax/cabinet/03619501/cuttingsheet-cate/imgrc0068742328.gif width=195 alt=A4> <img src=http://image.rakuten.co.jp/auc-automax/cabinet/03619501/cuttingsheet-cate/imgrc0068742325.gif width=195 alt=65x50> <img src=http://image.rakuten.co.jp/auc-automax/cabinet/03619501/cuttingsheet-cate/imgrc0068742326.gif width=195 alt=135x100><BR><br>

<img src=http://image.rakuten.co.jp/auc-automax/cabinet/03619501/cuttingsheet-cate/imgrc0068742261.jpg width=195 alt=黒> 
<img src=http://image.rakuten.co.jp/auc-automax/cabinet/03619501/cuttingsheet-cate/imgrc0068742260.jpg width=195 alt=肌> 
<img src=http://image.rakuten.co.jp/auc-automax/cabinet/03619501/cuttingsheet-cate/imgrc0068742262.jpg width=195 alt=青><BR>
<img src=http://image.rakuten.co.jp/auc-automax/cabinet/03619501/cuttingsheet-cate/imgrc0068742263.jpg width=195 alt=茶> 
<img src=http://image.rakuten.co.jp/auc-automax/cabinet/03619501/cuttingsheet-cate/imgrc0068742264.jpg width=195 alt=灰> 
<img src=http://image.rakuten.co.jp/auc-automax/cabinet/03619501/cuttingsheet-cate/imgrc0068742265.jpg width=195 alt=緑><BR>
<img src=http://image.rakuten.co.jp/auc-automax/cabinet/03619501/cuttingsheet-cate/imgrc0068742266.jpg width=195 alt=紺> 
<img src=http://image.rakuten.co.jp/auc-automax/cabinet/03619501/cuttingsheet-cate/imgrc0068742267.jpg width=195 alt=柿> 
<img src=http://image.rakuten.co.jp/auc-automax/cabinet/03619501/cuttingsheet-cate/imgrc0068742268.jpg width=195 alt=桃><BR>
<img src=http://image.rakuten.co.jp/auc-automax/cabinet/03619501/cuttingsheet-cate/imgrc0068742269.jpg width=195> 
<img src=http://image.rakuten.co.jp/auc-automax/cabinet/03619501/cuttingsheet-cate/imgrc0068742270.jpg width=195> 
<img src=http://image.rakuten.co.jp/auc-automax/cabinet/03619501/cuttingsheet-cate/imgrc0068742271.jpg width=195><BR>
<img src=http://image.rakuten.co.jp/auc-automax/cabinet/03619501/cuttingsheet-cate/imgrc0068742276.jpg width=195> 
<img src=http://image.rakuten.co.jp/auc-automax/cabinet/03619501/cuttingsheet-cate/imgrc0068742277.jpg width=195> </center><center>
<br>
<img SRC=http://image.rakuten.co.jp/auc-automax/cabinet/imgrc0067382276.gif width=670 height=400><BR>
<br>
<img SRC=http://image.rakuten.co.jp/auc-automax/cabinet/img60333004.gif width=670 height=120><BR>
<br>

<br></center>",スエード(小) 緑●スエード生地シート　糊付き アルカンターラ調 グリーン65cm&times;50cmスエードシートバックスキンルック曲面対応 カッティング可能シート状内装 インテリア ウォールクロス 革 レザー ステッカー：AUTOMAX izumi,カッティングシートモニタースタンドアルカンターラ調スエード生地シート汎用パーツ自動車アクセサリーメッキモール送料無料ステッカーカー用品バイク用品ドレスアップラグジュアリー内装外装カット済みカーフィルム大阪通販激安格安施工スエード(小) 緑●スエード生地シート　糊付き アルカンターラ調 グリーン65cm&times;50cmスエードシートバックスキンルック曲面対応 カッティング可能シート状内装 インテリア ウォールクロス 革 レザー ステッカー,この商品は送料 全国一律600円 です(北海道/沖縄除く)同梱可能。。スエード(小) 緑●スエード生地シート　糊付き アルカンターラ調 グリーン65cm&times;50cmスエードシートバックスキンルック曲面対応 カッティング可能シート状内装 インテリア ウォールクロス 革 レザー ステッカー
1-27971,http://tshop.r10s.jp/auc-automax/cabinet/02420218/02420238/img58126747.jpg?fitin=700:700,1159.2000,,日用品雑貨・文房具・手芸 > 手芸・クラフト・生地 > 生地・布,スエード(小) パープル●スエード生地シート　糊付き アルカンターラ調 紫65cm×50cmスエードシートバックスキンルック曲面対応 カッティング可能シート状内装 インテリア ウォールクロス 革 レザー ステッカー シール,この商品は送料 全国一律600円 です(北海道/沖縄除く)同梱可能。,"<TR> <TD HEIGHT=6></TD> <TD HEIGHT=6></TD> <TD HEIGHT=6></TD> </TR><BR><CENTER><FONT COLOR=#CCBBAA SIZE=4><B></B></FONT><BR><BR><TABLE WIDTH=600 CELLSPACING=1 BORDER=0 CELLPADDING=1 BGCOLOR=#CCCCCC><TR><TD BGCOLOR=#FF7F50><TABLE WIDTH=100% CELLSPACING=2 BORDER=0 CELLPADDING=5><TR><TD ALIGN=left BGCOLOR=#FF7F50><FONT COLOR=#333333 SIZE=3><B>★★商品説明★★</B></FONT></TD></TR></TABLE><TABLE WIDTH=100% CELLSPACING=2 BORDER=0 CELLPADDING=0><TR><TD HEIGHT=2 BGCOLOR=#CCBBAA></TD></TR></TABLE><TABLE WIDTH=100% CELLSPACING=2 BORDER=0 CELLPADDING=5><TR><TD ALIGN=left BGCOLOR=#FFF8EE><FONT COLOR=#333333 SIZE=3>高級感のある肌触りの良いスエード調シートです。<BR>
キメ細かなリアルな起毛の質感！<BR>
<BR>
曲面への施工も可能。<BR>
愛車の内張り・ダッシュボード・コンソール<BR>
肘掛け・メーターパネル等に使用すれば<BR>
格段と高級感がアップします。<BR>
<BR>
その他、<BR>
インテリアとして様々な場所にご使用頂けます。<BR>
大きい場所、好きな場所へ施工可能。<BR>
シートの裏に糊が付いておりますので、<BR>
お取り付けも簡単に出来ます。<BR>
<BR>
只今、人気急上昇中のお勧めの逸品です。<BR>
<br>【カラー】<br>
商品名（商品タイトル）記載のカラーです。<br>
※全14種類ございます。<br>
ブラック/レッド/ホワイト/ブルー/グレー<br>パープル/ピンク/オレンジ/ベージュ/ワインレッド<br>マスタードイエロー/ネイビーブルー/ブラウン/グリーン<br><br>
<br>
【サイズ】 <br>
商品名（商品タイトル）記載のサイズです。<br>
※全３種類ございます（幅の変更は出来ません）<br>
・Ａ４サイズ　→　幅30cm×20cm  <br>
・小　　　　　→　幅65cm×50cm<br>
・大　　　　　→　幅135cm×100cm<br>
※大サイズに関しまして<br>
100cm以上をご希望の方は希望の長さ(ｍ)分ご購入下さい。<BR>
一度に10m以上ご購入に関しましては送料・代引き手数料<BR>当社が負担させて頂きます。<BR>30mまでであれば1ｍ毎に延長可能。<br>
延長をご希望の場合は、希望の長さ（m）分ご購入下さい。<br>
長さ5ｍ以上をご希望の方は在庫の有無をお電話にて<br>
ご確認下さいますようお願い申し上げます。<br><br><br>
<br>
※色/伸び/質感に関する質問が多々御座いますがモニター環境に<br>
よって色味が異なったり、感じ方に個人差がございますので<br>
不安な方はサンプルセットをご購入の上、実物をご確認頂いてから<br>商品をご購入下さいますようお願い申し上げます。<BR><br>【サンプルセット購入はコチラ】<BR><BR>
購入後の上記理由での返品はお受けできません。<br>
<br>
【注意事項】<br>
※貼り付け・車検に関するご質問はお答え致しかねます。<br>
※取り付け前に必ず商品確認を行ってください。<br>
切断・加工後の返品交換は一切お受け致しかねます。<br>
※1枚ずつ業務用切り売りでスタッフが丁寧にカットしておりますが<br>
一部に断面が歪んだり欠けしまう場合が御座います。<br>
※念の為、切り損じを1cm程度(A4サイズは5mm程度)踏まえてお考え下さい。
</FONT></TD></TR></TABLE></TD></TR></TABLE><BR><BR><BR><TABLE WIDTH=600 CELLSPACING=1 BORDER=0 CELLPADDING=1 BGCOLOR=#CCCCCC><TR><TD BGCOLOR=#FF7F50><TABLE WIDTH=100% CELLSPACING=2 BORDER=0 CELLPADDING=5><TR><TD ALIGN=left BGCOLOR=#FF7F50><FONT COLOR=#333333 SIZE=3><B>★★発送方法/送料★★</B></FONT></TD></TR></TABLE><TABLE WIDTH=100% CELLSPACING=2 BORDER=0 CELLPADDING=0><TR><TD HEIGHT=2 BGCOLOR=#CCBBAA></TD></TR></TABLE><TABLE WIDTH=100% CELLSPACING=2 BORDER=0 CELLPADDING=5><TR><TD ALIGN=left BGCOLOR=#FFF8EE><FONT COLOR=#333333 SIZE=3>商品名に【送料無料】の記載がある場合は、送料無料です。<BR>※北海道・沖縄・離島除く<BR><BR><FONT SIZE=5>【全国送料表】</FONT>をご確認下さいませ。<BR><BR>複数の商品を同梱可能です。<BR>※同梱をご希望の場合、必ず同じお買い物カゴ（カート）でご注文下さい。<BR>※別々のお買い物カゴで注文された場合は別々に梱包し発送致します。<BR>その為、送料・代引き手数料は発送個数分請求させて頂きます。<BR><BR>★発送に関する注意事項★<BR>---------------------------------------- <BR>当方指定宅急便ですので配送業者は選択できません。 <BR>時間指定は対応いたしておりません。<BR>発送連絡に記載の問い合わせ番号でご自身でご確認頂けます。<BR>離島は発送が一日遅れます。 <BR>----------------------------------------<BR>★商品代引★　　<BR>宅急便送料+別途手数料３７０円 <BR>休業日　商品ページ左バナーカレンダーに記載</FONT></TD></TR></TABLE></TD></TR></TABLE><BR><TABLE WIDTH=600 CELLSPACING=1 BORDER=0 CELLPADDING=1 BGCOLOR=#CCCCCC><TR><TD BGCOLOR=#FF7F50><TABLE WIDTH=100% CELLSPACING=2 BORDER=0 CELLPADDING=5><TR><TD ALIGN=left BGCOLOR=#FF7F50><FONT COLOR=#333333 SIZE=3><B>★★支払方法★</B></FONT></TD></TR></TABLE><TABLE WIDTH=100% CELLSPACING=2 BORDER=0 CELLPADDING=0><TR><TD HEIGHT=2 BGCOLOR=#CCBBAA></TD></TR></TABLE><TABLE WIDTH=100% CELLSPACING=2 BORDER=0 CELLPADDING=5><TR><TD ALIGN=left BGCOLOR=#FFF8EE><FONT COLOR=#333333 SIZE=3>●楽天銀行　振込<BR>●商品代引<BR>●クレジットカード決済<BR>●コンビニ決済（前払い）<BR>●楽天Edy決済<BR>●auかんたん決済<BR></FONT></TD></TR></TABLE></TD></TR></TABLE><BR><IMG SRC=http://image.rakuten.co.jp/auc-automax/cabinet/03561925/img63193783.gif WIDTH=600><BR><BR></CENTER><center><BR><BR><img src=http://image.rakuten.co.jp/auc-automax/cabinet/03619501/cuttingsheet-cate/imgrc0068742328.gif width=195 alt=A4> <img src=http://image.rakuten.co.jp/auc-automax/cabinet/03619501/cuttingsheet-cate/imgrc0068742325.gif width=195 alt=65x50> <img src=http://image.rakuten.co.jp/auc-automax/cabinet/03619501/cuttingsheet-cate/imgrc0068742326.gif width=195 alt=135x100><BR><br>

<img src=http://image.rakuten.co.jp/auc-automax/cabinet/03619501/cuttingsheet-cate/imgrc0068742261.jpg width=195 alt=黒> 
<img src=http://image.rakuten.co.jp/auc-automax/cabinet/03619501/cuttingsheet-cate/imgrc0068742260.jpg width=195 alt=肌> 
<img src=http://image.rakuten.co.jp/auc-automax/cabinet/03619501/cuttingsheet-cate/imgrc0068742262.jpg width=195 alt=青><BR>
<img src=http://image.rakuten.co.jp/auc-automax/cabinet/03619501/cuttingsheet-cate/imgrc0068742263.jpg width=195 alt=茶> 
<img src=http://image.rakuten.co.jp/auc-automax/cabinet/03619501/cuttingsheet-cate/imgrc0068742264.jpg width=195 alt=灰> 
<img src=http://image.rakuten.co.jp/auc-automax/cabinet/03619501/cuttingsheet-cate/imgrc0068742265.jpg width=195 alt=緑><BR>
<img src=http://image.rakuten.co.jp/auc-automax/cabinet/03619501/cuttingsheet-cate/imgrc0068742266.jpg width=195 alt=紺> 
<img src=http://image.rakuten.co.jp/auc-automax/cabinet/03619501/cuttingsheet-cate/imgrc0068742267.jpg width=195 alt=柿> 
<img src=http://image.rakuten.co.jp/auc-automax/cabinet/03619501/cuttingsheet-cate/imgrc0068742268.jpg width=195 alt=桃><BR>
<img src=http://image.rakuten.co.jp/auc-automax/cabinet/03619501/cuttingsheet-cate/imgrc0068742269.jpg width=195> 
<img src=http://image.rakuten.co.jp/auc-automax/cabinet/03619501/cuttingsheet-cate/imgrc0068742270.jpg width=195> 
<img src=http://image.rakuten.co.jp/auc-automax/cabinet/03619501/cuttingsheet-cate/imgrc0068742271.jpg width=195><BR>
<img src=http://image.rakuten.co.jp/auc-automax/cabinet/03619501/cuttingsheet-cate/imgrc0068742276.jpg width=195> 
<img src=http://image.rakuten.co.jp/auc-automax/cabinet/03619501/cuttingsheet-cate/imgrc0068742277.jpg width=195> </center><center>
<br>
<img SRC=http://image.rakuten.co.jp/auc-automax/cabinet/imgrc0067382276.gif width=670 height=400><BR>
<br>
<img SRC=http://image.rakuten.co.jp/auc-automax/cabinet/img60333004.gif width=670 height=120><BR>
<br>

<br></center>",スエード(小) パープル●スエード生地シート　糊付き アルカンターラ調 紫65cm&times;50cmスエードシートバックスキンルック曲面対応 カッティング可能シート状内装 インテリア ウォールクロス 革 レザー ステッカー シール：AUTOMAX izumi,カッティングシートモニタースタンドアルカンターラ調スエード生地シート汎用パーツ自動車アクセサリーメッキモール送料無料ステッカーカー用品バイク用品ドレスアップラグジュアリー内装外装カット済みカーフィルム大阪通販激安格安施工スエード(小) パープル●スエード生地シート　糊付き アルカンターラ調 紫65cm&times;50cmスエードシートバックスキンルック曲面対応 カッティング可能シート状内装 インテリア ウォールクロス 革 レザー ステッカー シール,この商品は送料 全国一律600円 です(北海道/沖縄除く)同梱可能。。スエード(小) パープル●スエード生地シート　糊付き アルカンターラ調 紫65cm&times;50cmスエードシートバックスキンルック曲面対応 カッティング可能シート状内装 インテリア ウォールクロス 革 レザー ステッカー シール
1-27972,http://tshop.r10s.jp/auc-automax/cabinet/02420218/02420238/img58459664.jpg?fitin=700:700,1159.2000,,日用品雑貨・文房具・手芸 > 手芸・クラフト・生地 > 生地・布,スエード(小) ワインレッド●スエード生地シート　糊付き アルカンターラ調65cm×50ｃｍスエードシートバックスキンルック曲面対応 カッティング可能シート状内装 インテリア ウォールクロス 革 レザー ステッカー シール,この商品は送料 全国一律600円 です(北海道/沖縄除く)同梱可能。,"<TR> <TD HEIGHT=6></TD> <TD HEIGHT=6></TD> <TD HEIGHT=6></TD> </TR><BR><CENTER><FONT COLOR=#CCBBAA SIZE=4><B></B></FONT><BR><BR><TABLE WIDTH=600 CELLSPACING=1 BORDER=0 CELLPADDING=1 BGCOLOR=#CCCCCC><TR><TD BGCOLOR=#FF7F50><TABLE WIDTH=100% CELLSPACING=2 BORDER=0 CELLPADDING=5><TR><TD ALIGN=left BGCOLOR=#FF7F50><FONT COLOR=#333333 SIZE=3><B>★★商品説明★★</B></FONT></TD></TR></TABLE><TABLE WIDTH=100% CELLSPACING=2 BORDER=0 CELLPADDING=0><TR><TD HEIGHT=2 BGCOLOR=#CCBBAA></TD></TR></TABLE><TABLE WIDTH=100% CELLSPACING=2 BORDER=0 CELLPADDING=5><TR><TD ALIGN=left BGCOLOR=#FFF8EE><FONT COLOR=#333333 SIZE=3>高級感のある肌触りの良いスエード調シートです。<BR>
キメ細かなリアルな起毛の質感！<BR>
<BR>
曲面への施工も可能。<BR>
愛車の内張り・ダッシュボード・コンソール<BR>
肘掛け・メーターパネル等に使用すれば<BR>
格段と高級感がアップします。<BR>
<BR>
その他、<BR>
インテリアとして様々な場所にご使用頂けます。<BR>
大きい場所、好きな場所へ施工可能。<BR>
シートの裏に糊が付いておりますので、<BR>
お取り付けも簡単に出来ます。<BR>
<BR>
只今、人気急上昇中のお勧めの逸品です。<BR>
<br>【カラー】<br>
商品名（商品タイトル）記載のカラーです。<br>
※全14種類ございます。<br>
ブラック/レッド/ホワイト/ブルー/グレー<br>パープル/ピンク/オレンジ/ベージュ/ワインレッド<br>マスタードイエロー/ネイビーブルー/ブラウン/グリーン<br><br>
<br>
【サイズ】 <br>
商品名（商品タイトル）記載のサイズです。<br>
※全３種類ございます（幅の変更は出来ません）<br>
・Ａ４サイズ　→　幅30cm×20cm  <br>
・小　　　　　→　幅65cm×50cm<br>
・大　　　　　→　幅135cm×100cm<br>
※大サイズに関しまして<br>
100cm以上をご希望の方は希望の長さ(ｍ)分ご購入下さい。<BR>
一度に10m以上ご購入に関しましては送料・代引き手数料<BR>当社が負担させて頂きます。<BR>30mまでであれば1ｍ毎に延長可能。<br>
延長をご希望の場合は、希望の長さ（m）分ご購入下さい。<br>
長さ5ｍ以上をご希望の方は在庫の有無をお電話にて<br>
ご確認下さいますようお願い申し上げます。<br><br><br>
<br>
※色/伸び/質感に関する質問が多々御座いますがモニター環境に<br>
よって色味が異なったり、感じ方に個人差がございますので<br>
不安な方はサンプルセットをご購入の上、実物をご確認頂いてから<br>商品をご購入下さいますようお願い申し上げます。<BR><br>【サンプルセット購入はコチラ】<BR><BR>
購入後の上記理由での返品はお受けできません。<br>
<br>
【注意事項】<br>
※貼り付け・車検に関するご質問はお答え致しかねます。<br>
※取り付け前に必ず商品確認を行ってください。<br>
切断・加工後の返品交換は一切お受け致しかねます。<br>
※1枚ずつ業務用切り売りでスタッフが丁寧にカットしておりますが<br>
一部に断面が歪んだり欠けしまう場合が御座います。<br>
※念の為、切り損じを1cm程度(A4サイズは5mm程度)踏まえてお考え下さい。
</FONT></TD></TR></TABLE></TD></TR></TABLE><BR><BR><BR><TABLE WIDTH=600 CELLSPACING=1 BORDER=0 CELLPADDING=1 BGCOLOR=#CCCCCC><TR><TD BGCOLOR=#FF7F50><TABLE WIDTH=100% CELLSPACING=2 BORDER=0 CELLPADDING=5><TR><TD ALIGN=left BGCOLOR=#FF7F50><FONT COLOR=#333333 SIZE=3><B>★★発送方法/送料★★</B></FONT></TD></TR></TABLE><TABLE WIDTH=100% CELLSPACING=2 BORDER=0 CELLPADDING=0><TR><TD HEIGHT=2 BGCOLOR=#CCBBAA></TD></TR></TABLE><TABLE WIDTH=100% CELLSPACING=2 BORDER=0 CELLPADDING=5><TR><TD ALIGN=left BGCOLOR=#FFF8EE><FONT COLOR=#333333 SIZE=3>商品名に【送料無料】の記載がある場合は、送料無料です。<BR>※北海道・沖縄・離島除く<BR><BR><FONT SIZE=5>【全国送料表】</FONT>をご確認下さいませ。<BR><BR>複数の商品を同梱可能です。<BR>※同梱をご希望の場合、必ず同じお買い物カゴ（カート）でご注文下さい。<BR>※別々のお買い物カゴで注文された場合は別々に梱包し発送致します。<BR>その為、送料・代引き手数料は発送個数分請求させて頂きます。<BR><BR>★発送に関する注意事項★<BR>---------------------------------------- <BR>当方指定宅急便ですので配送業者は選択できません。 <BR>時間指定は対応いたしておりません。<BR>発送連絡に記載の問い合わせ番号でご自身でご確認頂けます。<BR>離島は発送が一日遅れます。 <BR>----------------------------------------<BR>★商品代引★　　<BR>宅急便送料+別途手数料３７０円 <BR>休業日　商品ページ左バナーカレンダーに記載</FONT></TD></TR></TABLE></TD></TR></TABLE><BR><TABLE WIDTH=600 CELLSPACING=1 BORDER=0 CELLPADDING=1 BGCOLOR=#CCCCCC><TR><TD BGCOLOR=#FF7F50><TABLE WIDTH=100% CELLSPACING=2 BORDER=0 CELLPADDING=5><TR><TD ALIGN=left BGCOLOR=#FF7F50><FONT COLOR=#333333 SIZE=3><B>★★支払方法★</B></FONT></TD></TR></TABLE><TABLE WIDTH=100% CELLSPACING=2 BORDER=0 CELLPADDING=0><TR><TD HEIGHT=2 BGCOLOR=#CCBBAA></TD></TR></TABLE><TABLE WIDTH=100% CELLSPACING=2 BORDER=0 CELLPADDING=5><TR><TD ALIGN=left BGCOLOR=#FFF8EE><FONT COLOR=#333333 SIZE=3>●楽天銀行　振込<BR>●商品代引<BR>●クレジットカード決済<BR>●コンビニ決済（前払い）<BR>●楽天Edy決済<BR>●auかんたん決済<BR></FONT></TD></TR></TABLE></TD></TR></TABLE><BR><IMG SRC=http://image.rakuten.co.jp/auc-automax/cabinet/03561925/img63193783.gif WIDTH=600><BR><BR></CENTER><center><BR><BR><img src=http://image.rakuten.co.jp/auc-automax/cabinet/03619501/cuttingsheet-cate/imgrc0068742328.gif width=195 alt=A4> <img src=http://image.rakuten.co.jp/auc-automax/cabinet/03619501/cuttingsheet-cate/imgrc0068742325.gif width=195 alt=65x50> <img src=http://image.rakuten.co.jp/auc-automax/cabinet/03619501/cuttingsheet-cate/imgrc0068742326.gif width=195 alt=135x100><BR><br>

<img src=http://image.rakuten.co.jp/auc-automax/cabinet/03619501/cuttingsheet-cate/imgrc0068742261.jpg width=195 alt=黒> 
<img src=http://image.rakuten.co.jp/auc-automax/cabinet/03619501/cuttingsheet-cate/imgrc0068742260.jpg width=195 alt=肌> 
<img src=http://image.rakuten.co.jp/auc-automax/cabinet/03619501/cuttingsheet-cate/imgrc0068742262.jpg width=195 alt=青><BR>
<img src=http://image.rakuten.co.jp/auc-automax/cabinet/03619501/cuttingsheet-cate/imgrc0068742263.jpg width=195 alt=茶> 
<img src=http://image.rakuten.co.jp/auc-automax/cabinet/03619501/cuttingsheet-cate/imgrc0068742264.jpg width=195 alt=灰> 
<img src=http://image.rakuten.co.jp/auc-automax/cabinet/03619501/cuttingsheet-cate/imgrc0068742265.jpg width=195 alt=緑><BR>
<img src=http://image.rakuten.co.jp/auc-automax/cabinet/03619501/cuttingsheet-cate/imgrc0068742266.jpg width=195 alt=紺> 
<img src=http://image.rakuten.co.jp/auc-automax/cabinet/03619501/cuttingsheet-cate/imgrc0068742267.jpg width=195 alt=柿> 
<img src=http://image.rakuten.co.jp/auc-automax/cabinet/03619501/cuttingsheet-cate/imgrc0068742268.jpg width=195 alt=桃><BR>
<img src=http://image.rakuten.co.jp/auc-automax/cabinet/03619501/cuttingsheet-cate/imgrc0068742269.jpg width=195> 
<img src=http://image.rakuten.co.jp/auc-automax/cabinet/03619501/cuttingsheet-cate/imgrc0068742270.jpg width=195> 
<img src=http://image.rakuten.co.jp/auc-automax/cabinet/03619501/cuttingsheet-cate/imgrc0068742271.jpg width=195><BR>
<img src=http://image.rakuten.co.jp/auc-automax/cabinet/03619501/cuttingsheet-cate/imgrc0068742276.jpg width=195> 
<img src=http://image.rakuten.co.jp/auc-automax/cabinet/03619501/cuttingsheet-cate/imgrc0068742277.jpg width=195> </center><center>
<br>
<img SRC=http://image.rakuten.co.jp/auc-automax/cabinet/imgrc0067382276.gif width=670 height=400><BR>
<br>
<img SRC=http://image.rakuten.co.jp/auc-automax/cabinet/img60333004.gif width=670 height=120><BR>
<br>

<br></center>",スエード(小) ワインレッド●スエード生地シート　糊付き アルカンターラ調65cm&times;50ｃｍスエードシートバックスキンルック曲面対応 カッティング可能シート状内装 インテリア ウォールクロス 革 レザー ステッカー シール：AUTOMAX izumi,カッティングシートモニタースタンドアルカンターラ調スエード生地シート汎用パーツ自動車アクセサリーメッキモール送料無料ステッカーカー用品バイク用品ドレスアップラグジュアリー内装外装カット済みカーフィルム大阪通販激安格安施工スエード(小) ワインレッド●スエード生地シート　糊付き アルカンターラ調65cm&times;50ｃｍスエードシートバックスキンルック曲面対応 カッティング可能シート状内装 インテリア ウォールクロス 革 レザー ステッカー シール,この商品は送料 全国一律600円 です(北海道/沖縄除く)同梱可能。。スエード(小) ワインレッド●スエード生地シート　糊付き アルカンターラ調65cm&times;50ｃｍスエードシートバックスキンルック曲面対応 カッティング可能シート状内装 インテリア ウォールクロス 革 レザー ステッカー シール
1-27973,http://tshop.r10s.jp/auc-automax/cabinet/02420218/02420238/img65440452.jpg?fitin=700:700,1159.2000,,日用品雑貨・文房具・手芸 > 手芸・クラフト・生地 > 生地・布,スエード(小) 紺●スエード生地シート　糊付き アルカンターラ調 ネイビーブルー65cm×50cmスエードシートバックスキンルック曲面対応 カッティング可能シート状内装 インテリア ウォールクロス 革 レザー ステッカー,この商品は送料 全国一律600円 です(北海道/沖縄除く)同梱可能。,"<TR> <TD HEIGHT=6></TD> <TD HEIGHT=6></TD> <TD HEIGHT=6></TD> </TR><BR><CENTER><FONT COLOR=#CCBBAA SIZE=4><B></B></FONT><BR><BR><TABLE WIDTH=600 CELLSPACING=1 BORDER=0 CELLPADDING=1 BGCOLOR=#CCCCCC><TR><TD BGCOLOR=#FF7F50><TABLE WIDTH=100% CELLSPACING=2 BORDER=0 CELLPADDING=5><TR><TD ALIGN=left BGCOLOR=#FF7F50><FONT COLOR=#333333 SIZE=3><B>★★商品説明★★</B></FONT></TD></TR></TABLE><TABLE WIDTH=100% CELLSPACING=2 BORDER=0 CELLPADDING=0><TR><TD HEIGHT=2 BGCOLOR=#CCBBAA></TD></TR></TABLE><TABLE WIDTH=100% CELLSPACING=2 BORDER=0 CELLPADDING=5><TR><TD ALIGN=left BGCOLOR=#FFF8EE><FONT COLOR=#333333 SIZE=3>高級感のある肌触りの良いスエード調シートです。<BR>
キメ細かなリアルな起毛の質感！<BR>
<BR>
曲面への施工も可能。<BR>
愛車の内張り・ダッシュボード・コンソール<BR>
肘掛け・メーターパネル等に使用すれば<BR>
格段と高級感がアップします。<BR>
<BR>
その他、<BR>
インテリアとして様々な場所にご使用頂けます。<BR>
大きい場所、好きな場所へ施工可能。<BR>
シートの裏に糊が付いておりますので、<BR>
お取り付けも簡単に出来ます。<BR>
<BR>
只今、人気急上昇中のお勧めの逸品です。<BR>
<br>【カラー】<br>
商品名（商品タイトル）記載のカラーです。<br>
※全14種類ございます。<br>
ブラック/レッド/ホワイト/ブルー/グレー<br>パープル/ピンク/オレンジ/ベージュ/ワインレッド<br>マスタードイエロー/ネイビーブルー/ブラウン/グリーン<br><br>
<br>
【サイズ】 <br>
商品名（商品タイトル）記載のサイズです。<br>
※全３種類ございます（幅の変更は出来ません）<br>
・Ａ４サイズ　→　幅30cm×20cm  <br>
・小　　　　　→　幅65cm×50cm<br>
・大　　　　　→　幅135cm×100cm<br>
※大サイズに関しまして<br>
100cm以上をご希望の方は希望の長さ(ｍ)分ご購入下さい。<BR>
一度に10m以上ご購入に関しましては送料・代引き手数料<BR>当社が負担させて頂きます。<BR>30mまでであれば1ｍ毎に延長可能。<br>
延長をご希望の場合は、希望の長さ（m）分ご購入下さい。<br>
長さ5ｍ以上をご希望の方は在庫の有無をお電話にて<br>
ご確認下さいますようお願い申し上げます。<br><br><br>
<br>
※色/伸び/質感に関する質問が多々御座いますがモニター環境に<br>
よって色味が異なったり、感じ方に個人差がございますので<br>
不安な方はサンプルセットをご購入の上、実物をご確認頂いてから<br>商品をご購入下さいますようお願い申し上げます。<BR><br>【サンプルセット購入はコチラ】<BR><BR>
購入後の上記理由での返品はお受けできません。<br>
<br>
【注意事項】<br>
※貼り付け・車検に関するご質問はお答え致しかねます。<br>
※取り付け前に必ず商品確認を行ってください。<br>
切断・加工後の返品交換は一切お受け致しかねます。<br>
※1枚ずつ業務用切り売りでスタッフが丁寧にカットしておりますが<br>
一部に断面が歪んだり欠けしまう場合が御座います。<br>
※念の為、切り損じを1cm程度(A4サイズは5mm程度)踏まえてお考え下さい。
</FONT></TD></TR></TABLE></TD></TR></TABLE><BR><BR><BR><TABLE WIDTH=600 CELLSPACING=1 BORDER=0 CELLPADDING=1 BGCOLOR=#CCCCCC><TR><TD BGCOLOR=#FF7F50><TABLE WIDTH=100% CELLSPACING=2 BORDER=0 CELLPADDING=5><TR><TD ALIGN=left BGCOLOR=#FF7F50><FONT COLOR=#333333 SIZE=3><B>★★発送方法/送料★★</B></FONT></TD></TR></TABLE><TABLE WIDTH=100% CELLSPACING=2 BORDER=0 CELLPADDING=0><TR><TD HEIGHT=2 BGCOLOR=#CCBBAA></TD></TR></TABLE><TABLE WIDTH=100% CELLSPACING=2 BORDER=0 CELLPADDING=5><TR><TD ALIGN=left BGCOLOR=#FFF8EE><FONT COLOR=#333333 SIZE=3>商品名に【送料無料】の記載がある場合は、送料無料です。<BR>※北海道・沖縄・離島除く<BR><BR><FONT SIZE=5>【全国送料表】</FONT>をご確認下さいませ。<BR><BR>複数の商品を同梱可能です。<BR>※同梱をご希望の場合、必ず同じお買い物カゴ（カート）でご注文下さい。<BR>※別々のお買い物カゴで注文された場合は別々に梱包し発送致します。<BR>その為、送料・代引き手数料は発送個数分請求させて頂きます。<BR><BR>★発送に関する注意事項★<BR>---------------------------------------- <BR>当方指定宅急便ですので配送業者は選択できません。 <BR>時間指定は対応いたしておりません。<BR>発送連絡に記載の問い合わせ番号でご自身でご確認頂けます。<BR>離島は発送が一日遅れます。 <BR>----------------------------------------<BR>★商品代引★　　<BR>宅急便送料+別途手数料３７０円 <BR>休業日　商品ページ左バナーカレンダーに記載</FONT></TD></TR></TABLE></TD></TR></TABLE><BR><TABLE WIDTH=600 CELLSPACING=1 BORDER=0 CELLPADDING=1 BGCOLOR=#CCCCCC><TR><TD BGCOLOR=#FF7F50><TABLE WIDTH=100% CELLSPACING=2 BORDER=0 CELLPADDING=5><TR><TD ALIGN=left BGCOLOR=#FF7F50><FONT COLOR=#333333 SIZE=3><B>★★支払方法★</B></FONT></TD></TR></TABLE><TABLE WIDTH=100% CELLSPACING=2 BORDER=0 CELLPADDING=0><TR><TD HEIGHT=2 BGCOLOR=#CCBBAA></TD></TR></TABLE><TABLE WIDTH=100% CELLSPACING=2 BORDER=0 CELLPADDING=5><TR><TD ALIGN=left BGCOLOR=#FFF8EE><FONT COLOR=#333333 SIZE=3>●楽天銀行　振込<BR>●商品代引<BR>●クレジットカード決済<BR>●コンビニ決済（前払い）<BR>●楽天Edy決済<BR>●auかんたん決済<BR></FONT></TD></TR></TABLE></TD></TR></TABLE><BR><IMG SRC=http://image.rakuten.co.jp/auc-automax/cabinet/03561925/img63193783.gif WIDTH=600><BR><BR></CENTER><center><BR><BR><img src=http://image.rakuten.co.jp/auc-automax/cabinet/03619501/cuttingsheet-cate/imgrc0068742328.gif width=195 alt=A4> <img src=http://image.rakuten.co.jp/auc-automax/cabinet/03619501/cuttingsheet-cate/imgrc0068742325.gif width=195 alt=65x50> <img src=http://image.rakuten.co.jp/auc-automax/cabinet/03619501/cuttingsheet-cate/imgrc0068742326.gif width=195 alt=135x100><BR><br>

<img src=http://image.rakuten.co.jp/auc-automax/cabinet/03619501/cuttingsheet-cate/imgrc0068742261.jpg width=195 alt=黒> 
<img src=http://image.rakuten.co.jp/auc-automax/cabinet/03619501/cuttingsheet-cate/imgrc0068742260.jpg width=195 alt=肌> 
<img src=http://image.rakuten.co.jp/auc-automax/cabinet/03619501/cuttingsheet-cate/imgrc0068742262.jpg width=195 alt=青><BR>
<img src=http://image.rakuten.co.jp/auc-automax/cabinet/03619501/cuttingsheet-cate/imgrc0068742263.jpg width=195 alt=茶> 
<img src=http://image.rakuten.co.jp/auc-automax/cabinet/03619501/cuttingsheet-cate/imgrc0068742264.jpg width=195 alt=灰> 
<img src=http://image.rakuten.co.jp/auc-automax/cabinet/03619501/cuttingsheet-cate/imgrc0068742265.jpg width=195 alt=緑><BR>
<img src=http://image.rakuten.co.jp/auc-automax/cabinet/03619501/cuttingsheet-cate/imgrc0068742266.jpg width=195 alt=紺> 
<img src=http://image.rakuten.co.jp/auc-automax/cabinet/03619501/cuttingsheet-cate/imgrc0068742267.jpg width=195 alt=柿> 
<img src=http://image.rakuten.co.jp/auc-automax/cabinet/03619501/cuttingsheet-cate/imgrc0068742268.jpg width=195 alt=桃><BR>
<img src=http://image.rakuten.co.jp/auc-automax/cabinet/03619501/cuttingsheet-cate/imgrc0068742269.jpg width=195> 
<img src=http://image.rakuten.co.jp/auc-automax/cabinet/03619501/cuttingsheet-cate/imgrc0068742270.jpg width=195> 
<img src=http://image.rakuten.co.jp/auc-automax/cabinet/03619501/cuttingsheet-cate/imgrc0068742271.jpg width=195><BR>
<img src=http://image.rakuten.co.jp/auc-automax/cabinet/03619501/cuttingsheet-cate/imgrc0068742276.jpg width=195> 
<img src=http://image.rakuten.co.jp/auc-automax/cabinet/03619501/cuttingsheet-cate/imgrc0068742277.jpg width=195> </center><center>
<br>
<img SRC=http://image.rakuten.co.jp/auc-automax/cabinet/imgrc0067382276.gif width=670 height=400><BR>
<br>
<img SRC=http://image.rakuten.co.jp/auc-automax/cabinet/img60333004.gif width=670 height=120><BR>
<br>

<br></center>",スエード(小) 紺●スエード生地シート　糊付き アルカンターラ調 ネイビーブルー65cm&times;50cmスエードシートバックスキンルック曲面対応 カッティング可能シート状内装 インテリア ウォールクロス 革 レザー ステッカー：AUTOMAX izumi,カッティングシートモニタースタンドアルカンターラ調スエード生地シート汎用パーツ自動車アクセサリーメッキモール送料無料ステッカーカー用品バイク用品ドレスアップラグジュアリー内装外装カット済みカーフィルム大阪通販激安格安施工スエード(小) 紺●スエード生地シート　糊付き アルカンターラ調 ネイビーブルー65cm&times;50cmスエードシートバックスキンルック曲面対応 カッティング可能シート状内装 インテリア ウォールクロス 革 レザー ステッカー,この商品は送料 全国一律600円 です(北海道/沖縄除く)同梱可能。。スエード(小) 紺●スエード生地シート　糊付き アルカンターラ調 ネイビーブルー65cm&times;50cmスエードシートバックスキンルック曲面対応 カッティング可能シート状内装 インテリア ウォールクロス 革 レザー ステッカー
1-27974,http://tshop.r10s.jp/auc-automax/cabinet/02420218/02420238/img58126747.jpg?fitin=700:700,1159.2000,,日用品雑貨・文房具・手芸 > 手芸・クラフト・生地 > 生地・布,スエード(小) パープル●スエード生地シート　糊付き アルカンターラ調 紫65cm×50cmスエードシートバックスキンルック曲面対応 カッティング可能シート状内装 インテリア ウォールクロス 革 レザー ステッカー シール,この商品は送料 全国一律600円 です(北海道/沖縄除く)同梱可能。,"<TR> <TD HEIGHT=6></TD> <TD HEIGHT=6></TD> <TD HEIGHT=6></TD> </TR><BR><CENTER><FONT COLOR=#CCBBAA SIZE=4><B></B></FONT><BR><BR><TABLE WIDTH=600 CELLSPACING=1 BORDER=0 CELLPADDING=1 BGCOLOR=#CCCCCC><TR><TD BGCOLOR=#FF7F50><TABLE WIDTH=100% CELLSPACING=2 BORDER=0 CELLPADDING=5><TR><TD ALIGN=left BGCOLOR=#FF7F50><FONT COLOR=#333333 SIZE=3><B>★★商品説明★★</B></FONT></TD></TR></TABLE><TABLE WIDTH=100% CELLSPACING=2 BORDER=0 CELLPADDING=0><TR><TD HEIGHT=2 BGCOLOR=#CCBBAA></TD></TR></TABLE><TABLE WIDTH=100% CELLSPACING=2 BORDER=0 CELLPADDING=5><TR><TD ALIGN=left BGCOLOR=#FFF8EE><FONT COLOR=#333333 SIZE=3>高級感のある肌触りの良いスエード調シートです。<BR>
キメ細かなリアルな起毛の質感！<BR>
<BR>
曲面への施工も可能。<BR>
愛車の内張り・ダッシュボード・コンソール<BR>
肘掛け・メーターパネル等に使用すれば<BR>
格段と高級感がアップします。<BR>
<BR>
その他、<BR>
インテリアとして様々な場所にご使用頂けます。<BR>
大きい場所、好きな場所へ施工可能。<BR>
シートの裏に糊が付いておりますので、<BR>
お取り付けも簡単に出来ます。<BR>
<BR>
只今、人気急上昇中のお勧めの逸品です。<BR>
<br>【カラー】<br>
商品名（商品タイトル）記載のカラーです。<br>
※全14種類ございます。<br>
ブラック/レッド/ホワイト/ブルー/グレー<br>パープル/ピンク/オレンジ/ベージュ/ワインレッド<br>マスタードイエロー/ネイビーブルー/ブラウン/グリーン<br><br>
<br>
【サイズ】 <br>
商品名（商品タイトル）記載のサイズです。<br>
※全３種類ございます（幅の変更は出来ません）<br>
・Ａ４サイズ　→　幅30cm×20cm  <br>
・小　　　　　→　幅65cm×50cm<br>
・大　　　　　→　幅135cm×100cm<br>
※大サイズに関しまして<br>
100cm以上をご希望の方は希望の長さ(ｍ)分ご購入下さい。<BR>
一度に10m以上ご購入に関しましては送料・代引き手数料<BR>当社が負担させて頂きます。<BR>30mまでであれば1ｍ毎に延長可能。<br>
延長をご希望の場合は、希望の長さ（m）分ご購入下さい。<br>
長さ5ｍ以上をご希望の方は在庫の有無をお電話にて<br>
ご確認下さいますようお願い申し上げます。<br><br><br>
<br>
※色/伸び/質感に関する質問が多々御座いますがモニター環境に<br>
よって色味が異なったり、感じ方に個人差がございますので<br>
不安な方はサンプルセットをご購入の上、実物をご確認頂いてから<br>商品をご購入下さいますようお願い申し上げます。<BR><br>【サンプルセット購入はコチラ】<BR><BR>
購入後の上記理由での返品はお受けできません。<br>
<br>
【注意事項】<br>
※貼り付け・車検に関するご質問はお答え致しかねます。<br>
※取り付け前に必ず商品確認を行ってください。<br>
切断・加工後の返品交換は一切お受け致しかねます。<br>
※1枚ずつ業務用切り売りでスタッフが丁寧にカットしておりますが<br>
一部に断面が歪んだり欠けしまう場合が御座います。<br>
※念の為、切り損じを1cm程度(A4サイズは5mm程度)踏まえてお考え下さい。
</FONT></TD></TR></TABLE></TD></TR></TABLE><BR><BR><BR><TABLE WIDTH=600 CELLSPACING=1 BORDER=0 CELLPADDING=1 BGCOLOR=#CCCCCC><TR><TD BGCOLOR=#FF7F50><TABLE WIDTH=100% CELLSPACING=2 BORDER=0 CELLPADDING=5><TR><TD ALIGN=left BGCOLOR=#FF7F50><FONT COLOR=#333333 SIZE=3><B>★★発送方法/送料★★</B></FONT></TD></TR></TABLE><TABLE WIDTH=100% CELLSPACING=2 BORDER=0 CELLPADDING=0><TR><TD HEIGHT=2 BGCOLOR=#CCBBAA></TD></TR></TABLE><TABLE WIDTH=100% CELLSPACING=2 BORDER=0 CELLPADDING=5><TR><TD ALIGN=left BGCOLOR=#FFF8EE><FONT COLOR=#333333 SIZE=3>商品名に【送料無料】の記載がある場合は、送料無料です。<BR>※北海道・沖縄・離島除く<BR><BR><FONT SIZE=5>【全国送料表】</FONT>をご確認下さいませ。<BR><BR>複数の商品を同梱可能です。<BR>※同梱をご希望の場合、必ず同じお買い物カゴ（カート）でご注文下さい。<BR>※別々のお買い物カゴで注文された場合は別々に梱包し発送致します。<BR>その為、送料・代引き手数料は発送個数分請求させて頂きます。<BR><BR>★発送に関する注意事項★<BR>---------------------------------------- <BR>当方指定宅急便ですので配送業者は選択できません。 <BR>時間指定は対応いたしておりません。<BR>発送連絡に記載の問い合わせ番号でご自身でご確認頂けます。<BR>離島は発送が一日遅れます。 <BR>----------------------------------------<BR>★商品代引★　　<BR>宅急便送料+別途手数料３７０円 <BR>休業日　商品ページ左バナーカレンダーに記載</FONT></TD></TR></TABLE></TD></TR></TABLE><BR><TABLE WIDTH=600 CELLSPACING=1 BORDER=0 CELLPADDING=1 BGCOLOR=#CCCCCC><TR><TD BGCOLOR=#FF7F50><TABLE WIDTH=100% CELLSPACING=2 BORDER=0 CELLPADDING=5><TR><TD ALIGN=left BGCOLOR=#FF7F50><FONT COLOR=#333333 SIZE=3><B>★★支払方法★</B></FONT></TD></TR></TABLE><TABLE WIDTH=100% CELLSPACING=2 BORDER=0 CELLPADDING=0><TR><TD HEIGHT=2 BGCOLOR=#CCBBAA></TD></TR></TABLE><TABLE WIDTH=100% CELLSPACING=2 BORDER=0 CELLPADDING=5><TR><TD ALIGN=left BGCOLOR=#FFF8EE><FONT COLOR=#333333 SIZE=3>●楽天銀行　振込<BR>●商品代引<BR>●クレジットカード決済<BR>●コンビニ決済（前払い）<BR>●楽天Edy決済<BR>●auかんたん決済<BR></FONT></TD></TR></TABLE></TD></TR></TABLE><BR><IMG SRC=http://image.rakuten.co.jp/auc-automax/cabinet/03561925/img63193783.gif WIDTH=600><BR><BR></CENTER><center><BR><BR><img src=http://image.rakuten.co.jp/auc-automax/cabinet/03619501/cuttingsheet-cate/imgrc0068742328.gif width=195 alt=A4> <img src=http://image.rakuten.co.jp/auc-automax/cabinet/03619501/cuttingsheet-cate/imgrc0068742325.gif width=195 alt=65x50> <img src=http://image.rakuten.co.jp/auc-automax/cabinet/03619501/cuttingsheet-cate/imgrc0068742326.gif width=195 alt=135x100><BR><br>

<img src=http://image.rakuten.co.jp/auc-automax/cabinet/03619501/cuttingsheet-cate/imgrc0068742261.jpg width=195 alt=黒> 
<img src=http://image.rakuten.co.jp/auc-automax/cabinet/03619501/cuttingsheet-cate/imgrc0068742260.jpg width=195 alt=肌> 
<img src=http://image.rakuten.co.jp/auc-automax/cabinet/03619501/cuttingsheet-cate/imgrc0068742262.jpg width=195 alt=青><BR>
<img src=http://image.rakuten.co.jp/auc-automax/cabinet/03619501/cuttingsheet-cate/imgrc0068742263.jpg width=195 alt=茶> 
<img src=http://image.rakuten.co.jp/auc-automax/cabinet/03619501/cuttingsheet-cate/imgrc0068742264.jpg width=195 alt=灰> 
<img src=http://image.rakuten.co.jp/auc-automax/cabinet/03619501/cuttingsheet-cate/imgrc0068742265.jpg width=195 alt=緑><BR>
<img src=http://image.rakuten.co.jp/auc-automax/cabinet/03619501/cuttingsheet-cate/imgrc0068742266.jpg width=195 alt=紺> 
<img src=http://image.rakuten.co.jp/auc-automax/cabinet/03619501/cuttingsheet-cate/imgrc0068742267.jpg width=195 alt=柿> 
<img src=http://image.rakuten.co.jp/auc-automax/cabinet/03619501/cuttingsheet-cate/imgrc0068742268.jpg width=195 alt=桃><BR>
<img src=http://image.rakuten.co.jp/auc-automax/cabinet/03619501/cuttingsheet-cate/imgrc0068742269.jpg width=195> 
<img src=http://image.rakuten.co.jp/auc-automax/cabinet/03619501/cuttingsheet-cate/imgrc0068742270.jpg width=195> 
<img src=http://image.rakuten.co.jp/auc-automax/cabinet/03619501/cuttingsheet-cate/imgrc0068742271.jpg width=195><BR>
<img src=http://image.rakuten.co.jp/auc-automax/cabinet/03619501/cuttingsheet-cate/imgrc0068742276.jpg width=195> 
<img src=http://image.rakuten.co.jp/auc-automax/cabinet/03619501/cuttingsheet-cate/imgrc0068742277.jpg width=195> </center><center>
<br>
<img SRC=http://image.rakuten.co.jp/auc-automax/cabinet/imgrc0067382276.gif width=670 height=400><BR>
<br>
<img SRC=http://image.rakuten.co.jp/auc-automax/cabinet/img60333004.gif width=670 height=120><BR>
<br>

<br></center>",スエード(小) パープル●スエード生地シート　糊付き アルカンターラ調 紫65cm&times;50cmスエードシートバックスキンルック曲面対応 カッティング可能シート状内装 インテリア ウォールクロス 革 レザー ステッカー シール：AUTOMAX izumi,カッティングシートモニタースタンドアルカンターラ調スエード生地シート汎用パーツ自動車アクセサリーメッキモール送料無料ステッカーカー用品バイク用品ドレスアップラグジュアリー内装外装カット済みカーフィルム大阪通販激安格安施工スエード(小) パープル●スエード生地シート　糊付き アルカンターラ調 紫65cm&times;50cmスエードシートバックスキンルック曲面対応 カッティング可能シート状内装 インテリア ウォールクロス 革 レザー ステッカー シール,この商品は送料 全国一律600円 です(北海道/沖縄除く)同梱可能。。スエード(小) パープル●スエード生地シート　糊付き アルカンターラ調 紫65cm&times;50cmスエードシートバックスキンルック曲面対応 カッティング可能シート状内装 インテリア ウォールクロス 革 レザー ステッカー シール
1-27975,http://tshop.r10s.jp/auc-automax/cabinet/02420218/02420238/img65440444.jpg?fitin=700:700,1159.2000,,日用品雑貨・文房具・手芸 > 手芸・クラフト・生地 > 生地・布,スエード(小) 茶●スエード生地シート　糊付き アルカンターラ調 ブラウン65cm×50cmスエードシートバックスキンルック曲面対応 カッティング可能シート状内装 インテリア ウォールクロス 革 レザー ステッカー,この商品は送料 全国一律600円 です(北海道/沖縄除く)同梱可能。,"<TR> <TD HEIGHT=6></TD> <TD HEIGHT=6></TD> <TD HEIGHT=6></TD> </TR><BR><CENTER><FONT COLOR=#CCBBAA SIZE=4><B></B></FONT><BR><BR><TABLE WIDTH=600 CELLSPACING=1 BORDER=0 CELLPADDING=1 BGCOLOR=#CCCCCC><TR><TD BGCOLOR=#FF7F50><TABLE WIDTH=100% CELLSPACING=2 BORDER=0 CELLPADDING=5><TR><TD ALIGN=left BGCOLOR=#FF7F50><FONT COLOR=#333333 SIZE=3><B>★★商品説明★★</B></FONT></TD></TR></TABLE><TABLE WIDTH=100% CELLSPACING=2 BORDER=0 CELLPADDING=0><TR><TD HEIGHT=2 BGCOLOR=#CCBBAA></TD></TR></TABLE><TABLE WIDTH=100% CELLSPACING=2 BORDER=0 CELLPADDING=5><TR><TD ALIGN=left BGCOLOR=#FFF8EE><FONT COLOR=#333333 SIZE=3>高級感のある肌触りの良いスエード調シートです。<BR>
キメ細かなリアルな起毛の質感！<BR>
<BR>
曲面への施工も可能。<BR>
愛車の内張り・ダッシュボード・コンソール<BR>
肘掛け・メーターパネル等に使用すれば<BR>
格段と高級感がアップします。<BR>
<BR>
その他、<BR>
インテリアとして様々な場所にご使用頂けます。<BR>
大きい場所、好きな場所へ施工可能。<BR>
シートの裏に糊が付いておりますので、<BR>
お取り付けも簡単に出来ます。<BR>
<BR>
只今、人気急上昇中のお勧めの逸品です。<BR>
<br>【カラー】<br>
商品名（商品タイトル）記載のカラーです。<br>
※全14種類ございます。<br>
ブラック/レッド/ホワイト/ブルー/グレー<br>パープル/ピンク/オレンジ/ベージュ/ワインレッド<br>マスタードイエロー/ネイビーブルー/ブラウン/グリーン<br><br>
<br>
【サイズ】 <br>
商品名（商品タイトル）記載のサイズです。<br>
※全３種類ございます（幅の変更は出来ません）<br>
・Ａ４サイズ　→　幅30cm×20cm  <br>
・小　　　　　→　幅65cm×50cm<br>
・大　　　　　→　幅135cm×100cm<br>
※大サイズに関しまして<br>
100cm以上をご希望の方は希望の長さ(ｍ)分ご購入下さい。<BR>
一度に10m以上ご購入に関しましては送料・代引き手数料<BR>当社が負担させて頂きます。<BR>30mまでであれば1ｍ毎に延長可能。<br>
延長をご希望の場合は、希望の長さ（m）分ご購入下さい。<br>
長さ5ｍ以上をご希望の方は在庫の有無をお電話にて<br>
ご確認下さいますようお願い申し上げます。<br><br><br>
<br>
※色/伸び/質感に関する質問が多々御座いますがモニター環境に<br>
よって色味が異なったり、感じ方に個人差がございますので<br>
不安な方はサンプルセットをご購入の上、実物をご確認頂いてから<br>商品をご購入下さいますようお願い申し上げます。<BR><br>【サンプルセット購入はコチラ】<BR><BR>
購入後の上記理由での返品はお受けできません。<br>
<br>
【注意事項】<br>
※貼り付け・車検に関するご質問はお答え致しかねます。<br>
※取り付け前に必ず商品確認を行ってください。<br>
切断・加工後の返品交換は一切お受け致しかねます。<br>
※1枚ずつ業務用切り売りでスタッフが丁寧にカットしておりますが<br>
一部に断面が歪んだり欠けしまう場合が御座います。<br>
※念の為、切り損じを1cm程度(A4サイズは5mm程度)踏まえてお考え下さい。
</FONT></TD></TR></TABLE></TD></TR></TABLE><BR><BR><BR><TABLE WIDTH=600 CELLSPACING=1 BORDER=0 CELLPADDING=1 BGCOLOR=#CCCCCC><TR><TD BGCOLOR=#FF7F50><TABLE WIDTH=100% CELLSPACING=2 BORDER=0 CELLPADDING=5><TR><TD ALIGN=left BGCOLOR=#FF7F50><FONT COLOR=#333333 SIZE=3><B>★★発送方法/送料★★</B></FONT></TD></TR></TABLE><TABLE WIDTH=100% CELLSPACING=2 BORDER=0 CELLPADDING=0><TR><TD HEIGHT=2 BGCOLOR=#CCBBAA></TD></TR></TABLE><TABLE WIDTH=100% CELLSPACING=2 BORDER=0 CELLPADDING=5><TR><TD ALIGN=left BGCOLOR=#FFF8EE><FONT COLOR=#333333 SIZE=3>商品名に【送料無料】の記載がある場合は、送料無料です。<BR>※北海道・沖縄・離島除く<BR><BR><FONT SIZE=5>【全国送料表】</FONT>をご確認下さいませ。<BR><BR>複数の商品を同梱可能です。<BR>※同梱をご希望の場合、必ず同じお買い物カゴ（カート）でご注文下さい。<BR>※別々のお買い物カゴで注文された場合は別々に梱包し発送致します。<BR>その為、送料・代引き手数料は発送個数分請求させて頂きます。<BR><BR>★発送に関する注意事項★<BR>---------------------------------------- <BR>当方指定宅急便ですので配送業者は選択できません。 <BR>時間指定は対応いたしておりません。<BR>発送連絡に記載の問い合わせ番号でご自身でご確認頂けます。<BR>離島は発送が一日遅れます。 <BR>----------------------------------------<BR>★商品代引★　　<BR>宅急便送料+別途手数料３７０円 <BR>休業日　商品ページ左バナーカレンダーに記載</FONT></TD></TR></TABLE></TD></TR></TABLE><BR><TABLE WIDTH=600 CELLSPACING=1 BORDER=0 CELLPADDING=1 BGCOLOR=#CCCCCC><TR><TD BGCOLOR=#FF7F50><TABLE WIDTH=100% CELLSPACING=2 BORDER=0 CELLPADDING=5><TR><TD ALIGN=left BGCOLOR=#FF7F50><FONT COLOR=#333333 SIZE=3><B>★★支払方法★</B></FONT></TD></TR></TABLE><TABLE WIDTH=100% CELLSPACING=2 BORDER=0 CELLPADDING=0><TR><TD HEIGHT=2 BGCOLOR=#CCBBAA></TD></TR></TABLE><TABLE WIDTH=100% CELLSPACING=2 BORDER=0 CELLPADDING=5><TR><TD ALIGN=left BGCOLOR=#FFF8EE><FONT COLOR=#333333 SIZE=3>●楽天銀行　振込<BR>●商品代引<BR>●クレジットカード決済<BR>●コンビニ決済（前払い）<BR>●楽天Edy決済<BR>●auかんたん決済<BR></FONT></TD></TR></TABLE></TD></TR></TABLE><BR><IMG SRC=http://image.rakuten.co.jp/auc-automax/cabinet/03561925/img63193783.gif WIDTH=600><BR><BR></CENTER><center><BR><BR><img src=http://image.rakuten.co.jp/auc-automax/cabinet/03619501/cuttingsheet-cate/imgrc0068742328.gif width=195 alt=A4> <img src=http://image.rakuten.co.jp/auc-automax/cabinet/03619501/cuttingsheet-cate/imgrc0068742325.gif width=195 alt=65x50> <img src=http://image.rakuten.co.jp/auc-automax/cabinet/03619501/cuttingsheet-cate/imgrc0068742326.gif width=195 alt=135x100><BR><br>

<img src=http://image.rakuten.co.jp/auc-automax/cabinet/03619501/cuttingsheet-cate/imgrc0068742261.jpg width=195 alt=黒> 
<img src=http://image.rakuten.co.jp/auc-automax/cabinet/03619501/cuttingsheet-cate/imgrc0068742260.jpg width=195 alt=肌> 
<img src=http://image.rakuten.co.jp/auc-automax/cabinet/03619501/cuttingsheet-cate/imgrc0068742262.jpg width=195 alt=青><BR>
<img src=http://image.rakuten.co.jp/auc-automax/cabinet/03619501/cuttingsheet-cate/imgrc0068742263.jpg width=195 alt=茶> 
<img src=http://image.rakuten.co.jp/auc-automax/cabinet/03619501/cuttingsheet-cate/imgrc0068742264.jpg width=195 alt=灰> 
<img src=http://image.rakuten.co.jp/auc-automax/cabinet/03619501/cuttingsheet-cate/imgrc0068742265.jpg width=195 alt=緑><BR>
<img src=http://image.rakuten.co.jp/auc-automax/cabinet/03619501/cuttingsheet-cate/imgrc0068742266.jpg width=195 alt=紺> 
<img src=http://image.rakuten.co.jp/auc-automax/cabinet/03619501/cuttingsheet-cate/imgrc0068742267.jpg width=195 alt=柿> 
<img src=http://image.rakuten.co.jp/auc-automax/cabinet/03619501/cuttingsheet-cate/imgrc0068742268.jpg width=195 alt=桃><BR>
<img src=http://image.rakuten.co.jp/auc-automax/cabinet/03619501/cuttingsheet-cate/imgrc0068742269.jpg width=195> 
<img src=http://image.rakuten.co.jp/auc-automax/cabinet/03619501/cuttingsheet-cate/imgrc0068742270.jpg width=195> 
<img src=http://image.rakuten.co.jp/auc-automax/cabinet/03619501/cuttingsheet-cate/imgrc0068742271.jpg width=195><BR>
<img src=http://image.rakuten.co.jp/auc-automax/cabinet/03619501/cuttingsheet-cate/imgrc0068742276.jpg width=195> 
<img src=http://image.rakuten.co.jp/auc-automax/cabinet/03619501/cuttingsheet-cate/imgrc0068742277.jpg width=195> </center><center>
<br>
<img SRC=http://image.rakuten.co.jp/auc-automax/cabinet/imgrc0067382276.gif width=670 height=400><BR>
<br>
<img SRC=http://image.rakuten.co.jp/auc-automax/cabinet/img60333004.gif width=670 height=120><BR>
<br>

<br></center>",スエード(小) 茶●スエード生地シート　糊付き アルカンターラ調 ブラウン65cm&times;50cmスエードシートバックスキンルック曲面対応 カッティング可能シート状内装 インテリア ウォールクロス 革 レザー ステッカー：AUTOMAX izumi,カッティングシートモニタースタンドアルカンターラ調スエード生地シート汎用パーツ自動車アクセサリーメッキモール送料無料ステッカーカー用品バイク用品ドレスアップラグジュアリー内装外装カット済みカーフィルム大阪通販激安格安施工スエード(小) 茶●スエード生地シート　糊付き アルカンターラ調 ブラウン65cm&times;50cmスエードシートバックスキンルック曲面対応 カッティング可能シート状内装 インテリア ウォールクロス 革 レザー ステッカー,この商品は送料 全国一律600円 です(北海道/沖縄除く)同梱可能。。スエード(小) 茶●スエード生地シート　糊付き アルカンターラ調 ブラウン65cm&times;50cmスエードシートバックスキンルック曲面対応 カッティング可能シート状内装 インテリア ウォールクロス 革 レザー ステッカー
1-27976,http://tshop.r10s.jp/auc-automax/cabinet/02420218/02420238/img58126746.jpg?fitin=700:700,1159.2000,,日用品雑貨・文房具・手芸 > 手芸・クラフト・生地 > 生地・布,スエード(小) 柿●スエード生地シート　糊付き アルカンターラ調 オレンジ65cm×50ｃｍスエードシートバックスキンルック曲面対応 カッティング可能シート状内装 インテリア ウォールクロス 革 レザー ステッカー シール,この商品は送料 全国一律600円 です(北海道/沖縄除く)同梱可能。,"<TR> <TD HEIGHT=6></TD> <TD HEIGHT=6></TD> <TD HEIGHT=6></TD> </TR><BR><CENTER><FONT COLOR=#CCBBAA SIZE=4><B></B></FONT><BR><BR><TABLE WIDTH=600 CELLSPACING=1 BORDER=0 CELLPADDING=1 BGCOLOR=#CCCCCC><TR><TD BGCOLOR=#FF7F50><TABLE WIDTH=100% CELLSPACING=2 BORDER=0 CELLPADDING=5><TR><TD ALIGN=left BGCOLOR=#FF7F50><FONT COLOR=#333333 SIZE=3><B>★★商品説明★★</B></FONT></TD></TR></TABLE><TABLE WIDTH=100% CELLSPACING=2 BORDER=0 CELLPADDING=0><TR><TD HEIGHT=2 BGCOLOR=#CCBBAA></TD></TR></TABLE><TABLE WIDTH=100% CELLSPACING=2 BORDER=0 CELLPADDING=5><TR><TD ALIGN=left BGCOLOR=#FFF8EE><FONT COLOR=#333333 SIZE=3>高級感のある肌触りの良いスエード調シートです。<BR>
キメ細かなリアルな起毛の質感！<BR>
<BR>
曲面への施工も可能。<BR>
愛車の内張り・ダッシュボード・コンソール<BR>
肘掛け・メーターパネル等に使用すれば<BR>
格段と高級感がアップします。<BR>
<BR>
その他、<BR>
インテリアとして様々な場所にご使用頂けます。<BR>
大きい場所、好きな場所へ施工可能。<BR>
シートの裏に糊が付いておりますので、<BR>
お取り付けも簡単に出来ます。<BR>
<BR>
只今、人気急上昇中のお勧めの逸品です。<BR>
<br>【カラー】<br>
商品名（商品タイトル）記載のカラーです。<br>
※全14種類ございます。<br>
ブラック/レッド/ホワイト/ブルー/グレー<br>パープル/ピンク/オレンジ/ベージュ/ワインレッド<br>マスタードイエロー/ネイビーブルー/ブラウン/グリーン<br><br>
<br>
【サイズ】 <br>
商品名（商品タイトル）記載のサイズです。<br>
※全３種類ございます（幅の変更は出来ません）<br>
・Ａ４サイズ　→　幅30cm×20cm  <br>
・小　　　　　→　幅65cm×50cm<br>
・大　　　　　→　幅135cm×100cm<br>
※大サイズに関しまして<br>
100cm以上をご希望の方は希望の長さ(ｍ)分ご購入下さい。<BR>
一度に10m以上ご購入に関しましては送料・代引き手数料<BR>当社が負担させて頂きます。<BR>30mまでであれば1ｍ毎に延長可能。<br>
延長をご希望の場合は、希望の長さ（m）分ご購入下さい。<br>
長さ5ｍ以上をご希望の方は在庫の有無をお電話にて<br>
ご確認下さいますようお願い申し上げます。<br><br><br>
<br>
※色/伸び/質感に関する質問が多々御座いますがモニター環境に<br>
よって色味が異なったり、感じ方に個人差がございますので<br>
不安な方はサンプルセットをご購入の上、実物をご確認頂いてから<br>商品をご購入下さいますようお願い申し上げます。<BR><br>【サンプルセット購入はコチラ】<BR><BR>
購入後の上記理由での返品はお受けできません。<br>
<br>
【注意事項】<br>
※貼り付け・車検に関するご質問はお答え致しかねます。<br>
※取り付け前に必ず商品確認を行ってください。<br>
切断・加工後の返品交換は一切お受け致しかねます。<br>
※1枚ずつ業務用切り売りでスタッフが丁寧にカットしておりますが<br>
一部に断面が歪んだり欠けしまう場合が御座います。<br>
※念の為、切り損じを1cm程度(A4サイズは5mm程度)踏まえてお考え下さい。
</FONT></TD></TR></TABLE></TD></TR></TABLE><BR><BR><BR><TABLE WIDTH=600 CELLSPACING=1 BORDER=0 CELLPADDING=1 BGCOLOR=#CCCCCC><TR><TD BGCOLOR=#FF7F50><TABLE WIDTH=100% CELLSPACING=2 BORDER=0 CELLPADDING=5><TR><TD ALIGN=left BGCOLOR=#FF7F50><FONT COLOR=#333333 SIZE=3><B>★★発送方法/送料★★</B></FONT></TD></TR></TABLE><TABLE WIDTH=100% CELLSPACING=2 BORDER=0 CELLPADDING=0><TR><TD HEIGHT=2 BGCOLOR=#CCBBAA></TD></TR></TABLE><TABLE WIDTH=100% CELLSPACING=2 BORDER=0 CELLPADDING=5><TR><TD ALIGN=left BGCOLOR=#FFF8EE><FONT COLOR=#333333 SIZE=3>商品名に【送料無料】の記載がある場合は、送料無料です。<BR>※北海道・沖縄・離島除く<BR><BR><FONT SIZE=5>【全国送料表】</FONT>をご確認下さいませ。<BR><BR>複数の商品を同梱可能です。<BR>※同梱をご希望の場合、必ず同じお買い物カゴ（カート）でご注文下さい。<BR>※別々のお買い物カゴで注文された場合は別々に梱包し発送致します。<BR>その為、送料・代引き手数料は発送個数分請求させて頂きます。<BR><BR>★発送に関する注意事項★<BR>---------------------------------------- <BR>当方指定宅急便ですので配送業者は選択できません。 <BR>時間指定は対応いたしておりません。<BR>発送連絡に記載の問い合わせ番号でご自身でご確認頂けます。<BR>離島は発送が一日遅れます。 <BR>----------------------------------------<BR>★商品代引★　　<BR>宅急便送料+別途手数料３７０円 <BR>休業日　商品ページ左バナーカレンダーに記載</FONT></TD></TR></TABLE></TD></TR></TABLE><BR><TABLE WIDTH=600 CELLSPACING=1 BORDER=0 CELLPADDING=1 BGCOLOR=#CCCCCC><TR><TD BGCOLOR=#FF7F50><TABLE WIDTH=100% CELLSPACING=2 BORDER=0 CELLPADDING=5><TR><TD ALIGN=left BGCOLOR=#FF7F50><FONT COLOR=#333333 SIZE=3><B>★★支払方法★</B></FONT></TD></TR></TABLE><TABLE WIDTH=100% CELLSPACING=2 BORDER=0 CELLPADDING=0><TR><TD HEIGHT=2 BGCOLOR=#CCBBAA></TD></TR></TABLE><TABLE WIDTH=100% CELLSPACING=2 BORDER=0 CELLPADDING=5><TR><TD ALIGN=left BGCOLOR=#FFF8EE><FONT COLOR=#333333 SIZE=3>●楽天銀行　振込<BR>●商品代引<BR>●クレジットカード決済<BR>●コンビニ決済（前払い）<BR>●楽天Edy決済<BR>●auかんたん決済<BR></FONT></TD></TR></TABLE></TD></TR></TABLE><BR><IMG SRC=http://image.rakuten.co.jp/auc-automax/cabinet/03561925/img63193783.gif WIDTH=600><BR><BR></CENTER><center><BR><BR><img src=http://image.rakuten.co.jp/auc-automax/cabinet/03619501/cuttingsheet-cate/imgrc0068742328.gif width=195 alt=A4> <img src=http://image.rakuten.co.jp/auc-automax/cabinet/03619501/cuttingsheet-cate/imgrc0068742325.gif width=195 alt=65x50> <img src=http://image.rakuten.co.jp/auc-automax/cabinet/03619501/cuttingsheet-cate/imgrc0068742326.gif width=195 alt=135x100><BR><br>

<img src=http://image.rakuten.co.jp/auc-automax/cabinet/03619501/cuttingsheet-cate/imgrc0068742261.jpg width=195 alt=黒> 
<img src=http://image.rakuten.co.jp/auc-automax/cabinet/03619501/cuttingsheet-cate/imgrc0068742260.jpg width=195 alt=肌> 
<img src=http://image.rakuten.co.jp/auc-automax/cabinet/03619501/cuttingsheet-cate/imgrc0068742262.jpg width=195 alt=青><BR>
<img src=http://image.rakuten.co.jp/auc-automax/cabinet/03619501/cuttingsheet-cate/imgrc0068742263.jpg width=195 alt=茶> 
<img src=http://image.rakuten.co.jp/auc-automax/cabinet/03619501/cuttingsheet-cate/imgrc0068742264.jpg width=195 alt=灰> 
<img src=http://image.rakuten.co.jp/auc-automax/cabinet/03619501/cuttingsheet-cate/imgrc0068742265.jpg width=195 alt=緑><BR>
<img src=http://image.rakuten.co.jp/auc-automax/cabinet/03619501/cuttingsheet-cate/imgrc0068742266.jpg width=195 alt=紺> 
<img src=http://image.rakuten.co.jp/auc-automax/cabinet/03619501/cuttingsheet-cate/imgrc0068742267.jpg width=195 alt=柿> 
<img src=http://image.rakuten.co.jp/auc-automax/cabinet/03619501/cuttingsheet-cate/imgrc0068742268.jpg width=195 alt=桃><BR>
<img src=http://image.rakuten.co.jp/auc-automax/cabinet/03619501/cuttingsheet-cate/imgrc0068742269.jpg width=195> 
<img src=http://image.rakuten.co.jp/auc-automax/cabinet/03619501/cuttingsheet-cate/imgrc0068742270.jpg width=195> 
<img src=http://image.rakuten.co.jp/auc-automax/cabinet/03619501/cuttingsheet-cate/imgrc0068742271.jpg width=195><BR>
<img src=http://image.rakuten.co.jp/auc-automax/cabinet/03619501/cuttingsheet-cate/imgrc0068742276.jpg width=195> 
<img src=http://image.rakuten.co.jp/auc-automax/cabinet/03619501/cuttingsheet-cate/imgrc0068742277.jpg width=195> </center><center>
<br>
<img SRC=http://image.rakuten.co.jp/auc-automax/cabinet/imgrc0067382276.gif width=670 height=400><BR>
<br>
<img SRC=http://image.rakuten.co.jp/auc-automax/cabinet/img60333004.gif width=670 height=120><BR>
<br>

<br></center>",スエード(小) 柿●スエード生地シート　糊付き アルカンターラ調 オレンジ65cm&times;50ｃｍスエードシートバックスキンルック曲面対応 カッティング可能シート状内装 インテリア ウォールクロス 革 レザー ステッカー シール：AUTOMAX izumi,カッティングシートモニタースタンドアルカンターラ調スエード生地シート汎用パーツ自動車アクセサリーメッキモール送料無料ステッカーカー用品バイク用品ドレスアップラグジュアリー内装外装カット済みカーフィルム大阪通販激安格安施工スエード(小) 柿●スエード生地シート　糊付き アルカンターラ調 オレンジ65cm&times;50ｃｍスエードシートバックスキンルック曲面対応 カッティング可能シート状内装 インテリア ウォールクロス 革 レザー ステッカー シール,この商品は送料 全国一律600円 です(北海道/沖縄除く)同梱可能。。スエード(小) 柿●スエード生地シート　糊付き アルカンターラ調 オレンジ65cm&times;50ｃｍスエードシートバックスキンルック曲面対応 カッティング可能シート状内装 インテリア ウォールクロス 革 レザー ステッカー シール
1-27977,http://tshop.r10s.jp/auc-automax/cabinet/02420218/02420238/img58126748.jpg?fitin=700:700,1159.2000,,日用品雑貨・文房具・手芸 > 手芸・クラフト・生地 > 生地・布,スエード(小) ピンク●スエード生地シート　糊付き アルカンターラ調 桃65cm×50cmスエードシートバックスキンルック曲面対応 カッティング可能シート状内装 インテリア ウォールクロス 革 レザー ステッカー シール,この商品は送料 全国一律600円 です(北海道/沖縄除く)同梱可能。,"<TR> <TD HEIGHT=6></TD> <TD HEIGHT=6></TD> <TD HEIGHT=6></TD> </TR><BR><CENTER><FONT COLOR=#CCBBAA SIZE=4><B></B></FONT><BR><BR><TABLE WIDTH=600 CELLSPACING=1 BORDER=0 CELLPADDING=1 BGCOLOR=#CCCCCC><TR><TD BGCOLOR=#FF7F50><TABLE WIDTH=100% CELLSPACING=2 BORDER=0 CELLPADDING=5><TR><TD ALIGN=left BGCOLOR=#FF7F50><FONT COLOR=#333333 SIZE=3><B>★★商品説明★★</B></FONT></TD></TR></TABLE><TABLE WIDTH=100% CELLSPACING=2 BORDER=0 CELLPADDING=0><TR><TD HEIGHT=2 BGCOLOR=#CCBBAA></TD></TR></TABLE><TABLE WIDTH=100% CELLSPACING=2 BORDER=0 CELLPADDING=5><TR><TD ALIGN=left BGCOLOR=#FFF8EE><FONT COLOR=#333333 SIZE=3>高級感のある肌触りの良いスエード調シートです。<BR>
キメ細かなリアルな起毛の質感！<BR>
<BR>
曲面への施工も可能。<BR>
愛車の内張り・ダッシュボード・コンソール<BR>
肘掛け・メーターパネル等に使用すれば<BR>
格段と高級感がアップします。<BR>
<BR>
その他、<BR>
インテリアとして様々な場所にご使用頂けます。<BR>
大きい場所、好きな場所へ施工可能。<BR>
シートの裏に糊が付いておりますので、<BR>
お取り付けも簡単に出来ます。<BR>
<BR>
只今、人気急上昇中のお勧めの逸品です。<BR>
<br>【カラー】<br>
商品名（商品タイトル）記載のカラーです。<br>
※全14種類ございます。<br>
ブラック/レッド/ホワイト/ブルー/グレー<br>パープル/ピンク/オレンジ/ベージュ/ワインレッド<br>マスタードイエロー/ネイビーブルー/ブラウン/グリーン<br><br>
<br>
【サイズ】 <br>
商品名（商品タイトル）記載のサイズです。<br>
※全３種類ございます（幅の変更は出来ません）<br>
・Ａ４サイズ　→　幅30cm×20cm  <br>
・小　　　　　→　幅65cm×50cm<br>
・大　　　　　→　幅135cm×100cm<br>
※大サイズに関しまして<br>
100cm以上をご希望の方は希望の長さ(ｍ)分ご購入下さい。<BR>
一度に10m以上ご購入に関しましては送料・代引き手数料<BR>当社が負担させて頂きます。<BR>30mまでであれば1ｍ毎に延長可能。<br>
延長をご希望の場合は、希望の長さ（m）分ご購入下さい。<br>
長さ5ｍ以上をご希望の方は在庫の有無をお電話にて<br>
ご確認下さいますようお願い申し上げます。<br><br><br>
<br>
※色/伸び/質感に関する質問が多々御座いますがモニター環境に<br>
よって色味が異なったり、感じ方に個人差がございますので<br>
不安な方はサンプルセットをご購入の上、実物をご確認頂いてから<br>商品をご購入下さいますようお願い申し上げます。<BR><br>【サンプルセット購入はコチラ】<BR><BR>
購入後の上記理由での返品はお受けできません。<br>
<br>
【注意事項】<br>
※貼り付け・車検に関するご質問はお答え致しかねます。<br>
※取り付け前に必ず商品確認を行ってください。<br>
切断・加工後の返品交換は一切お受け致しかねます。<br>
※1枚ずつ業務用切り売りでスタッフが丁寧にカットしておりますが<br>
一部に断面が歪んだり欠けしまう場合が御座います。<br>
※念の為、切り損じを1cm程度(A4サイズは5mm程度)踏まえてお考え下さい。
</FONT></TD></TR></TABLE></TD></TR></TABLE><BR><BR><BR><TABLE WIDTH=600 CELLSPACING=1 BORDER=0 CELLPADDING=1 BGCOLOR=#CCCCCC><TR><TD BGCOLOR=#FF7F50><TABLE WIDTH=100% CELLSPACING=2 BORDER=0 CELLPADDING=5><TR><TD ALIGN=left BGCOLOR=#FF7F50><FONT COLOR=#333333 SIZE=3><B>★★発送方法/送料★★</B></FONT></TD></TR></TABLE><TABLE WIDTH=100% CELLSPACING=2 BORDER=0 CELLPADDING=0><TR><TD HEIGHT=2 BGCOLOR=#CCBBAA></TD></TR></TABLE><TABLE WIDTH=100% CELLSPACING=2 BORDER=0 CELLPADDING=5><TR><TD ALIGN=left BGCOLOR=#FFF8EE><FONT COLOR=#333333 SIZE=3>商品名に【送料無料】の記載がある場合は、送料無料です。<BR>※北海道・沖縄・離島除く<BR><BR><FONT SIZE=5>【全国送料表】</FONT>をご確認下さいませ。<BR><BR>複数の商品を同梱可能です。<BR>※同梱をご希望の場合、必ず同じお買い物カゴ（カート）でご注文下さい。<BR>※別々のお買い物カゴで注文された場合は別々に梱包し発送致します。<BR>その為、送料・代引き手数料は発送個数分請求させて頂きます。<BR><BR>★発送に関する注意事項★<BR>---------------------------------------- <BR>当方指定宅急便ですので配送業者は選択できません。 <BR>時間指定は対応いたしておりません。<BR>発送連絡に記載の問い合わせ番号でご自身でご確認頂けます。<BR>離島は発送が一日遅れます。 <BR>----------------------------------------<BR>★商品代引★　　<BR>宅急便送料+別途手数料３７０円 <BR>休業日　商品ページ左バナーカレンダーに記載</FONT></TD></TR></TABLE></TD></TR></TABLE><BR><TABLE WIDTH=600 CELLSPACING=1 BORDER=0 CELLPADDING=1 BGCOLOR=#CCCCCC><TR><TD BGCOLOR=#FF7F50><TABLE WIDTH=100% CELLSPACING=2 BORDER=0 CELLPADDING=5><TR><TD ALIGN=left BGCOLOR=#FF7F50><FONT COLOR=#333333 SIZE=3><B>★★支払方法★</B></FONT></TD></TR></TABLE><TABLE WIDTH=100% CELLSPACING=2 BORDER=0 CELLPADDING=0><TR><TD HEIGHT=2 BGCOLOR=#CCBBAA></TD></TR></TABLE><TABLE WIDTH=100% CELLSPACING=2 BORDER=0 CELLPADDING=5><TR><TD ALIGN=left BGCOLOR=#FFF8EE><FONT COLOR=#333333 SIZE=3>●楽天銀行　振込<BR>●商品代引<BR>●クレジットカード決済<BR>●コンビニ決済（前払い）<BR>●楽天Edy決済<BR>●auかんたん決済<BR></FONT></TD></TR></TABLE></TD></TR></TABLE><BR><IMG SRC=http://image.rakuten.co.jp/auc-automax/cabinet/03561925/img63193783.gif WIDTH=600><BR><BR></CENTER><center><BR><BR><img src=http://image.rakuten.co.jp/auc-automax/cabinet/03619501/cuttingsheet-cate/imgrc0068742328.gif width=195 alt=A4> <img src=http://image.rakuten.co.jp/auc-automax/cabinet/03619501/cuttingsheet-cate/imgrc0068742325.gif width=195 alt=65x50> <img src=http://image.rakuten.co.jp/auc-automax/cabinet/03619501/cuttingsheet-cate/imgrc0068742326.gif width=195 alt=135x100><BR><br>

<img src=http://image.rakuten.co.jp/auc-automax/cabinet/03619501/cuttingsheet-cate/imgrc0068742261.jpg width=195 alt=黒> 
<img src=http://image.rakuten.co.jp/auc-automax/cabinet/03619501/cuttingsheet-cate/imgrc0068742260.jpg width=195 alt=肌> 
<img src=http://image.rakuten.co.jp/auc-automax/cabinet/03619501/cuttingsheet-cate/imgrc0068742262.jpg width=195 alt=青><BR>
<img src=http://image.rakuten.co.jp/auc-automax/cabinet/03619501/cuttingsheet-cate/imgrc0068742263.jpg width=195 alt=茶> 
<img src=http://image.rakuten.co.jp/auc-automax/cabinet/03619501/cuttingsheet-cate/imgrc0068742264.jpg width=195 alt=灰> 
<img src=http://image.rakuten.co.jp/auc-automax/cabinet/03619501/cuttingsheet-cate/imgrc0068742265.jpg width=195 alt=緑><BR>
<img src=http://image.rakuten.co.jp/auc-automax/cabinet/03619501/cuttingsheet-cate/imgrc0068742266.jpg width=195 alt=紺> 
<img src=http://image.rakuten.co.jp/auc-automax/cabinet/03619501/cuttingsheet-cate/imgrc0068742267.jpg width=195 alt=柿> 
<img src=http://image.rakuten.co.jp/auc-automax/cabinet/03619501/cuttingsheet-cate/imgrc0068742268.jpg width=195 alt=桃><BR>
<img src=http://image.rakuten.co.jp/auc-automax/cabinet/03619501/cuttingsheet-cate/imgrc0068742269.jpg width=195> 
<img src=http://image.rakuten.co.jp/auc-automax/cabinet/03619501/cuttingsheet-cate/imgrc0068742270.jpg width=195> 
<img src=http://image.rakuten.co.jp/auc-automax/cabinet/03619501/cuttingsheet-cate/imgrc0068742271.jpg width=195><BR>
<img src=http://image.rakuten.co.jp/auc-automax/cabinet/03619501/cuttingsheet-cate/imgrc0068742276.jpg width=195> 
<img src=http://image.rakuten.co.jp/auc-automax/cabinet/03619501/cuttingsheet-cate/imgrc0068742277.jpg width=195> </center><center>
<br>
<img SRC=http://image.rakuten.co.jp/auc-automax/cabinet/imgrc0067382276.gif width=670 height=400><BR>
<br>
<img SRC=http://image.rakuten.co.jp/auc-automax/cabinet/img60333004.gif width=670 height=120><BR>
<br>

<br></center>",スエード(小) ピンク●スエード生地シート　糊付き アルカンターラ調 桃65cm&times;50cmスエードシートバックスキンルック曲面対応 カッティング可能シート状内装 インテリア ウォールクロス 革 レザー ステッカー シール：AUTOMAX izumi,カッティングシートモニタースタンドアルカンターラ調スエード生地シート汎用パーツ自動車アクセサリーメッキモール送料無料ステッカーカー用品バイク用品ドレスアップラグジュアリー内装外装カット済みカーフィルム大阪通販激安格安施工スエード(小) ピンク●スエード生地シート　糊付き アルカンターラ調 桃65cm&times;50cmスエードシートバックスキンルック曲面対応 カッティング可能シート状内装 インテリア ウォールクロス 革 レザー ステッカー シール,この商品は送料 全国一律600円 です(北海道/沖縄除く)同梱可能。。スエード(小) ピンク●スエード生地シート　糊付き アルカンターラ調 桃65cm&times;50cmスエードシートバックスキンルック曲面対応 カッティング可能シート状内装 インテリア ウォールクロス 革 レザー ステッカー シール
1-27978,http://tshop.r10s.jp/auc-automax/cabinet/02420218/02420238/img58459662.jpg?fitin=700:700,1159.2000,,日用品雑貨・文房具・手芸 > 手芸・クラフト・生地 > 生地・布,スエード(小) ベージュ●スエード生地シート　糊付き アルカンターラ調 肌色65cm×50ｃｍスエードシートバックスキンルック曲面対応 カッティング可能シート状内装 インテリア ウォールクロス 革 レザー ステッカー シール,この商品は送料 全国一律600円 です(北海道/沖縄除く)同梱可能。,"<TR> <TD HEIGHT=6></TD> <TD HEIGHT=6></TD> <TD HEIGHT=6></TD> </TR><BR><CENTER><FONT COLOR=#CCBBAA SIZE=4><B></B></FONT><BR><BR><TABLE WIDTH=600 CELLSPACING=1 BORDER=0 CELLPADDING=1 BGCOLOR=#CCCCCC><TR><TD BGCOLOR=#FF7F50><TABLE WIDTH=100% CELLSPACING=2 BORDER=0 CELLPADDING=5><TR><TD ALIGN=left BGCOLOR=#FF7F50><FONT COLOR=#333333 SIZE=3><B>★★商品説明★★</B></FONT></TD></TR></TABLE><TABLE WIDTH=100% CELLSPACING=2 BORDER=0 CELLPADDING=0><TR><TD HEIGHT=2 BGCOLOR=#CCBBAA></TD></TR></TABLE><TABLE WIDTH=100% CELLSPACING=2 BORDER=0 CELLPADDING=5><TR><TD ALIGN=left BGCOLOR=#FFF8EE><FONT COLOR=#333333 SIZE=3>高級感のある肌触りの良いスエード調シートです。<BR>
キメ細かなリアルな起毛の質感！<BR>
<BR>
曲面への施工も可能。<BR>
愛車の内張り・ダッシュボード・コンソール<BR>
肘掛け・メーターパネル等に使用すれば<BR>
格段と高級感がアップします。<BR>
<BR>
その他、<BR>
インテリアとして様々な場所にご使用頂けます。<BR>
大きい場所、好きな場所へ施工可能。<BR>
シートの裏に糊が付いておりますので、<BR>
お取り付けも簡単に出来ます。<BR>
<BR>
只今、人気急上昇中のお勧めの逸品です。<BR>
<br>【カラー】<br>
商品名（商品タイトル）記載のカラーです。<br>
※全14種類ございます。<br>
ブラック/レッド/ホワイト/ブルー/グレー<br>パープル/ピンク/オレンジ/ベージュ/ワインレッド<br>マスタードイエロー/ネイビーブルー/ブラウン/グリーン<br><br>
<br>
【サイズ】 <br>
商品名（商品タイトル）記載のサイズです。<br>
※全３種類ございます（幅の変更は出来ません）<br>
・Ａ４サイズ　→　幅30cm×20cm  <br>
・小　　　　　→　幅65cm×50cm<br>
・大　　　　　→　幅135cm×100cm<br>
※大サイズに関しまして<br>
100cm以上をご希望の方は希望の長さ(ｍ)分ご購入下さい。<BR>
一度に10m以上ご購入に関しましては送料・代引き手数料<BR>当社が負担させて頂きます。<BR>30mまでであれば1ｍ毎に延長可能。<br>
延長をご希望の場合は、希望の長さ（m）分ご購入下さい。<br>
長さ5ｍ以上をご希望の方は在庫の有無をお電話にて<br>
ご確認下さいますようお願い申し上げます。<br><br><br>
<br>
※色/伸び/質感に関する質問が多々御座いますがモニター環境に<br>
よって色味が異なったり、感じ方に個人差がございますので<br>
不安な方はサンプルセットをご購入の上、実物をご確認頂いてから<br>商品をご購入下さいますようお願い申し上げます。<BR><br>【サンプルセット購入はコチラ】<BR><BR>
購入後の上記理由での返品はお受けできません。<br>
<br>
【注意事項】<br>
※貼り付け・車検に関するご質問はお答え致しかねます。<br>
※取り付け前に必ず商品確認を行ってください。<br>
切断・加工後の返品交換は一切お受け致しかねます。<br>
※1枚ずつ業務用切り売りでスタッフが丁寧にカットしておりますが<br>
一部に断面が歪んだり欠けしまう場合が御座います。<br>
※念の為、切り損じを1cm程度(A4サイズは5mm程度)踏まえてお考え下さい。
</FONT></TD></TR></TABLE></TD></TR></TABLE><BR><BR><BR><TABLE WIDTH=600 CELLSPACING=1 BORDER=0 CELLPADDING=1 BGCOLOR=#CCCCCC><TR><TD BGCOLOR=#FF7F50><TABLE WIDTH=100% CELLSPACING=2 BORDER=0 CELLPADDING=5><TR><TD ALIGN=left BGCOLOR=#FF7F50><FONT COLOR=#333333 SIZE=3><B>★★発送方法/送料★★</B></FONT></TD></TR></TABLE><TABLE WIDTH=100% CELLSPACING=2 BORDER=0 CELLPADDING=0><TR><TD HEIGHT=2 BGCOLOR=#CCBBAA></TD></TR></TABLE><TABLE WIDTH=100% CELLSPACING=2 BORDER=0 CELLPADDING=5><TR><TD ALIGN=left BGCOLOR=#FFF8EE><FONT COLOR=#333333 SIZE=3>商品名に【送料無料】の記載がある場合は、送料無料です。<BR>※北海道・沖縄・離島除く<BR><BR><FONT SIZE=5>【全国送料表】</FONT>をご確認下さいませ。<BR><BR>複数の商品を同梱可能です。<BR>※同梱をご希望の場合、必ず同じお買い物カゴ（カート）でご注文下さい。<BR>※別々のお買い物カゴで注文された場合は別々に梱包し発送致します。<BR>その為、送料・代引き手数料は発送個数分請求させて頂きます。<BR><BR>★発送に関する注意事項★<BR>---------------------------------------- <BR>当方指定宅急便ですので配送業者は選択できません。 <BR>時間指定は対応いたしておりません。<BR>発送連絡に記載の問い合わせ番号でご自身でご確認頂けます。<BR>離島は発送が一日遅れます。 <BR>----------------------------------------<BR>★商品代引★　　<BR>宅急便送料+別途手数料３７０円 <BR>休業日　商品ページ左バナーカレンダーに記載</FONT></TD></TR></TABLE></TD></TR></TABLE><BR><TABLE WIDTH=600 CELLSPACING=1 BORDER=0 CELLPADDING=1 BGCOLOR=#CCCCCC><TR><TD BGCOLOR=#FF7F50><TABLE WIDTH=100% CELLSPACING=2 BORDER=0 CELLPADDING=5><TR><TD ALIGN=left BGCOLOR=#FF7F50><FONT COLOR=#333333 SIZE=3><B>★★支払方法★</B></FONT></TD></TR></TABLE><TABLE WIDTH=100% CELLSPACING=2 BORDER=0 CELLPADDING=0><TR><TD HEIGHT=2 BGCOLOR=#CCBBAA></TD></TR></TABLE><TABLE WIDTH=100% CELLSPACING=2 BORDER=0 CELLPADDING=5><TR><TD ALIGN=left BGCOLOR=#FFF8EE><FONT COLOR=#333333 SIZE=3>●楽天銀行　振込<BR>●商品代引<BR>●クレジットカード決済<BR>●コンビニ決済（前払い）<BR>●楽天Edy決済<BR>●auかんたん決済<BR></FONT></TD></TR></TABLE></TD></TR></TABLE><BR><IMG SRC=http://image.rakuten.co.jp/auc-automax/cabinet/03561925/img63193783.gif WIDTH=600><BR><BR></CENTER><center><BR><BR><img src=http://image.rakuten.co.jp/auc-automax/cabinet/03619501/cuttingsheet-cate/imgrc0068742328.gif width=195 alt=A4> <img src=http://image.rakuten.co.jp/auc-automax/cabinet/03619501/cuttingsheet-cate/imgrc0068742325.gif width=195 alt=65x50> <img src=http://image.rakuten.co.jp/auc-automax/cabinet/03619501/cuttingsheet-cate/imgrc0068742326.gif width=195 alt=135x100><BR><br>

<img src=http://image.rakuten.co.jp/auc-automax/cabinet/03619501/cuttingsheet-cate/imgrc0068742261.jpg width=195 alt=黒> 
<img src=http://image.rakuten.co.jp/auc-automax/cabinet/03619501/cuttingsheet-cate/imgrc0068742260.jpg width=195 alt=肌> 
<img src=http://image.rakuten.co.jp/auc-automax/cabinet/03619501/cuttingsheet-cate/imgrc0068742262.jpg width=195 alt=青><BR>
<img src=http://image.rakuten.co.jp/auc-automax/cabinet/03619501/cuttingsheet-cate/imgrc0068742263.jpg width=195 alt=茶> 
<img src=http://image.rakuten.co.jp/auc-automax/cabinet/03619501/cuttingsheet-cate/imgrc0068742264.jpg width=195 alt=灰> 
<img src=http://image.rakuten.co.jp/auc-automax/cabinet/03619501/cuttingsheet-cate/imgrc0068742265.jpg width=195 alt=緑><BR>
<img src=http://image.rakuten.co.jp/auc-automax/cabinet/03619501/cuttingsheet-cate/imgrc0068742266.jpg width=195 alt=紺> 
<img src=http://image.rakuten.co.jp/auc-automax/cabinet/03619501/cuttingsheet-cate/imgrc0068742267.jpg width=195 alt=柿> 
<img src=http://image.rakuten.co.jp/auc-automax/cabinet/03619501/cuttingsheet-cate/imgrc0068742268.jpg width=195 alt=桃><BR>
<img src=http://image.rakuten.co.jp/auc-automax/cabinet/03619501/cuttingsheet-cate/imgrc0068742269.jpg width=195> 
<img src=http://image.rakuten.co.jp/auc-automax/cabinet/03619501/cuttingsheet-cate/imgrc0068742270.jpg width=195> 
<img src=http://image.rakuten.co.jp/auc-automax/cabinet/03619501/cuttingsheet-cate/imgrc0068742271.jpg width=195><BR>
<img src=http://image.rakuten.co.jp/auc-automax/cabinet/03619501/cuttingsheet-cate/imgrc0068742276.jpg width=195> 
<img src=http://image.rakuten.co.jp/auc-automax/cabinet/03619501/cuttingsheet-cate/imgrc0068742277.jpg width=195> </center><center>
<br>
<img SRC=http://image.rakuten.co.jp/auc-automax/cabinet/imgrc0067382276.gif width=670 height=400><BR>
<br>
<img SRC=http://image.rakuten.co.jp/auc-automax/cabinet/img60333004.gif width=670 height=120><BR>
<br>

<br></center>",スエード(小) ベージュ●スエード生地シート　糊付き アルカンターラ調 肌色65cm&times;50ｃｍスエードシートバックスキンルック曲面対応 カッティング可能シート状内装 インテリア ウォールクロス 革 レザー ステッカー シール：AUTOMAX izumi,カッティングシートモニタースタンドアルカンターラ調スエード生地シート汎用パーツ自動車アクセサリーメッキモール送料無料ステッカーカー用品バイク用品ドレスアップラグジュアリー内装外装カット済みカーフィルム大阪通販激安格安施工スエード(小) ベージュ●スエード生地シート　糊付き アルカンターラ調 肌色65cm&times;50ｃｍスエードシートバックスキンルック曲面対応 カッティング可能シート状内装 インテリア ウォールクロス 革 レザー ステッカー シール,この商品は送料 全国一律600円 です(北海道/沖縄除く)同梱可能。。スエード(小) ベージュ●スエード生地シート　糊付き アルカンターラ調 肌色65cm&times;50ｃｍスエードシートバックスキンルック曲面対応 カッティング可能シート状内装 インテリア ウォールクロス 革 レザー ステッカー シール
1-27979,http://tshop.r10s.jp/auc-automax/cabinet/02420218/02420238/img58126746.jpg?fitin=700:700,1159.2000,,日用品雑貨・文房具・手芸 > 手芸・クラフト・生地 > 生地・布,スエード(小) 柿●スエード生地シート　糊付き アルカンターラ調 オレンジ65cm×50ｃｍスエードシートバックスキンルック曲面対応 カッティング可能シート状内装 インテリア ウォールクロス 革 レザー ステッカー シール,この商品は送料 全国一律600円 です(北海道/沖縄除く)同梱可能。,"<TR> <TD HEIGHT=6></TD> <TD HEIGHT=6></TD> <TD HEIGHT=6></TD> </TR><BR><CENTER><FONT COLOR=#CCBBAA SIZE=4><B></B></FONT><BR><BR><TABLE WIDTH=600 CELLSPACING=1 BORDER=0 CELLPADDING=1 BGCOLOR=#CCCCCC><TR><TD BGCOLOR=#FF7F50><TABLE WIDTH=100% CELLSPACING=2 BORDER=0 CELLPADDING=5><TR><TD ALIGN=left BGCOLOR=#FF7F50><FONT COLOR=#333333 SIZE=3><B>★★商品説明★★</B></FONT></TD></TR></TABLE><TABLE WIDTH=100% CELLSPACING=2 BORDER=0 CELLPADDING=0><TR><TD HEIGHT=2 BGCOLOR=#CCBBAA></TD></TR></TABLE><TABLE WIDTH=100% CELLSPACING=2 BORDER=0 CELLPADDING=5><TR><TD ALIGN=left BGCOLOR=#FFF8EE><FONT COLOR=#333333 SIZE=3>高級感のある肌触りの良いスエード調シートです。<BR>
キメ細かなリアルな起毛の質感！<BR>
<BR>
曲面への施工も可能。<BR>
愛車の内張り・ダッシュボード・コンソール<BR>
肘掛け・メーターパネル等に使用すれば<BR>
格段と高級感がアップします。<BR>
<BR>
その他、<BR>
インテリアとして様々な場所にご使用頂けます。<BR>
大きい場所、好きな場所へ施工可能。<BR>
シートの裏に糊が付いておりますので、<BR>
お取り付けも簡単に出来ます。<BR>
<BR>
只今、人気急上昇中のお勧めの逸品です。<BR>
<br>【カラー】<br>
商品名（商品タイトル）記載のカラーです。<br>
※全14種類ございます。<br>
ブラック/レッド/ホワイト/ブルー/グレー<br>パープル/ピンク/オレンジ/ベージュ/ワインレッド<br>マスタードイエロー/ネイビーブルー/ブラウン/グリーン<br><br>
<br>
【サイズ】 <br>
商品名（商品タイトル）記載のサイズです。<br>
※全３種類ございます（幅の変更は出来ません）<br>
・Ａ４サイズ　→　幅30cm×20cm  <br>
・小　　　　　→　幅65cm×50cm<br>
・大　　　　　→　幅135cm×100cm<br>
※大サイズに関しまして<br>
100cm以上をご希望の方は希望の長さ(ｍ)分ご購入下さい。<BR>
一度に10m以上ご購入に関しましては送料・代引き手数料<BR>当社が負担させて頂きます。<BR>30mまでであれば1ｍ毎に延長可能。<br>
延長をご希望の場合は、希望の長さ（m）分ご購入下さい。<br>
長さ5ｍ以上をご希望の方は在庫の有無をお電話にて<br>
ご確認下さいますようお願い申し上げます。<br><br><br>
<br>
※色/伸び/質感に関する質問が多々御座いますがモニター環境に<br>
よって色味が異なったり、感じ方に個人差がございますので<br>
不安な方はサンプルセットをご購入の上、実物をご確認頂いてから<br>商品をご購入下さいますようお願い申し上げます。<BR><br>【サンプルセット購入はコチラ】<BR><BR>
購入後の上記理由での返品はお受けできません。<br>
<br>
【注意事項】<br>
※貼り付け・車検に関するご質問はお答え致しかねます。<br>
※取り付け前に必ず商品確認を行ってください。<br>
切断・加工後の返品交換は一切お受け致しかねます。<br>
※1枚ずつ業務用切り売りでスタッフが丁寧にカットしておりますが<br>
一部に断面が歪んだり欠けしまう場合が御座います。<br>
※念の為、切り損じを1cm程度(A4サイズは5mm程度)踏まえてお考え下さい。
</FONT></TD></TR></TABLE></TD></TR></TABLE><BR><BR><BR><TABLE WIDTH=600 CELLSPACING=1 BORDER=0 CELLPADDING=1 BGCOLOR=#CCCCCC><TR><TD BGCOLOR=#FF7F50><TABLE WIDTH=100% CELLSPACING=2 BORDER=0 CELLPADDING=5><TR><TD ALIGN=left BGCOLOR=#FF7F50><FONT COLOR=#333333 SIZE=3><B>★★発送方法/送料★★</B></FONT></TD></TR></TABLE><TABLE WIDTH=100% CELLSPACING=2 BORDER=0 CELLPADDING=0><TR><TD HEIGHT=2 BGCOLOR=#CCBBAA></TD></TR></TABLE><TABLE WIDTH=100% CELLSPACING=2 BORDER=0 CELLPADDING=5><TR><TD ALIGN=left BGCOLOR=#FFF8EE><FONT COLOR=#333333 SIZE=3>商品名に【送料無料】の記載がある場合は、送料無料です。<BR>※北海道・沖縄・離島除く<BR><BR><FONT SIZE=5>【全国送料表】</FONT>をご確認下さいませ。<BR><BR>複数の商品を同梱可能です。<BR>※同梱をご希望の場合、必ず同じお買い物カゴ（カート）でご注文下さい。<BR>※別々のお買い物カゴで注文された場合は別々に梱包し発送致します。<BR>その為、送料・代引き手数料は発送個数分請求させて頂きます。<BR><BR>★発送に関する注意事項★<BR>---------------------------------------- <BR>当方指定宅急便ですので配送業者は選択できません。 <BR>時間指定は対応いたしておりません。<BR>発送連絡に記載の問い合わせ番号でご自身でご確認頂けます。<BR>離島は発送が一日遅れます。 <BR>----------------------------------------<BR>★商品代引★　　<BR>宅急便送料+別途手数料３７０円 <BR>休業日　商品ページ左バナーカレンダーに記載</FONT></TD></TR></TABLE></TD></TR></TABLE><BR><TABLE WIDTH=600 CELLSPACING=1 BORDER=0 CELLPADDING=1 BGCOLOR=#CCCCCC><TR><TD BGCOLOR=#FF7F50><TABLE WIDTH=100% CELLSPACING=2 BORDER=0 CELLPADDING=5><TR><TD ALIGN=left BGCOLOR=#FF7F50><FONT COLOR=#333333 SIZE=3><B>★★支払方法★</B></FONT></TD></TR></TABLE><TABLE WIDTH=100% CELLSPACING=2 BORDER=0 CELLPADDING=0><TR><TD HEIGHT=2 BGCOLOR=#CCBBAA></TD></TR></TABLE><TABLE WIDTH=100% CELLSPACING=2 BORDER=0 CELLPADDING=5><TR><TD ALIGN=left BGCOLOR=#FFF8EE><FONT COLOR=#333333 SIZE=3>●楽天銀行　振込<BR>●商品代引<BR>●クレジットカード決済<BR>●コンビニ決済（前払い）<BR>●楽天Edy決済<BR>●auかんたん決済<BR></FONT></TD></TR></TABLE></TD></TR></TABLE><BR><IMG SRC=http://image.rakuten.co.jp/auc-automax/cabinet/03561925/img63193783.gif WIDTH=600><BR><BR></CENTER><center><BR><BR><img src=http://image.rakuten.co.jp/auc-automax/cabinet/03619501/cuttingsheet-cate/imgrc0068742328.gif width=195 alt=A4> <img src=http://image.rakuten.co.jp/auc-automax/cabinet/03619501/cuttingsheet-cate/imgrc0068742325.gif width=195 alt=65x50> <img src=http://image.rakuten.co.jp/auc-automax/cabinet/03619501/cuttingsheet-cate/imgrc0068742326.gif width=195 alt=135x100><BR><br>

<img src=http://image.rakuten.co.jp/auc-automax/cabinet/03619501/cuttingsheet-cate/imgrc0068742261.jpg width=195 alt=黒> 
<img src=http://image.rakuten.co.jp/auc-automax/cabinet/03619501/cuttingsheet-cate/imgrc0068742260.jpg width=195 alt=肌> 
<img src=http://image.rakuten.co.jp/auc-automax/cabinet/03619501/cuttingsheet-cate/imgrc0068742262.jpg width=195 alt=青><BR>
<img src=http://image.rakuten.co.jp/auc-automax/cabinet/03619501/cuttingsheet-cate/imgrc0068742263.jpg width=195 alt=茶> 
<img src=http://image.rakuten.co.jp/auc-automax/cabinet/03619501/cuttingsheet-cate/imgrc0068742264.jpg width=195 alt=灰> 
<img src=http://image.rakuten.co.jp/auc-automax/cabinet/03619501/cuttingsheet-cate/imgrc0068742265.jpg width=195 alt=緑><BR>
<img src=http://image.rakuten.co.jp/auc-automax/cabinet/03619501/cuttingsheet-cate/imgrc0068742266.jpg width=195 alt=紺> 
<img src=http://image.rakuten.co.jp/auc-automax/cabinet/03619501/cuttingsheet-cate/imgrc0068742267.jpg width=195 alt=柿> 
<img src=http://image.rakuten.co.jp/auc-automax/cabinet/03619501/cuttingsheet-cate/imgrc0068742268.jpg width=195 alt=桃><BR>
<img src=http://image.rakuten.co.jp/auc-automax/cabinet/03619501/cuttingsheet-cate/imgrc0068742269.jpg width=195> 
<img src=http://image.rakuten.co.jp/auc-automax/cabinet/03619501/cuttingsheet-cate/imgrc0068742270.jpg width=195> 
<img src=http://image.rakuten.co.jp/auc-automax/cabinet/03619501/cuttingsheet-cate/imgrc0068742271.jpg width=195><BR>
<img src=http://image.rakuten.co.jp/auc-automax/cabinet/03619501/cuttingsheet-cate/imgrc0068742276.jpg width=195> 
<img src=http://image.rakuten.co.jp/auc-automax/cabinet/03619501/cuttingsheet-cate/imgrc0068742277.jpg width=195> </center><center>
<br>
<img SRC=http://image.rakuten.co.jp/auc-automax/cabinet/imgrc0067382276.gif width=670 height=400><BR>
<br>
<img SRC=http://image.rakuten.co.jp/auc-automax/cabinet/img60333004.gif width=670 height=120><BR>
<br>

<br></center>",スエード(小) 柿●スエード生地シート　糊付き アルカンターラ調 オレンジ65cm&times;50ｃｍスエードシートバックスキンルック曲面対応 カッティング可能シート状内装 インテリア ウォールクロス 革 レザー ステッカー シール：AUTOMAX izumi,カッティングシートモニタースタンドアルカンターラ調スエード生地シート汎用パーツ自動車アクセサリーメッキモール送料無料ステッカーカー用品バイク用品ドレスアップラグジュアリー内装外装カット済みカーフィルム大阪通販激安格安施工スエード(小) 柿●スエード生地シート　糊付き アルカンターラ調 オレンジ65cm&times;50ｃｍスエードシートバックスキンルック曲面対応 カッティング可能シート状内装 インテリア ウォールクロス 革 レザー ステッカー シール,この商品は送料 全国一律600円 です(北海道/沖縄除く)同梱可能。。スエード(小) 柿●スエード生地シート　糊付き アルカンターラ調 オレンジ65cm&times;50ｃｍスエードシートバックスキンルック曲面対応 カッティング可能シート状内装 インテリア ウォールクロス 革 レザー ステッカー シール
1-27980,http://tshop.r10s.jp/auc-automax/cabinet/02420218/02420238/img65440459.jpg?fitin=700:700,312.0000,,日用品雑貨・文房具・手芸 > 手芸・クラフト・生地 > 生地・布,スエード(A4) 黄■【メール便 送料無料】スエード生地シート　糊付き マスタードイエロー アルカンターラ調 30cm×20cmスエードシート バックスキン曲面対応 カッティング可能シート状 インテリア ウォールクロス 革 レザー【RCP】,メール便送料無料。代引の場合は宅急便送料に変更し発送致します,"<TR> <TD HEIGHT=6></TD> <TD HEIGHT=6></TD> <TD HEIGHT=6></TD> </TR><BR><CENTER><FONT COLOR=#CCBBAA SIZE=4><B></B></FONT><BR><BR><TABLE WIDTH=600 CELLSPACING=1 BORDER=0 CELLPADDING=1 BGCOLOR=#CCCCCC><TR><TD BGCOLOR=#FF7F50><TABLE WIDTH=100% CELLSPACING=2 BORDER=0 CELLPADDING=5><TR><TD ALIGN=left BGCOLOR=#FF7F50><FONT COLOR=#333333 SIZE=3><B>★★商品説明★★</B></FONT></TD></TR></TABLE><TABLE WIDTH=100% CELLSPACING=2 BORDER=0 CELLPADDING=0><TR><TD HEIGHT=2 BGCOLOR=#CCBBAA></TD></TR></TABLE><TABLE WIDTH=100% CELLSPACING=2 BORDER=0 CELLPADDING=5><TR><TD ALIGN=left BGCOLOR=#FFF8EE><FONT COLOR=#333333 SIZE=3>高級感のある肌触りの良いスエード調シートです。<BR>
キメ細かなリアルな起毛の質感！<BR>
<BR>
曲面への施工も可能。<BR>
愛車の内張り・ダッシュボード・コンソール<BR>
肘掛け・メーターパネル等に使用すれば<BR>
格段と高級感がアップします。<BR>
<BR>
その他、<BR>
インテリアとして様々な場所にご使用頂けます。<BR>
大きい場所、好きな場所へ施工可能。<BR>
シートの裏に糊が付いておりますので、<BR>
お取り付けも簡単に出来ます。<BR>
<BR>
只今、人気急上昇中のお勧めの逸品です。<BR>
<br>【カラー】<br>
商品名（商品タイトル）記載のカラーです。<br>
※全14種類ございます。<br>
ブラック/レッド/ホワイト/ブルー/グレー<br>パープル/ピンク/オレンジ/ベージュ/ワインレッド<br>マスタードイエロー/ネイビーブルー/ブラウン/グリーン<br><br>
<br>
【サイズ】 <br>
商品名（商品タイトル）記載のサイズです。<br>
※全３種類ございます（幅の変更は出来ません）<br>
・Ａ４サイズ　→　幅30cm×20cm  <br>
・小　　　　　→　幅65cm×50cm<br>
・大　　　　　→　幅135cm×100cm<br>
※大サイズに関しまして<br>
100cm以上をご希望の方は希望の長さ(ｍ)分ご購入下さい。<BR>
一度に10m以上ご購入に関しましては送料・代引き手数料<BR>当社が負担させて頂きます。<BR>30mまでであれば1ｍ毎に延長可能。<br>
延長をご希望の場合は、希望の長さ（m）分ご購入下さい。<br>
長さ5ｍ以上をご希望の方は在庫の有無をお電話にて<br>
ご確認下さいますようお願い申し上げます。<br><br><br>
<br>
※色/伸び/質感に関する質問が多々御座いますがモニター環境に<br>
よって色味が異なったり、感じ方に個人差がございますので<br>
不安な方はサンプルセットをご購入の上、実物をご確認頂いてから<br>商品をご購入下さいますようお願い申し上げます。<BR><br>【サンプルセット購入はコチラ】<BR><BR>
購入後の上記理由での返品はお受けできません。<br>
<br>
【注意事項】<br>
※貼り付け・車検に関するご質問はお答え致しかねます。<br>
※取り付け前に必ず商品確認を行ってください。<br>
切断・加工後の返品交換は一切お受け致しかねます。<br>
※1枚ずつ業務用切り売りでスタッフが丁寧にカットしておりますが<br>
一部に断面が歪んだり欠けしまう場合が御座います。<br>
※念の為、切り損じを1cm程度(A4サイズは5mm程度)踏まえてお考え下さい。
</FONT></TD></TR></TABLE></TD></TR></TABLE><BR><BR><BR><TABLE WIDTH=600 CELLSPACING=1 BORDER=0 CELLPADDING=1 BGCOLOR=#CCCCCC><TR><TD BGCOLOR=#FF7F50><TABLE WIDTH=100% CELLSPACING=2 BORDER=0 CELLPADDING=5><TR><TD ALIGN=left BGCOLOR=#FF7F50><FONT COLOR=#333333 SIZE=3><B>★★発送方法/送料★★</B></FONT></TD></TR></TABLE><TABLE WIDTH=100% CELLSPACING=2 BORDER=0 CELLPADDING=0><TR><TD HEIGHT=2 BGCOLOR=#CCBBAA></TD></TR></TABLE><TABLE WIDTH=100% CELLSPACING=2 BORDER=0 CELLPADDING=5><TR><TD ALIGN=left BGCOLOR=#FFF8EE><FONT COLOR=#333333 SIZE=3>商品名に【送料無料】の記載がある場合は、送料無料です。<BR>※北海道・沖縄・離島除く<BR><BR><FONT SIZE=5>【全国送料表】</FONT>をご確認下さいませ。<BR><BR>複数の商品を同梱可能です。<BR>※同梱をご希望の場合、必ず同じお買い物カゴ（カート）でご注文下さい。<BR>※別々のお買い物カゴで注文された場合は別々に梱包し発送致します。<BR>その為、送料・代引き手数料は発送個数分請求させて頂きます。<BR><BR>★発送に関する注意事項★<BR>---------------------------------------- <BR>当方指定宅急便ですので配送業者は選択できません。 <BR>時間指定は対応いたしておりません。<BR>発送連絡に記載の問い合わせ番号でご自身でご確認頂けます。<BR>離島は発送が一日遅れます。 <BR>----------------------------------------<BR>★商品代引★　　<BR>宅急便送料+別途手数料３７０円 <BR>休業日　商品ページ左バナーカレンダーに記載</FONT></TD></TR></TABLE></TD></TR></TABLE><BR><TABLE WIDTH=600 CELLSPACING=1 BORDER=0 CELLPADDING=1 BGCOLOR=#CCCCCC><TR><TD BGCOLOR=#FF7F50><TABLE WIDTH=100% CELLSPACING=2 BORDER=0 CELLPADDING=5><TR><TD ALIGN=left BGCOLOR=#FF7F50><FONT COLOR=#333333 SIZE=3><B>★★支払方法★</B></FONT></TD></TR></TABLE><TABLE WIDTH=100% CELLSPACING=2 BORDER=0 CELLPADDING=0><TR><TD HEIGHT=2 BGCOLOR=#CCBBAA></TD></TR></TABLE><TABLE WIDTH=100% CELLSPACING=2 BORDER=0 CELLPADDING=5><TR><TD ALIGN=left BGCOLOR=#FFF8EE><FONT COLOR=#333333 SIZE=3>●楽天銀行　振込<BR>●商品代引<BR>●クレジットカード決済<BR>●コンビニ決済（前払い）<BR>●楽天Edy決済<BR>●auかんたん決済<BR></FONT></TD></TR></TABLE></TD></TR></TABLE><BR><IMG SRC=http://image.rakuten.co.jp/auc-automax/cabinet/03561925/img63193783.gif WIDTH=600><BR><BR></CENTER><center><BR><BR><img src=http://image.rakuten.co.jp/auc-automax/cabinet/03619501/cuttingsheet-cate/imgrc0068742328.gif width=195 alt=A4> <img src=http://image.rakuten.co.jp/auc-automax/cabinet/03619501/cuttingsheet-cate/imgrc0068742325.gif width=195 alt=65x50> <img src=http://image.rakuten.co.jp/auc-automax/cabinet/03619501/cuttingsheet-cate/imgrc0068742326.gif width=195 alt=135x100><BR><br>

<img src=http://image.rakuten.co.jp/auc-automax/cabinet/03619501/cuttingsheet-cate/imgrc0068742261.jpg width=195 alt=黒> 
<img src=http://image.rakuten.co.jp/auc-automax/cabinet/03619501/cuttingsheet-cate/imgrc0068742260.jpg width=195 alt=肌> 
<img src=http://image.rakuten.co.jp/auc-automax/cabinet/03619501/cuttingsheet-cate/imgrc0068742262.jpg width=195 alt=青><BR>
<img src=http://image.rakuten.co.jp/auc-automax/cabinet/03619501/cuttingsheet-cate/imgrc0068742263.jpg width=195 alt=茶> 
<img src=http://image.rakuten.co.jp/auc-automax/cabinet/03619501/cuttingsheet-cate/imgrc0068742264.jpg width=195 alt=灰> 
<img src=http://image.rakuten.co.jp/auc-automax/cabinet/03619501/cuttingsheet-cate/imgrc0068742265.jpg width=195 alt=緑><BR>
<img src=http://image.rakuten.co.jp/auc-automax/cabinet/03619501/cuttingsheet-cate/imgrc0068742266.jpg width=195 alt=紺> 
<img src=http://image.rakuten.co.jp/auc-automax/cabinet/03619501/cuttingsheet-cate/imgrc0068742267.jpg width=195 alt=柿> 
<img src=http://image.rakuten.co.jp/auc-automax/cabinet/03619501/cuttingsheet-cate/imgrc0068742268.jpg width=195 alt=桃><BR>
<img src=http://image.rakuten.co.jp/auc-automax/cabinet/03619501/cuttingsheet-cate/imgrc0068742269.jpg width=195> 
<img src=http://image.rakuten.co.jp/auc-automax/cabinet/03619501/cuttingsheet-cate/imgrc0068742270.jpg width=195> 
<img src=http://image.rakuten.co.jp/auc-automax/cabinet/03619501/cuttingsheet-cate/imgrc0068742271.jpg width=195><BR>
<img src=http://image.rakuten.co.jp/auc-automax/cabinet/03619501/cuttingsheet-cate/imgrc0068742276.jpg width=195> 
<img src=http://image.rakuten.co.jp/auc-automax/cabinet/03619501/cuttingsheet-cate/imgrc0068742277.jpg width=195> </center><center>
<br>
<img SRC=http://image.rakuten.co.jp/auc-automax/cabinet/imgrc0067382276.gif width=670 height=400><BR>
<br>
<img SRC=http://image.rakuten.co.jp/auc-automax/cabinet/img60333004.gif width=670 height=120><BR>
<br>

<br></center>",スエード(A4) 黄■【メール便 送料無料】スエード生地シート　糊付き マスタードイエロー アルカンターラ調 30cm&times;20cmスエードシート バックスキン曲面対応 カッティング可能シート状 インテリア ウォールクロス 革 レザー【RCP】：AUTOMAX izumi,カッティングシートモニタースタンドアルカンターラ調スエード生地シート汎用パーツ自動車アクセサリーメッキモール送料無料ステッカーカー用品バイク用品ドレスアップラグジュアリー内装外装カット済みカーフィルム大阪通販激安格安施工スエード(A4) 黄■【メール便 送料無料】スエード生地シート　糊付き マスタードイエロー アルカンターラ調 30cm&times;20cmスエードシート バックスキン曲面対応 カッティング可能シート状 インテリア ウォールクロス 革 レザー【RCP】,メール便送料無料。代引の場合は宅急便送料に変更し発送致します。スエード(A4) 黄■【メール便 送料無料】スエード生地シート　糊付き マスタードイエロー アルカンターラ調 30cm&times;20cmスエードシート バックスキン曲面対応 カッティング可能シート状 インテリア ウォールクロス 革 レザー【RCP】
1-27981,http://tshop.r10s.jp/auc-automax/cabinet/02420218/02420238/img58125064.jpg?fitin=700:700,312.0000,,日用品雑貨・文房具・手芸 > 手芸・クラフト・生地 > 生地・布,スエード(A4) 灰■【メール便 送料無料】スエード生地シート　糊付き 灰 アルカンターラ調 30cm×20cmスエードシート バックスキン曲面対応 カッティング可能シート状 インテリア ウォールクロス 革 レザー ステッカー シール【RCP】,メール便送料無料。代引の場合は宅急便送料に変更し発送致します,"<TR> <TD HEIGHT=6></TD> <TD HEIGHT=6></TD> <TD HEIGHT=6></TD> </TR><BR><CENTER><FONT COLOR=#CCBBAA SIZE=4><B></B></FONT><BR><BR><TABLE WIDTH=600 CELLSPACING=1 BORDER=0 CELLPADDING=1 BGCOLOR=#CCCCCC><TR><TD BGCOLOR=#FF7F50><TABLE WIDTH=100% CELLSPACING=2 BORDER=0 CELLPADDING=5><TR><TD ALIGN=left BGCOLOR=#FF7F50><FONT COLOR=#333333 SIZE=3><B>★★商品説明★★</B></FONT></TD></TR></TABLE><TABLE WIDTH=100% CELLSPACING=2 BORDER=0 CELLPADDING=0><TR><TD HEIGHT=2 BGCOLOR=#CCBBAA></TD></TR></TABLE><TABLE WIDTH=100% CELLSPACING=2 BORDER=0 CELLPADDING=5><TR><TD ALIGN=left BGCOLOR=#FFF8EE><FONT COLOR=#333333 SIZE=3>高級感のある肌触りの良いスエード調シートです。<BR>
キメ細かなリアルな起毛の質感！<BR>
<BR>
曲面への施工も可能。<BR>
愛車の内張り・ダッシュボード・コンソール<BR>
肘掛け・メーターパネル等に使用すれば<BR>
格段と高級感がアップします。<BR>
<BR>
その他、<BR>
インテリアとして様々な場所にご使用頂けます。<BR>
大きい場所、好きな場所へ施工可能。<BR>
シートの裏に糊が付いておりますので、<BR>
お取り付けも簡単に出来ます。<BR>
<BR>
只今、人気急上昇中のお勧めの逸品です。<BR>
<br>【カラー】<br>
商品名（商品タイトル）記載のカラーです。<br>
※全14種類ございます。<br>
ブラック/レッド/ホワイト/ブルー/グレー<br>パープル/ピンク/オレンジ/ベージュ/ワインレッド<br>マスタードイエロー/ネイビーブルー/ブラウン/グリーン<br><br>
<br>
【サイズ】 <br>
商品名（商品タイトル）記載のサイズです。<br>
※全３種類ございます（幅の変更は出来ません）<br>
・Ａ４サイズ　→　幅30cm×20cm  <br>
・小　　　　　→　幅65cm×50cm<br>
・大　　　　　→　幅135cm×100cm<br>
※大サイズに関しまして<br>
100cm以上をご希望の方は希望の長さ(ｍ)分ご購入下さい。<BR>
一度に10m以上ご購入に関しましては送料・代引き手数料<BR>当社が負担させて頂きます。<BR>30mまでであれば1ｍ毎に延長可能。<br>
延長をご希望の場合は、希望の長さ（m）分ご購入下さい。<br>
長さ5ｍ以上をご希望の方は在庫の有無をお電話にて<br>
ご確認下さいますようお願い申し上げます。<br><br><br>
<br>
※色/伸び/質感に関する質問が多々御座いますがモニター環境に<br>
よって色味が異なったり、感じ方に個人差がございますので<br>
不安な方はサンプルセットをご購入の上、実物をご確認頂いてから<br>商品をご購入下さいますようお願い申し上げます。<BR><br>【サンプルセット購入はコチラ】<BR><BR>
購入後の上記理由での返品はお受けできません。<br>
<br>
【注意事項】<br>
※貼り付け・車検に関するご質問はお答え致しかねます。<br>
※取り付け前に必ず商品確認を行ってください。<br>
切断・加工後の返品交換は一切お受け致しかねます。<br>
※1枚ずつ業務用切り売りでスタッフが丁寧にカットしておりますが<br>
一部に断面が歪んだり欠けしまう場合が御座います。<br>
※念の為、切り損じを1cm程度(A4サイズは5mm程度)踏まえてお考え下さい。
</FONT></TD></TR></TABLE></TD></TR></TABLE><BR><BR><BR><TABLE WIDTH=600 CELLSPACING=1 BORDER=0 CELLPADDING=1 BGCOLOR=#CCCCCC><TR><TD BGCOLOR=#FF7F50><TABLE WIDTH=100% CELLSPACING=2 BORDER=0 CELLPADDING=5><TR><TD ALIGN=left BGCOLOR=#FF7F50><FONT COLOR=#333333 SIZE=3><B>★★発送方法/送料★★</B></FONT></TD></TR></TABLE><TABLE WIDTH=100% CELLSPACING=2 BORDER=0 CELLPADDING=0><TR><TD HEIGHT=2 BGCOLOR=#CCBBAA></TD></TR></TABLE><TABLE WIDTH=100% CELLSPACING=2 BORDER=0 CELLPADDING=5><TR><TD ALIGN=left BGCOLOR=#FFF8EE><FONT COLOR=#333333 SIZE=3>商品名に【送料無料】の記載がある場合は、送料無料です。<BR>※北海道・沖縄・離島除く<BR><BR><FONT SIZE=5>【全国送料表】</FONT>をご確認下さいませ。<BR><BR>複数の商品を同梱可能です。<BR>※同梱をご希望の場合、必ず同じお買い物カゴ（カート）でご注文下さい。<BR>※別々のお買い物カゴで注文された場合は別々に梱包し発送致します。<BR>その為、送料・代引き手数料は発送個数分請求させて頂きます。<BR><BR>★発送に関する注意事項★<BR>---------------------------------------- <BR>当方指定宅急便ですので配送業者は選択できません。 <BR>時間指定は対応いたしておりません。<BR>発送連絡に記載の問い合わせ番号でご自身でご確認頂けます。<BR>離島は発送が一日遅れます。 <BR>----------------------------------------<BR>★商品代引★　　<BR>宅急便送料+別途手数料３７０円 <BR>休業日　商品ページ左バナーカレンダーに記載</FONT></TD></TR></TABLE></TD></TR></TABLE><BR><TABLE WIDTH=600 CELLSPACING=1 BORDER=0 CELLPADDING=1 BGCOLOR=#CCCCCC><TR><TD BGCOLOR=#FF7F50><TABLE WIDTH=100% CELLSPACING=2 BORDER=0 CELLPADDING=5><TR><TD ALIGN=left BGCOLOR=#FF7F50><FONT COLOR=#333333 SIZE=3><B>★★支払方法★</B></FONT></TD></TR></TABLE><TABLE WIDTH=100% CELLSPACING=2 BORDER=0 CELLPADDING=0><TR><TD HEIGHT=2 BGCOLOR=#CCBBAA></TD></TR></TABLE><TABLE WIDTH=100% CELLSPACING=2 BORDER=0 CELLPADDING=5><TR><TD ALIGN=left BGCOLOR=#FFF8EE><FONT COLOR=#333333 SIZE=3>●楽天銀行　振込<BR>●商品代引<BR>●クレジットカード決済<BR>●コンビニ決済（前払い）<BR>●楽天Edy決済<BR>●auかんたん決済<BR></FONT></TD></TR></TABLE></TD></TR></TABLE><BR><IMG SRC=http://image.rakuten.co.jp/auc-automax/cabinet/03561925/img63193783.gif WIDTH=600><BR><BR></CENTER><center><BR><BR><img src=http://image.rakuten.co.jp/auc-automax/cabinet/03619501/cuttingsheet-cate/imgrc0068742328.gif width=195 alt=A4> <img src=http://image.rakuten.co.jp/auc-automax/cabinet/03619501/cuttingsheet-cate/imgrc0068742325.gif width=195 alt=65x50> <img src=http://image.rakuten.co.jp/auc-automax/cabinet/03619501/cuttingsheet-cate/imgrc0068742326.gif width=195 alt=135x100><BR><br>

<img src=http://image.rakuten.co.jp/auc-automax/cabinet/03619501/cuttingsheet-cate/imgrc0068742261.jpg width=195 alt=黒> 
<img src=http://image.rakuten.co.jp/auc-automax/cabinet/03619501/cuttingsheet-cate/imgrc0068742260.jpg width=195 alt=肌> 
<img src=http://image.rakuten.co.jp/auc-automax/cabinet/03619501/cuttingsheet-cate/imgrc0068742262.jpg width=195 alt=青><BR>
<img src=http://image.rakuten.co.jp/auc-automax/cabinet/03619501/cuttingsheet-cate/imgrc0068742263.jpg width=195 alt=茶> 
<img src=http://image.rakuten.co.jp/auc-automax/cabinet/03619501/cuttingsheet-cate/imgrc0068742264.jpg width=195 alt=灰> 
<img src=http://image.rakuten.co.jp/auc-automax/cabinet/03619501/cuttingsheet-cate/imgrc0068742265.jpg width=195 alt=緑><BR>
<img src=http://image.rakuten.co.jp/auc-automax/cabinet/03619501/cuttingsheet-cate/imgrc0068742266.jpg width=195 alt=紺> 
<img src=http://image.rakuten.co.jp/auc-automax/cabinet/03619501/cuttingsheet-cate/imgrc0068742267.jpg width=195 alt=柿> 
<img src=http://image.rakuten.co.jp/auc-automax/cabinet/03619501/cuttingsheet-cate/imgrc0068742268.jpg width=195 alt=桃><BR>
<img src=http://image.rakuten.co.jp/auc-automax/cabinet/03619501/cuttingsheet-cate/imgrc0068742269.jpg width=195> 
<img src=http://image.rakuten.co.jp/auc-automax/cabinet/03619501/cuttingsheet-cate/imgrc0068742270.jpg width=195> 
<img src=http://image.rakuten.co.jp/auc-automax/cabinet/03619501/cuttingsheet-cate/imgrc0068742271.jpg width=195><BR>
<img src=http://image.rakuten.co.jp/auc-automax/cabinet/03619501/cuttingsheet-cate/imgrc0068742276.jpg width=195> 
<img src=http://image.rakuten.co.jp/auc-automax/cabinet/03619501/cuttingsheet-cate/imgrc0068742277.jpg width=195> </center><center>
<br>
<img SRC=http://image.rakuten.co.jp/auc-automax/cabinet/imgrc0067382276.gif width=670 height=400><BR>
<br>
<img SRC=http://image.rakuten.co.jp/auc-automax/cabinet/img60333004.gif width=670 height=120><BR>
<br>

<br></center>",スエード(A4) 灰■【メール便 送料無料】スエード生地シート　糊付き 灰 アルカンターラ調 30cm&times;20cmスエードシート バックスキン曲面対応 カッティング可能シート状 インテリア ウォールクロス 革 レザー ステッカー シール【RCP】：AUTOMAX izumi,カッティングシートモニタースタンドアルカンターラ調スエード生地シート汎用パーツ自動車アクセサリーメッキモール送料無料ステッカーカー用品バイク用品ドレスアップラグジュアリー内装外装カット済みカーフィルム大阪通販激安格安施工スエード(A4) 灰■【メール便 送料無料】スエード生地シート　糊付き 灰 アルカンターラ調 30cm&times;20cmスエードシート バックスキン曲面対応 カッティング可能シート状 インテリア ウォールクロス 革 レザー ステッカー シール【RCP】,メール便送料無料。代引の場合は宅急便送料に変更し発送致します。スエード(A4) 灰■【メール便 送料無料】スエード生地シート　糊付き 灰 アルカンターラ調 30cm&times;20cmスエードシート バックスキン曲面対応 カッティング可能シート状 インテリア ウォールクロス 革 レザー ステッカー シール【RCP】
1-27982,http://tshop.r10s.jp/auc-automax/cabinet/02420218/02420238/img65440449.jpg?fitin=700:700,312.0000,,日用品雑貨・文房具・手芸 > 手芸・クラフト・生地 > 生地・布,スエード(A4) 紺■【メール便 送料無料】スエード生地シート　糊付き ネイビーブルー アルカンターラ調 30cm×20cmスエードシート バックスキン曲面対応 カッティング可能シート状 インテリア ウォールクロス 革 レザー【RCP】,メール便送料無料。代引の場合は宅急便送料に変更し発送致します,"<TR> <TD HEIGHT=6></TD> <TD HEIGHT=6></TD> <TD HEIGHT=6></TD> </TR><BR><CENTER><FONT COLOR=#CCBBAA SIZE=4><B></B></FONT><BR><BR><TABLE WIDTH=600 CELLSPACING=1 BORDER=0 CELLPADDING=1 BGCOLOR=#CCCCCC><TR><TD BGCOLOR=#FF7F50><TABLE WIDTH=100% CELLSPACING=2 BORDER=0 CELLPADDING=5><TR><TD ALIGN=left BGCOLOR=#FF7F50><FONT COLOR=#333333 SIZE=3><B>★★商品説明★★</B></FONT></TD></TR></TABLE><TABLE WIDTH=100% CELLSPACING=2 BORDER=0 CELLPADDING=0><TR><TD HEIGHT=2 BGCOLOR=#CCBBAA></TD></TR></TABLE><TABLE WIDTH=100% CELLSPACING=2 BORDER=0 CELLPADDING=5><TR><TD ALIGN=left BGCOLOR=#FFF8EE><FONT COLOR=#333333 SIZE=3>高級感のある肌触りの良いスエード調シートです。<BR>
キメ細かなリアルな起毛の質感！<BR>
<BR>
曲面への施工も可能。<BR>
愛車の内張り・ダッシュボード・コンソール<BR>
肘掛け・メーターパネル等に使用すれば<BR>
格段と高級感がアップします。<BR>
<BR>
その他、<BR>
インテリアとして様々な場所にご使用頂けます。<BR>
大きい場所、好きな場所へ施工可能。<BR>
シートの裏に糊が付いておりますので、<BR>
お取り付けも簡単に出来ます。<BR>
<BR>
只今、人気急上昇中のお勧めの逸品です。<BR>
<br>【カラー】<br>
商品名（商品タイトル）記載のカラーです。<br>
※全14種類ございます。<br>
ブラック/レッド/ホワイト/ブルー/グレー<br>パープル/ピンク/オレンジ/ベージュ/ワインレッド<br>マスタードイエロー/ネイビーブルー/ブラウン/グリーン<br><br>
<br>
【サイズ】 <br>
商品名（商品タイトル）記載のサイズです。<br>
※全３種類ございます（幅の変更は出来ません）<br>
・Ａ４サイズ　→　幅30cm×20cm  <br>
・小　　　　　→　幅65cm×50cm<br>
・大　　　　　→　幅135cm×100cm<br>
※大サイズに関しまして<br>
100cm以上をご希望の方は希望の長さ(ｍ)分ご購入下さい。<BR>
一度に10m以上ご購入に関しましては送料・代引き手数料<BR>当社が負担させて頂きます。<BR>30mまでであれば1ｍ毎に延長可能。<br>
延長をご希望の場合は、希望の長さ（m）分ご購入下さい。<br>
長さ5ｍ以上をご希望の方は在庫の有無をお電話にて<br>
ご確認下さいますようお願い申し上げます。<br><br><br>
<br>
※色/伸び/質感に関する質問が多々御座いますがモニター環境に<br>
よって色味が異なったり、感じ方に個人差がございますので<br>
不安な方はサンプルセットをご購入の上、実物をご確認頂いてから<br>商品をご購入下さいますようお願い申し上げます。<BR><br>【サンプルセット購入はコチラ】<BR><BR>
購入後の上記理由での返品はお受けできません。<br>
<br>
【注意事項】<br>
※貼り付け・車検に関するご質問はお答え致しかねます。<br>
※取り付け前に必ず商品確認を行ってください。<br>
切断・加工後の返品交換は一切お受け致しかねます。<br>
※1枚ずつ業務用切り売りでスタッフが丁寧にカットしておりますが<br>
一部に断面が歪んだり欠けしまう場合が御座います。<br>
※念の為、切り損じを1cm程度(A4サイズは5mm程度)踏まえてお考え下さい。
</FONT></TD></TR></TABLE></TD></TR></TABLE><BR><BR><BR><TABLE WIDTH=600 CELLSPACING=1 BORDER=0 CELLPADDING=1 BGCOLOR=#CCCCCC><TR><TD BGCOLOR=#FF7F50><TABLE WIDTH=100% CELLSPACING=2 BORDER=0 CELLPADDING=5><TR><TD ALIGN=left BGCOLOR=#FF7F50><FONT COLOR=#333333 SIZE=3><B>★★発送方法/送料★★</B></FONT></TD></TR></TABLE><TABLE WIDTH=100% CELLSPACING=2 BORDER=0 CELLPADDING=0><TR><TD HEIGHT=2 BGCOLOR=#CCBBAA></TD></TR></TABLE><TABLE WIDTH=100% CELLSPACING=2 BORDER=0 CELLPADDING=5><TR><TD ALIGN=left BGCOLOR=#FFF8EE><FONT COLOR=#333333 SIZE=3>商品名に【送料無料】の記載がある場合は、送料無料です。<BR>※北海道・沖縄・離島除く<BR><BR><FONT SIZE=5>【全国送料表】</FONT>をご確認下さいませ。<BR><BR>複数の商品を同梱可能です。<BR>※同梱をご希望の場合、必ず同じお買い物カゴ（カート）でご注文下さい。<BR>※別々のお買い物カゴで注文された場合は別々に梱包し発送致します。<BR>その為、送料・代引き手数料は発送個数分請求させて頂きます。<BR><BR>★発送に関する注意事項★<BR>---------------------------------------- <BR>当方指定宅急便ですので配送業者は選択できません。 <BR>時間指定は対応いたしておりません。<BR>発送連絡に記載の問い合わせ番号でご自身でご確認頂けます。<BR>離島は発送が一日遅れます。 <BR>----------------------------------------<BR>★商品代引★　　<BR>宅急便送料+別途手数料３７０円 <BR>休業日　商品ページ左バナーカレンダーに記載</FONT></TD></TR></TABLE></TD></TR></TABLE><BR><TABLE WIDTH=600 CELLSPACING=1 BORDER=0 CELLPADDING=1 BGCOLOR=#CCCCCC><TR><TD BGCOLOR=#FF7F50><TABLE WIDTH=100% CELLSPACING=2 BORDER=0 CELLPADDING=5><TR><TD ALIGN=left BGCOLOR=#FF7F50><FONT COLOR=#333333 SIZE=3><B>★★支払方法★</B></FONT></TD></TR></TABLE><TABLE WIDTH=100% CELLSPACING=2 BORDER=0 CELLPADDING=0><TR><TD HEIGHT=2 BGCOLOR=#CCBBAA></TD></TR></TABLE><TABLE WIDTH=100% CELLSPACING=2 BORDER=0 CELLPADDING=5><TR><TD ALIGN=left BGCOLOR=#FFF8EE><FONT COLOR=#333333 SIZE=3>●楽天銀行　振込<BR>●商品代引<BR>●クレジットカード決済<BR>●コンビニ決済（前払い）<BR>●楽天Edy決済<BR>●auかんたん決済<BR></FONT></TD></TR></TABLE></TD></TR></TABLE><BR><IMG SRC=http://image.rakuten.co.jp/auc-automax/cabinet/03561925/img63193783.gif WIDTH=600><BR><BR></CENTER><center><BR><BR><img src=http://image.rakuten.co.jp/auc-automax/cabinet/03619501/cuttingsheet-cate/imgrc0068742328.gif width=195 alt=A4> <img src=http://image.rakuten.co.jp/auc-automax/cabinet/03619501/cuttingsheet-cate/imgrc0068742325.gif width=195 alt=65x50> <img src=http://image.rakuten.co.jp/auc-automax/cabinet/03619501/cuttingsheet-cate/imgrc0068742326.gif width=195 alt=135x100><BR><br>

<img src=http://image.rakuten.co.jp/auc-automax/cabinet/03619501/cuttingsheet-cate/imgrc0068742261.jpg width=195 alt=黒> 
<img src=http://image.rakuten.co.jp/auc-automax/cabinet/03619501/cuttingsheet-cate/imgrc0068742260.jpg width=195 alt=肌> 
<img src=http://image.rakuten.co.jp/auc-automax/cabinet/03619501/cuttingsheet-cate/imgrc0068742262.jpg width=195 alt=青><BR>
<img src=http://image.rakuten.co.jp/auc-automax/cabinet/03619501/cuttingsheet-cate/imgrc0068742263.jpg width=195 alt=茶> 
<img src=http://image.rakuten.co.jp/auc-automax/cabinet/03619501/cuttingsheet-cate/imgrc0068742264.jpg width=195 alt=灰> 
<img src=http://image.rakuten.co.jp/auc-automax/cabinet/03619501/cuttingsheet-cate/imgrc0068742265.jpg width=195 alt=緑><BR>
<img src=http://image.rakuten.co.jp/auc-automax/cabinet/03619501/cuttingsheet-cate/imgrc0068742266.jpg width=195 alt=紺> 
<img src=http://image.rakuten.co.jp/auc-automax/cabinet/03619501/cuttingsheet-cate/imgrc0068742267.jpg width=195 alt=柿> 
<img src=http://image.rakuten.co.jp/auc-automax/cabinet/03619501/cuttingsheet-cate/imgrc0068742268.jpg width=195 alt=桃><BR>
<img src=http://image.rakuten.co.jp/auc-automax/cabinet/03619501/cuttingsheet-cate/imgrc0068742269.jpg width=195> 
<img src=http://image.rakuten.co.jp/auc-automax/cabinet/03619501/cuttingsheet-cate/imgrc0068742270.jpg width=195> 
<img src=http://image.rakuten.co.jp/auc-automax/cabinet/03619501/cuttingsheet-cate/imgrc0068742271.jpg width=195><BR>
<img src=http://image.rakuten.co.jp/auc-automax/cabinet/03619501/cuttingsheet-cate/imgrc0068742276.jpg width=195> 
<img src=http://image.rakuten.co.jp/auc-automax/cabinet/03619501/cuttingsheet-cate/imgrc0068742277.jpg width=195> </center><center>
<br>
<img SRC=http://image.rakuten.co.jp/auc-automax/cabinet/imgrc0067382276.gif width=670 height=400><BR>
<br>
<img SRC=http://image.rakuten.co.jp/auc-automax/cabinet/img60333004.gif width=670 height=120><BR>
<br>

<br></center>",スエード(A4) 紺■【メール便 送料無料】スエード生地シート　糊付き ネイビーブルー アルカンターラ調 30cm&times;20cmスエードシート バックスキン曲面対応 カッティング可能シート状 インテリア ウォールクロス 革 レザー【RCP】：AUTOMAX izumi,カッティングシートモニタースタンドアルカンターラ調スエード生地シート汎用パーツ自動車アクセサリーメッキモール送料無料ステッカーカー用品バイク用品ドレスアップラグジュアリー内装外装カット済みカーフィルム大阪通販激安格安施工スエード(A4) 紺■【メール便 送料無料】スエード生地シート　糊付き ネイビーブルー アルカンターラ調 30cm&times;20cmスエードシート バックスキン曲面対応 カッティング可能シート状 インテリア ウォールクロス 革 レザー【RCP】,メール便送料無料。代引の場合は宅急便送料に変更し発送致します。スエード(A4) 紺■【メール便 送料無料】スエード生地シート　糊付き ネイビーブルー アルカンターラ調 30cm&times;20cmスエードシート バックスキン曲面対応 カッティング可能シート状 インテリア ウォールクロス 革 レザー【RCP】
1-27983,http://tshop.r10s.jp/auc-automax/cabinet/02420218/trim-recovery-sheet/img65939889.gif?fitin=700:700,2760.0000,,日用品雑貨・文房具・手芸 > 手芸・クラフト・生地 > 生地・布,純正トリム張替えシート(大) 黒♪内装 張替用メッシュ生地 糊付き135cm×1m～ ブラックウレタン スポンジ付きスポーツニット曲面対応/カッティング可内装/肘掛け/ドア内張り/天井/張替え修理/補修/レストア/リペア検:レカロ,この商品は送料 全国一律600円 です(北海道/沖縄除く)同梱可能。,"内装を蘇らせる純正トリム張替えシート登場!!<br>
<br>
欧州車によく見られる天井の垂れ下がりや、肘掛け、シート等の<br>
経年劣化による破れや汚れ、穴あき、引っかき傷などをお手軽!簡単に<BR>
純正同等に蘇らせる<BR><b><font color=""#cc0000"" size=""4"">ウレタンクッション付きのメッシュシート<BR>その名も　トリムリカバリーシート　です!!</font></b><br>
<br>
レカロシート、ブリッド等バケットシートの張替えや天井張替、ドア内張り、<BR>
内装の様々な加工・修復に使用出来、裏面には糊が付いておりますので<BR>
スプレー糊を使用したせいで張替え用の生地に糊(ボンド)が染み込み、<BR>
見える部分がまだらになってしまったといったお悩みも簡単に解決!<BR>
<br>
<br>
伸縮性・弾力性に非常に富み、3D曲面にも当然対応しております。<br>
また段差のある接地面やザラザラ面、木材の切断面、お部屋の壁のパネルと<BR>
パネルの間など、凹凸のある箇所に使用しても施工後 表面がガタガタせず<BR>
綺麗な見栄えで仕上がる張り易さ抜群のカッティング可能なシートです。<br>
※当商品はハイクオリティの韓国製です。 <br>
安価な中国製のものとは全く違います。 <br>
<br>
<BR>

<br>
<br>
【カラー】<br>
商品名（商品タイトル）記載のカラーです。<br>
※全3種類ございます。<br>
ブラック(黒色) / ベージュ(肌色) / グレー(灰) <br>
<br>
【サイズ】 <br>
商品名（商品タイトル）記載のサイズです。<br>
※全３種類ございます（幅の変更は出来ません）<br>
・Ａ４サイズ　→　幅30cm×20cm <br>
・小　　　　　→　幅65cm×50cm<br>
・大　　　　　→　幅135cm×100cm<br>
<br>
※大サイズに関しまして<br>
100cm以上をご希望の方は希望の長さ(ｍ)分ご購入下さい。<br>
一度に10m以上ご購入に関しましては送料・代引き手数料<br>
当社が負担させて頂きます。<br>
10mまでであれば1ｍ毎に延長可能。10mを超える場合10ｍ毎にカット致します。<br>
延長をご希望の場合は、希望の長さ（m）分ご購入下さい。<br>
長さ5ｍ以上をご希望の方は在庫の有無をお電話にて<br>
ご確認下さいますようお願い申し上げます。<br>
<br>
当商品と同様のウレタンスポンジクッションの付いたアルカンターラ調のスエード<br>
生地シート（クッション付きスエードシート）も販売しております。<br>
<br>クッション付きスエードシートの購入はコチラ<br><br>
<br>
ステッカー感覚でルーフ、トランクルーム、インパネ、オーディオ<BR>
コンソール等はもちろん、自動車の内装のみならず、お部屋の<BR>
インテリアファブリックやウォールステッカー、壁紙としても！<br>
<br>
<br>
<br><font color=""#cc0000"" size=""3"">※色/伸び/質感に関する質問が多々御座いますがモニター環境に<br>
よって色味が異なったり、感じ方に個人差がございますので<br>
不安な方は1円出品しておりますサンプルセットをご購入の上、<br>
商品をご購入下さいますようお願い申し上げます。<br>
購入後の上記理由での返品はお受けできません。</font><br><br>
サンプルセット購入はコチラ<br><br>
<br>
【注意事項】<br>
※貼り付け・車検に関するご質問はお答え致しかねます。<br>
※取り付け前に必ず商品確認を行ってください。<br>
切断・加工後の返品交換は一切お受け致しかねます。<br>
※1枚ずつ業務用切り売りでスタッフが丁寧にカットしておりますが<br>
一部に断面が歪んだり欠けしまう場合が御座います。<br>
※切り損じを1cm程度(A4サイズは5mm程度)踏まえてお考え下さい。<br>
<br>
アウディ,アウディー,レンジローバー,外車,ニュー ビートル,ジェッタ<br>
フォルクスワーゲン,オペル ベクトラ,オリジナル, BMW,ゴルフ,クワトロ<br>シトロエン,プジョー,ユーロ車,プリウス等あらゆる車種に使用可能!!<br><center>
<br>
<img SRC=http://image.rakuten.co.jp/auc-automax/cabinet/imgrc0067382276.gif width=670 height=400><BR>
<br>
<img SRC=http://image.rakuten.co.jp/auc-automax/cabinet/img60333004.gif width=670 height=120><BR>
<br>

<br></center>",純正トリム張替えシート(大) 黒♪内装 張替用メッシュ生地 糊付き135cm&times;1m～ ブラックウレタン スポンジ付きスポーツニット曲面対応/カッティング可内装/肘掛け/ドア内張り/天井/張替え修理/補修/レストア/リペア検:レカロ：AUTOMAX izumi,カッティングシートモニタースタンドアルカンターラ調スエード生地シート汎用パーツ自動車アクセサリーメッキモール送料無料ステッカーカー用品バイク用品ドレスアップラグジュアリー内装外装カット済みカーフィルム大阪通販激安格安施工純正トリム張替えシート(大) 黒♪内装 張替用メッシュ生地 糊付き135cm&times;1m～ ブラックウレタン スポンジ付きスポーツニット曲面対応/カッティング可内装/肘掛け/ドア内張り/天井/張替え修理/補修/レストア/リペア検:レカロ,この商品は送料 全国一律600円 です(北海道/沖縄除く)同梱可能。。純正トリム張替えシート(大) 黒♪内装 張替用メッシュ生地 糊付き135cm&times;1m～ ブラックウレタン スポンジ付きスポーツニット曲面対応/カッティング可内装/肘掛け/ドア内張り/天井/張替え修理/補修/レストア/リペア検:レカロ
1-27984,http://tshop.r10s.jp/auc-automax/cabinet/02420218/trim-recovery-sheet/img65939895.gif?fitin=700:700,2760.0000,,日用品雑貨・文房具・手芸 > 手芸・クラフト・生地 > 生地・布,純正トリム張替えシート(大) 灰♪内装 張替用メッシュ生地 糊付き135cm×1m～ グレーウレタン スポンジ付きスポーツニット曲面対応/カッティング可内装/肘掛け/ドア内張り/天井/張替え修理/補修/レストア/リペア検:レカロ/バケッド,この商品は送料 全国一律600円 です(北海道/沖縄除く)同梱可能。,"内装を蘇らせる純正トリム張替えシート登場!!<br>
<br>
欧州車によく見られる天井の垂れ下がりや、肘掛け、シート等の<br>
経年劣化による破れや汚れ、穴あき、引っかき傷などをお手軽!簡単に<BR>
純正同等に蘇らせる<BR><b><font color=""#cc0000"" size=""4"">ウレタンクッション付きのメッシュシート<BR>その名も　トリムリカバリーシート　です!!</font></b><br>
<br>
レカロシート、ブリッド等バケットシートの張替えや天井張替、ドア内張り、<BR>
内装の様々な加工・修復に使用出来、裏面には糊が付いておりますので<BR>
スプレー糊を使用したせいで張替え用の生地に糊(ボンド)が染み込み、<BR>
見える部分がまだらになってしまったといったお悩みも簡単に解決!<BR>
<br>
<br>
伸縮性・弾力性に非常に富み、3D曲面にも当然対応しております。<br>
また段差のある接地面やザラザラ面、木材の切断面、お部屋の壁のパネルと<BR>
パネルの間など、凹凸のある箇所に使用しても施工後 表面がガタガタせず<BR>
綺麗な見栄えで仕上がる張り易さ抜群のカッティング可能なシートです。<br>
※当商品はハイクオリティの韓国製です。 <br>
安価な中国製のものとは全く違います。 <br>
<br>
<BR>

<br>
<br>
【カラー】<br>
商品名（商品タイトル）記載のカラーです。<br>
※全3種類ございます。<br>
ブラック(黒色) / ベージュ(肌色) / グレー(灰) <br>
<br>
【サイズ】 <br>
商品名（商品タイトル）記載のサイズです。<br>
※全３種類ございます（幅の変更は出来ません）<br>
・Ａ４サイズ　→　幅30cm×20cm <br>
・小　　　　　→　幅65cm×50cm<br>
・大　　　　　→　幅135cm×100cm<br>
<br>
※大サイズに関しまして<br>
100cm以上をご希望の方は希望の長さ(ｍ)分ご購入下さい。<br>
一度に10m以上ご購入に関しましては送料・代引き手数料<br>
当社が負担させて頂きます。<br>
10mまでであれば1ｍ毎に延長可能。10mを超える場合10ｍ毎にカット致します。<br>
延長をご希望の場合は、希望の長さ（m）分ご購入下さい。<br>
長さ5ｍ以上をご希望の方は在庫の有無をお電話にて<br>
ご確認下さいますようお願い申し上げます。<br>
<br>
当商品と同様のウレタンスポンジクッションの付いたアルカンターラ調のスエード<br>
生地シート（クッション付きスエードシート）も販売しております。<br>
<br>クッション付きスエードシートの購入はコチラ<br><br>
<br>
ステッカー感覚でルーフ、トランクルーム、インパネ、オーディオ<BR>
コンソール等はもちろん、自動車の内装のみならず、お部屋の<BR>
インテリアファブリックやウォールステッカー、壁紙としても！<br>
<br>
<br>
<br><font color=""#cc0000"" size=""3"">※色/伸び/質感に関する質問が多々御座いますがモニター環境に<br>
よって色味が異なったり、感じ方に個人差がございますので<br>
不安な方は1円出品しておりますサンプルセットをご購入の上、<br>
商品をご購入下さいますようお願い申し上げます。<br>
購入後の上記理由での返品はお受けできません。</font><br><br>
サンプルセット購入はコチラ<br><br>
<br>
【注意事項】<br>
※貼り付け・車検に関するご質問はお答え致しかねます。<br>
※取り付け前に必ず商品確認を行ってください。<br>
切断・加工後の返品交換は一切お受け致しかねます。<br>
※1枚ずつ業務用切り売りでスタッフが丁寧にカットしておりますが<br>
一部に断面が歪んだり欠けしまう場合が御座います。<br>
※切り損じを1cm程度(A4サイズは5mm程度)踏まえてお考え下さい。<br>
<br>
アウディ,アウディー,レンジローバー,外車,ニュー ビートル,ジェッタ<br>
フォルクスワーゲン,オペル ベクトラ,オリジナル, BMW,ゴルフ,クワトロ<br>シトロエン,プジョー,ユーロ車,プリウス等あらゆる車種に使用可能!!<br><center>
<br>
<img SRC=http://image.rakuten.co.jp/auc-automax/cabinet/imgrc0067382276.gif width=670 height=400><BR>
<br>
<img SRC=http://image.rakuten.co.jp/auc-automax/cabinet/img60333004.gif width=670 height=120><BR>
<br>

<br></center>",純正トリム張替えシート(大) 灰♪内装 張替用メッシュ生地 糊付き135cm&times;1m～ グレーウレタン スポンジ付きスポーツニット曲面対応/カッティング可内装/肘掛け/ドア内張り/天井/張替え修理/補修/レストア/リペア検:レカロ/バケッド：AUTOMAX izumi,カッティングシートモニタースタンドアルカンターラ調スエード生地シート汎用パーツ自動車アクセサリーメッキモール送料無料ステッカーカー用品バイク用品ドレスアップラグジュアリー内装外装カット済みカーフィルム大阪通販激安格安施工純正トリム張替えシート(大) 灰♪内装 張替用メッシュ生地 糊付き135cm&times;1m～ グレーウレタン スポンジ付きスポーツニット曲面対応/カッティング可内装/肘掛け/ドア内張り/天井/張替え修理/補修/レストア/リペア検:レカロ/バケッド,この商品は送料 全国一律600円 です(北海道/沖縄除く)同梱可能。。純正トリム張替えシート(大) 灰♪内装 張替用メッシュ生地 糊付き135cm&times;1m～ グレーウレタン スポンジ付きスポーツニット曲面対応/カッティング可内装/肘掛け/ドア内張り/天井/張替え修理/補修/レストア/リペア検:レカロ/バケッド
1-27985,http://tshop.r10s.jp/auc-automax/cabinet/02420218/trim-recovery-sheet/img65939887.gif?fitin=700:700,2760.0000,,日用品雑貨・文房具・手芸 > 手芸・クラフト・生地 > 生地・布,純正トリム張替えシート(大) ベージュ♪内装 張替用メッシュ生地 糊付き135cm×1m～ 肌色ウレタン スポンジ付きスポーツニット曲面対応/カッティング可内装/肘掛け/ドア内張り/天井/張替え修理/補修/レストア/リペア検:レカロ/バケッド,この商品は送料 全国一律600円 です(北海道/沖縄除く)同梱可能。,"内装を蘇らせる純正トリム張替えシート登場!!<br>
<br>
欧州車によく見られる天井の垂れ下がりや、肘掛け、シート等の<br>
経年劣化による破れや汚れ、穴あき、引っかき傷などをお手軽!簡単に<BR>
純正同等に蘇らせる<BR><b><font color=""#cc0000"" size=""4"">ウレタンクッション付きのメッシュシート<BR>その名も　トリムリカバリーシート　です!!</font></b><br>
<br>
レカロシート、ブリッド等バケットシートの張替えや天井張替、ドア内張り、<BR>
内装の様々な加工・修復に使用出来、裏面には糊が付いておりますので<BR>
スプレー糊を使用したせいで張替え用の生地に糊(ボンド)が染み込み、<BR>
見える部分がまだらになってしまったといったお悩みも簡単に解決!<BR>
<br>
<br>
伸縮性・弾力性に非常に富み、3D曲面にも当然対応しております。<br>
また段差のある接地面やザラザラ面、木材の切断面、お部屋の壁のパネルと<BR>
パネルの間など、凹凸のある箇所に使用しても施工後 表面がガタガタせず<BR>
綺麗な見栄えで仕上がる張り易さ抜群のカッティング可能なシートです。<br>
※当商品はハイクオリティの韓国製です。 <br>
安価な中国製のものとは全く違います。 <br>
<br>
<BR>

<br>
<br>
【カラー】<br>
商品名（商品タイトル）記載のカラーです。<br>
※全3種類ございます。<br>
ブラック(黒色) / ベージュ(肌色) / グレー(灰) <br>
<br>
【サイズ】 <br>
商品名（商品タイトル）記載のサイズです。<br>
※全３種類ございます（幅の変更は出来ません）<br>
・Ａ４サイズ　→　幅30cm×20cm <br>
・小　　　　　→　幅65cm×50cm<br>
・大　　　　　→　幅135cm×100cm<br>
<br>
※大サイズに関しまして<br>
100cm以上をご希望の方は希望の長さ(ｍ)分ご購入下さい。<br>
一度に10m以上ご購入に関しましては送料・代引き手数料<br>
当社が負担させて頂きます。<br>
10mまでであれば1ｍ毎に延長可能。10mを超える場合10ｍ毎にカット致します。<br>
延長をご希望の場合は、希望の長さ（m）分ご購入下さい。<br>
長さ5ｍ以上をご希望の方は在庫の有無をお電話にて<br>
ご確認下さいますようお願い申し上げます。<br>
<br>
当商品と同様のウレタンスポンジクッションの付いたアルカンターラ調のスエード<br>
生地シート（クッション付きスエードシート）も販売しております。<br>
<br>クッション付きスエードシートの購入はコチラ<br><br>
<br>
ステッカー感覚でルーフ、トランクルーム、インパネ、オーディオ<BR>
コンソール等はもちろん、自動車の内装のみならず、お部屋の<BR>
インテリアファブリックやウォールステッカー、壁紙としても！<br>
<br>
<br>
<br><font color=""#cc0000"" size=""3"">※色/伸び/質感に関する質問が多々御座いますがモニター環境に<br>
よって色味が異なったり、感じ方に個人差がございますので<br>
不安な方は1円出品しておりますサンプルセットをご購入の上、<br>
商品をご購入下さいますようお願い申し上げます。<br>
購入後の上記理由での返品はお受けできません。</font><br><br>
サンプルセット購入はコチラ<br><br>
<br>
【注意事項】<br>
※貼り付け・車検に関するご質問はお答え致しかねます。<br>
※取り付け前に必ず商品確認を行ってください。<br>
切断・加工後の返品交換は一切お受け致しかねます。<br>
※1枚ずつ業務用切り売りでスタッフが丁寧にカットしておりますが<br>
一部に断面が歪んだり欠けしまう場合が御座います。<br>
※切り損じを1cm程度(A4サイズは5mm程度)踏まえてお考え下さい。<br>
<br>
アウディ,アウディー,レンジローバー,外車,ニュー ビートル,ジェッタ<br>
フォルクスワーゲン,オペル ベクトラ,オリジナル, BMW,ゴルフ,クワトロ<br>シトロエン,プジョー,ユーロ車,プリウス等あらゆる車種に使用可能!!<br><center>
<br>
<img SRC=http://image.rakuten.co.jp/auc-automax/cabinet/imgrc0067382276.gif width=670 height=400><BR>
<br>
<img SRC=http://image.rakuten.co.jp/auc-automax/cabinet/img60333004.gif width=670 height=120><BR>
<br>

<br></center>",純正トリム張替えシート(大) ベージュ♪内装 張替用メッシュ生地 糊付き135cm&times;1m～ 肌色ウレタン スポンジ付きスポーツニット曲面対応/カッティング可内装/肘掛け/ドア内張り/天井/張替え修理/補修/レストア/リペア検:レカロ/バケッド：AUTOMAX izumi,カッティングシートモニタースタンドアルカンターラ調スエード生地シート汎用パーツ自動車アクセサリーメッキモール送料無料ステッカーカー用品バイク用品ドレスアップラグジュアリー内装外装カット済みカーフィルム大阪通販激安格安施工純正トリム張替えシート(大) ベージュ♪内装 張替用メッシュ生地 糊付き135cm&times;1m～ 肌色ウレタン スポンジ付きスポーツニット曲面対応/カッティング可内装/肘掛け/ドア内張り/天井/張替え修理/補修/レストア/リペア検:レカロ/バケッド,この商品は送料 全国一律600円 です(北海道/沖縄除く)同梱可能。。純正トリム張替えシート(大) ベージュ♪内装 張替用メッシュ生地 糊付き135cm&times;1m～ 肌色ウレタン スポンジ付きスポーツニット曲面対応/カッティング可内装/肘掛け/ドア内張り/天井/張替え修理/補修/レストア/リペア検:レカロ/バケッド
1-27986,http://tshop.r10s.jp/auc-automax/cabinet/02420218/trim-recovery-sheet/img65939895.gif?fitin=700:700,2760.0000,,日用品雑貨・文房具・手芸 > 手芸・クラフト・生地 > 生地・布,純正トリム張替えシート(大) 灰♪内装 張替用メッシュ生地 糊付き135cm×1m～ グレーウレタン スポンジ付きスポーツニット曲面対応/カッティング可内装/肘掛け/ドア内張り/天井/張替え修理/補修/レストア/リペア検:レカロ/バケッド,この商品は送料 全国一律600円 です(北海道/沖縄除く)同梱可能。,"内装を蘇らせる純正トリム張替えシート登場!!<br>
<br>
欧州車によく見られる天井の垂れ下がりや、肘掛け、シート等の<br>
経年劣化による破れや汚れ、穴あき、引っかき傷などをお手軽!簡単に<BR>
純正同等に蘇らせる<BR><b><font color=""#cc0000"" size=""4"">ウレタンクッション付きのメッシュシート<BR>その名も　トリムリカバリーシート　です!!</font></b><br>
<br>
レカロシート、ブリッド等バケットシートの張替えや天井張替、ドア内張り、<BR>
内装の様々な加工・修復に使用出来、裏面には糊が付いておりますので<BR>
スプレー糊を使用したせいで張替え用の生地に糊(ボンド)が染み込み、<BR>
見える部分がまだらになってしまったといったお悩みも簡単に解決!<BR>
<br>
<br>
伸縮性・弾力性に非常に富み、3D曲面にも当然対応しております。<br>
また段差のある接地面やザラザラ面、木材の切断面、お部屋の壁のパネルと<BR>
パネルの間など、凹凸のある箇所に使用しても施工後 表面がガタガタせず<BR>
綺麗な見栄えで仕上がる張り易さ抜群のカッティング可能なシートです。<br>
※当商品はハイクオリティの韓国製です。 <br>
安価な中国製のものとは全く違います。 <br>
<br>
<BR>

<br>
<br>
【カラー】<br>
商品名（商品タイトル）記載のカラーです。<br>
※全3種類ございます。<br>
ブラック(黒色) / ベージュ(肌色) / グレー(灰) <br>
<br>
【サイズ】 <br>
商品名（商品タイトル）記載のサイズです。<br>
※全３種類ございます（幅の変更は出来ません）<br>
・Ａ４サイズ　→　幅30cm×20cm <br>
・小　　　　　→　幅65cm×50cm<br>
・大　　　　　→　幅135cm×100cm<br>
<br>
※大サイズに関しまして<br>
100cm以上をご希望の方は希望の長さ(ｍ)分ご購入下さい。<br>
一度に10m以上ご購入に関しましては送料・代引き手数料<br>
当社が負担させて頂きます。<br>
10mまでであれば1ｍ毎に延長可能。10mを超える場合10ｍ毎にカット致します。<br>
延長をご希望の場合は、希望の長さ（m）分ご購入下さい。<br>
長さ5ｍ以上をご希望の方は在庫の有無をお電話にて<br>
ご確認下さいますようお願い申し上げます。<br>
<br>
当商品と同様のウレタンスポンジクッションの付いたアルカンターラ調のスエード<br>
生地シート（クッション付きスエードシート）も販売しております。<br>
<br>クッション付きスエードシートの購入はコチラ<br><br>
<br>
ステッカー感覚でルーフ、トランクルーム、インパネ、オーディオ<BR>
コンソール等はもちろん、自動車の内装のみならず、お部屋の<BR>
インテリアファブリックやウォールステッカー、壁紙としても！<br>
<br>
<br>
<br><font color=""#cc0000"" size=""3"">※色/伸び/質感に関する質問が多々御座いますがモニター環境に<br>
よって色味が異なったり、感じ方に個人差がございますので<br>
不安な方は1円出品しておりますサンプルセットをご購入の上、<br>
商品をご購入下さいますようお願い申し上げます。<br>
購入後の上記理由での返品はお受けできません。</font><br><br>
サンプルセット購入はコチラ<br><br>
<br>
【注意事項】<br>
※貼り付け・車検に関するご質問はお答え致しかねます。<br>
※取り付け前に必ず商品確認を行ってください。<br>
切断・加工後の返品交換は一切お受け致しかねます。<br>
※1枚ずつ業務用切り売りでスタッフが丁寧にカットしておりますが<br>
一部に断面が歪んだり欠けしまう場合が御座います。<br>
※切り損じを1cm程度(A4サイズは5mm程度)踏まえてお考え下さい。<br>
<br>
アウディ,アウディー,レンジローバー,外車,ニュー ビートル,ジェッタ<br>
フォルクスワーゲン,オペル ベクトラ,オリジナル, BMW,ゴルフ,クワトロ<br>シトロエン,プジョー,ユーロ車,プリウス等あらゆる車種に使用可能!!<br><center>
<br>
<img SRC=http://image.rakuten.co.jp/auc-automax/cabinet/imgrc0067382276.gif width=670 height=400><BR>
<br>
<img SRC=http://image.rakuten.co.jp/auc-automax/cabinet/img60333004.gif width=670 height=120><BR>
<br>

<br></center>",純正トリム張替えシート(大) 灰♪内装 張替用メッシュ生地 糊付き135cm&times;1m～ グレーウレタン スポンジ付きスポーツニット曲面対応/カッティング可内装/肘掛け/ドア内張り/天井/張替え修理/補修/レストア/リペア検:レカロ/バケッド：AUTOMAX izumi,カッティングシートモニタースタンドアルカンターラ調スエード生地シート汎用パーツ自動車アクセサリーメッキモール送料無料ステッカーカー用品バイク用品ドレスアップラグジュアリー内装外装カット済みカーフィルム大阪通販激安格安施工純正トリム張替えシート(大) 灰♪内装 張替用メッシュ生地 糊付き135cm&times;1m～ グレーウレタン スポンジ付きスポーツニット曲面対応/カッティング可内装/肘掛け/ドア内張り/天井/張替え修理/補修/レストア/リペア検:レカロ/バケッド,この商品は送料 全国一律600円 です(北海道/沖縄除く)同梱可能。。純正トリム張替えシート(大) 灰♪内装 張替用メッシュ生地 糊付き135cm&times;1m～ グレーウレタン スポンジ付きスポーツニット曲面対応/カッティング可内装/肘掛け/ドア内張り/天井/張替え修理/補修/レストア/リペア検:レカロ/バケッド
1-27987,http://tshop.r10s.jp/auc-automax/cabinet/02420218/trim-recovery-sheet/img65939887.gif?fitin=700:700,2760.0000,,日用品雑貨・文房具・手芸 > 手芸・クラフト・生地 > 生地・布,純正トリム張替えシート(大) ベージュ♪内装 張替用メッシュ生地 糊付き135cm×1m～ 肌色ウレタン スポンジ付きスポーツニット曲面対応/カッティング可内装/肘掛け/ドア内張り/天井/張替え修理/補修/レストア/リペア検:レカロ/バケッド,この商品は送料 全国一律600円 です(北海道/沖縄除く)同梱可能。,"内装を蘇らせる純正トリム張替えシート登場!!<br>
<br>
欧州車によく見られる天井の垂れ下がりや、肘掛け、シート等の<br>
経年劣化による破れや汚れ、穴あき、引っかき傷などをお手軽!簡単に<BR>
純正同等に蘇らせる<BR><b><font color=""#cc0000"" size=""4"">ウレタンクッション付きのメッシュシート<BR>その名も　トリムリカバリーシート　です!!</font></b><br>
<br>
レカロシート、ブリッド等バケットシートの張替えや天井張替、ドア内張り、<BR>
内装の様々な加工・修復に使用出来、裏面には糊が付いておりますので<BR>
スプレー糊を使用したせいで張替え用の生地に糊(ボンド)が染み込み、<BR>
見える部分がまだらになってしまったといったお悩みも簡単に解決!<BR>
<br>
<br>
伸縮性・弾力性に非常に富み、3D曲面にも当然対応しております。<br>
また段差のある接地面やザラザラ面、木材の切断面、お部屋の壁のパネルと<BR>
パネルの間など、凹凸のある箇所に使用しても施工後 表面がガタガタせず<BR>
綺麗な見栄えで仕上がる張り易さ抜群のカッティング可能なシートです。<br>
※当商品はハイクオリティの韓国製です。 <br>
安価な中国製のものとは全く違います。 <br>
<br>
<BR>

<br>
<br>
【カラー】<br>
商品名（商品タイトル）記載のカラーです。<br>
※全3種類ございます。<br>
ブラック(黒色) / ベージュ(肌色) / グレー(灰) <br>
<br>
【サイズ】 <br>
商品名（商品タイトル）記載のサイズです。<br>
※全３種類ございます（幅の変更は出来ません）<br>
・Ａ４サイズ　→　幅30cm×20cm <br>
・小　　　　　→　幅65cm×50cm<br>
・大　　　　　→　幅135cm×100cm<br>
<br>
※大サイズに関しまして<br>
100cm以上をご希望の方は希望の長さ(ｍ)分ご購入下さい。<br>
一度に10m以上ご購入に関しましては送料・代引き手数料<br>
当社が負担させて頂きます。<br>
10mまでであれば1ｍ毎に延長可能。10mを超える場合10ｍ毎にカット致します。<br>
延長をご希望の場合は、希望の長さ（m）分ご購入下さい。<br>
長さ5ｍ以上をご希望の方は在庫の有無をお電話にて<br>
ご確認下さいますようお願い申し上げます。<br>
<br>
当商品と同様のウレタンスポンジクッションの付いたアルカンターラ調のスエード<br>
生地シート（クッション付きスエードシート）も販売しております。<br>
<br>クッション付きスエードシートの購入はコチラ<br><br>
<br>
ステッカー感覚でルーフ、トランクルーム、インパネ、オーディオ<BR>
コンソール等はもちろん、自動車の内装のみならず、お部屋の<BR>
インテリアファブリックやウォールステッカー、壁紙としても！<br>
<br>
<br>
<br><font color=""#cc0000"" size=""3"">※色/伸び/質感に関する質問が多々御座いますがモニター環境に<br>
よって色味が異なったり、感じ方に個人差がございますので<br>
不安な方は1円出品しておりますサンプルセットをご購入の上、<br>
商品をご購入下さいますようお願い申し上げます。<br>
購入後の上記理由での返品はお受けできません。</font><br><br>
サンプルセット購入はコチラ<br><br>
<br>
【注意事項】<br>
※貼り付け・車検に関するご質問はお答え致しかねます。<br>
※取り付け前に必ず商品確認を行ってください。<br>
切断・加工後の返品交換は一切お受け致しかねます。<br>
※1枚ずつ業務用切り売りでスタッフが丁寧にカットしておりますが<br>
一部に断面が歪んだり欠けしまう場合が御座います。<br>
※切り損じを1cm程度(A4サイズは5mm程度)踏まえてお考え下さい。<br>
<br>
アウディ,アウディー,レンジローバー,外車,ニュー ビートル,ジェッタ<br>
フォルクスワーゲン,オペル ベクトラ,オリジナル, BMW,ゴルフ,クワトロ<br>シトロエン,プジョー,ユーロ車,プリウス等あらゆる車種に使用可能!!<br><center>
<br>
<img SRC=http://image.rakuten.co.jp/auc-automax/cabinet/imgrc0067382276.gif width=670 height=400><BR>
<br>
<img SRC=http://image.rakuten.co.jp/auc-automax/cabinet/img60333004.gif width=670 height=120><BR>
<br>

<br></center>",純正トリム張替えシート(大) ベージュ♪内装 張替用メッシュ生地 糊付き135cm&times;1m～ 肌色ウレタン スポンジ付きスポーツニット曲面対応/カッティング可内装/肘掛け/ドア内張り/天井/張替え修理/補修/レストア/リペア検:レカロ/バケッド：AUTOMAX izumi,カッティングシートモニタースタンドアルカンターラ調スエード生地シート汎用パーツ自動車アクセサリーメッキモール送料無料ステッカーカー用品バイク用品ドレスアップラグジュアリー内装外装カット済みカーフィルム大阪通販激安格安施工純正トリム張替えシート(大) ベージュ♪内装 張替用メッシュ生地 糊付き135cm&times;1m～ 肌色ウレタン スポンジ付きスポーツニット曲面対応/カッティング可内装/肘掛け/ドア内張り/天井/張替え修理/補修/レストア/リペア検:レカロ/バケッド,この商品は送料 全国一律600円 です(北海道/沖縄除く)同梱可能。。純正トリム張替えシート(大) ベージュ♪内装 張替用メッシュ生地 糊付き135cm&times;1m～ 肌色ウレタン スポンジ付きスポーツニット曲面対応/カッティング可内装/肘掛け/ドア内張り/天井/張替え修理/補修/レストア/リペア検:レカロ/バケッド
1-27988,http://tshop.r10s.jp/auc-automax/cabinet/02420218/trim-recovery-sheet/img65939889.gif?fitin=700:700,2760.0000,,日用品雑貨・文房具・手芸 > 手芸・クラフト・生地 > 生地・布,純正トリム張替えシート(大) 黒♪内装 張替用メッシュ生地 糊付き135cm×1m～ ブラックウレタン スポンジ付きスポーツニット曲面対応/カッティング可内装/肘掛け/ドア内張り/天井/張替え修理/補修/レストア/リペア検:レカロ,この商品は送料 全国一律600円 です(北海道/沖縄除く)同梱可能。,"内装を蘇らせる純正トリム張替えシート登場!!<br>
<br>
欧州車によく見られる天井の垂れ下がりや、肘掛け、シート等の<br>
経年劣化による破れや汚れ、穴あき、引っかき傷などをお手軽!簡単に<BR>
純正同等に蘇らせる<BR><b><font color=""#cc0000"" size=""4"">ウレタンクッション付きのメッシュシート<BR>その名も　トリムリカバリーシート　です!!</font></b><br>
<br>
レカロシート、ブリッド等バケットシートの張替えや天井張替、ドア内張り、<BR>
内装の様々な加工・修復に使用出来、裏面には糊が付いておりますので<BR>
スプレー糊を使用したせいで張替え用の生地に糊(ボンド)が染み込み、<BR>
見える部分がまだらになってしまったといったお悩みも簡単に解決!<BR>
<br>
<br>
伸縮性・弾力性に非常に富み、3D曲面にも当然対応しております。<br>
また段差のある接地面やザラザラ面、木材の切断面、お部屋の壁のパネルと<BR>
パネルの間など、凹凸のある箇所に使用しても施工後 表面がガタガタせず<BR>
綺麗な見栄えで仕上がる張り易さ抜群のカッティング可能なシートです。<br>
※当商品はハイクオリティの韓国製です。 <br>
安価な中国製のものとは全く違います。 <br>
<br>
<BR>

<br>
<br>
【カラー】<br>
商品名（商品タイトル）記載のカラーです。<br>
※全3種類ございます。<br>
ブラック(黒色) / ベージュ(肌色) / グレー(灰) <br>
<br>
【サイズ】 <br>
商品名（商品タイトル）記載のサイズです。<br>
※全３種類ございます（幅の変更は出来ません）<br>
・Ａ４サイズ　→　幅30cm×20cm <br>
・小　　　　　→　幅65cm×50cm<br>
・大　　　　　→　幅135cm×100cm<br>
<br>
※大サイズに関しまして<br>
100cm以上をご希望の方は希望の長さ(ｍ)分ご購入下さい。<br>
一度に10m以上ご購入に関しましては送料・代引き手数料<br>
当社が負担させて頂きます。<br>
10mまでであれば1ｍ毎に延長可能。10mを超える場合10ｍ毎にカット致します。<br>
延長をご希望の場合は、希望の長さ（m）分ご購入下さい。<br>
長さ5ｍ以上をご希望の方は在庫の有無をお電話にて<br>
ご確認下さいますようお願い申し上げます。<br>
<br>
当商品と同様のウレタンスポンジクッションの付いたアルカンターラ調のスエード<br>
生地シート（クッション付きスエードシート）も販売しております。<br>
<br>クッション付きスエードシートの購入はコチラ<br><br>
<br>
ステッカー感覚でルーフ、トランクルーム、インパネ、オーディオ<BR>
コンソール等はもちろん、自動車の内装のみならず、お部屋の<BR>
インテリアファブリックやウォールステッカー、壁紙としても！<br>
<br>
<br>
<br><font color=""#cc0000"" size=""3"">※色/伸び/質感に関する質問が多々御座いますがモニター環境に<br>
よって色味が異なったり、感じ方に個人差がございますので<br>
不安な方は1円出品しておりますサンプルセットをご購入の上、<br>
商品をご購入下さいますようお願い申し上げます。<br>
購入後の上記理由での返品はお受けできません。</font><br><br>
サンプルセット購入はコチラ<br><br>
<br>
【注意事項】<br>
※貼り付け・車検に関するご質問はお答え致しかねます。<br>
※取り付け前に必ず商品確認を行ってください。<br>
切断・加工後の返品交換は一切お受け致しかねます。<br>
※1枚ずつ業務用切り売りでスタッフが丁寧にカットしておりますが<br>
一部に断面が歪んだり欠けしまう場合が御座います。<br>
※切り損じを1cm程度(A4サイズは5mm程度)踏まえてお考え下さい。<br>
<br>
アウディ,アウディー,レンジローバー,外車,ニュー ビートル,ジェッタ<br>
フォルクスワーゲン,オペル ベクトラ,オリジナル, BMW,ゴルフ,クワトロ<br>シトロエン,プジョー,ユーロ車,プリウス等あらゆる車種に使用可能!!<br><center>
<br>
<img SRC=http://image.rakuten.co.jp/auc-automax/cabinet/imgrc0067382276.gif width=670 height=400><BR>
<br>
<img SRC=http://image.rakuten.co.jp/auc-automax/cabinet/img60333004.gif width=670 height=120><BR>
<br>

<br></center>",純正トリム張替えシート(大) 黒♪内装 張替用メッシュ生地 糊付き135cm&times;1m～ ブラックウレタン スポンジ付きスポーツニット曲面対応/カッティング可内装/肘掛け/ドア内張り/天井/張替え修理/補修/レストア/リペア検:レカロ：AUTOMAX izumi,カッティングシートモニタースタンドアルカンターラ調スエード生地シート汎用パーツ自動車アクセサリーメッキモール送料無料ステッカーカー用品バイク用品ドレスアップラグジュアリー内装外装カット済みカーフィルム大阪通販激安格安施工純正トリム張替えシート(大) 黒♪内装 張替用メッシュ生地 糊付き135cm&times;1m～ ブラックウレタン スポンジ付きスポーツニット曲面対応/カッティング可内装/肘掛け/ドア内張り/天井/張替え修理/補修/レストア/リペア検:レカロ,この商品は送料 全国一律600円 です(北海道/沖縄除く)同梱可能。。純正トリム張替えシート(大) 黒♪内装 張替用メッシュ生地 糊付き135cm&times;1m～ ブラックウレタン スポンジ付きスポーツニット曲面対応/カッティング可内装/肘掛け/ドア内張り/天井/張替え修理/補修/レストア/リペア検:レカロ
1-27989,http://tshop.r10s.jp/auc-automax/cabinet/02420218/trim-recovery-sheet/img65939889.gif?fitin=700:700,2760.0000,,日用品雑貨・文房具・手芸 > 手芸・クラフト・生地 > 生地・布,純正トリム張替えシート(大) 黒♪内装 張替用メッシュ生地 糊付き135cm×1m～ ブラックウレタン スポンジ付きスポーツニット曲面対応/カッティング可内装/肘掛け/ドア内張り/天井/張替え修理/補修/レストア/リペア検:レカロ/,この商品は送料 全国一律600円 です(北海道/沖縄除く)同梱可能。,"内装を蘇らせる純正トリム張替えシート登場!!<br>
<br>
欧州車によく見られる天井の垂れ下がりや、肘掛け、シート等の<br>
経年劣化による破れや汚れ、穴あき、引っかき傷などをお手軽!簡単に<BR>
純正同等に蘇らせる<BR><b><font color=""#cc0000"" size=""4"">ウレタンクッション付きのメッシュシート<BR>その名も　トリムリカバリーシート　です!!</font></b><br>
<br>
レカロシート、ブリッド等バケットシートの張替えや天井張替、ドア内張り、<BR>
内装の様々な加工・修復に使用出来、裏面には糊が付いておりますので<BR>
スプレー糊を使用したせいで張替え用の生地に糊(ボンド)が染み込み、<BR>
見える部分がまだらになってしまったといったお悩みも簡単に解決!<BR>
<br>
<br>
伸縮性・弾力性に非常に富み、3D曲面にも当然対応しております。<br>
また段差のある接地面やザラザラ面、木材の切断面、お部屋の壁のパネルと<BR>
パネルの間など、凹凸のある箇所に使用しても施工後 表面がガタガタせず<BR>
綺麗な見栄えで仕上がる張り易さ抜群のカッティング可能なシートです。<br>
※当商品はハイクオリティの韓国製です。 <br>
安価な中国製のものとは全く違います。 <br>
<br>
<BR>

<br>
<br>
【カラー】<br>
商品名（商品タイトル）記載のカラーです。<br>
※全3種類ございます。<br>
ブラック(黒色) / ベージュ(肌色) / グレー(灰) <br>
<br>
【サイズ】 <br>
商品名（商品タイトル）記載のサイズです。<br>
※全３種類ございます（幅の変更は出来ません）<br>
・Ａ４サイズ　→　幅30cm×20cm <br>
・小　　　　　→　幅65cm×50cm<br>
・大　　　　　→　幅135cm×100cm<br>
<br>
※大サイズに関しまして<br>
100cm以上をご希望の方は希望の長さ(ｍ)分ご購入下さい。<br>
一度に10m以上ご購入に関しましては送料・代引き手数料<br>
当社が負担させて頂きます。<br>
10mまでであれば1ｍ毎に延長可能。10mを超える場合10ｍ毎にカット致します。<br>
延長をご希望の場合は、希望の長さ（m）分ご購入下さい。<br>
長さ5ｍ以上をご希望の方は在庫の有無をお電話にて<br>
ご確認下さいますようお願い申し上げます。<br>
<br>
当商品と同様のウレタンスポンジクッションの付いたアルカンターラ調のスエード<br>
生地シート（クッション付きスエードシート）も販売しております。<br>
<br>クッション付きスエードシートの購入はコチラ<br><br>
<br>
ステッカー感覚でルーフ、トランクルーム、インパネ、オーディオ<BR>
コンソール等はもちろん、自動車の内装のみならず、お部屋の<BR>
インテリアファブリックやウォールステッカー、壁紙としても！<br>
<br>
<br>
<br><font color=""#cc0000"" size=""3"">※色/伸び/質感に関する質問が多々御座いますがモニター環境に<br>
よって色味が異なったり、感じ方に個人差がございますので<br>
不安な方は1円出品しておりますサンプルセットをご購入の上、<br>
商品をご購入下さいますようお願い申し上げます。<br>
購入後の上記理由での返品はお受けできません。</font><br><br>
サンプルセット購入はコチラ<br><br>
<br>
【注意事項】<br>
※貼り付け・車検に関するご質問はお答え致しかねます。<br>
※取り付け前に必ず商品確認を行ってください。<br>
切断・加工後の返品交換は一切お受け致しかねます。<br>
※1枚ずつ業務用切り売りでスタッフが丁寧にカットしておりますが<br>
一部に断面が歪んだり欠けしまう場合が御座います。<br>
※切り損じを1cm程度(A4サイズは5mm程度)踏まえてお考え下さい。<br>
<br>
アウディ,アウディー,レンジローバー,外車,ニュー ビートル,ジェッタ<br>
フォルクスワーゲン,オペル ベクトラ,オリジナル, BMW,ゴルフ,クワトロ<br>シトロエン,プジョー,ユーロ車,プリウス等あらゆる車種に使用可能!!<br><center>
<br>
<img SRC=http://image.rakuten.co.jp/auc-automax/cabinet/imgrc0067382276.gif width=670 height=400><BR>
<br>
<img SRC=http://image.rakuten.co.jp/auc-automax/cabinet/img60333004.gif width=670 height=120><BR>
<br>

<br></center>",純正トリム張替えシート(大) 黒♪内装 張替用メッシュ生地 糊付き135cm&times;1m～ ブラックウレタン スポンジ付きスポーツニット曲面対応/カッティング可内装/肘掛け/ドア内張り/天井/張替え修理/補修/レストア/リペア検:レカロ/：AUTOMAX izumi,カッティングシートモニタースタンドアルカンターラ調スエード生地シート汎用パーツ自動車アクセサリーメッキモール送料無料ステッカーカー用品バイク用品ドレスアップラグジュアリー内装外装カット済みカーフィルム大阪通販激安格安施工純正トリム張替えシート(大) 黒♪内装 張替用メッシュ生地 糊付き135cm&times;1m～ ブラックウレタン スポンジ付きスポーツニット曲面対応/カッティング可内装/肘掛け/ドア内張り/天井/張替え修理/補修/レストア/リペア検:レカロ/,この商品は送料 全国一律600円 です(北海道/沖縄除く)同梱可能。。純正トリム張替えシート(大) 黒♪内装 張替用メッシュ生地 糊付き135cm&times;1m～ ブラックウレタン スポンジ付きスポーツニット曲面対応/カッティング可内装/肘掛け/ドア内張り/天井/張替え修理/補修/レストア/リペア検:レカロ/
1-27990,http://tshop.r10s.jp/auc-automax/cabinet/02420218/trim-recovery-sheet/img65939895.gif?fitin=700:700,2760.0000,,日用品雑貨・文房具・手芸 > 手芸・クラフト・生地 > 生地・布,純正トリム張替えシート(大) 灰♪内装 張替用メッシュ生地 糊付き135cm×1m～ グレーウレタン スポンジ付きスポーツニット曲面対応/カッティング可内装/肘掛け/ドア内張り/天井/張替え修理/補修/レストア/リペア検:レカロ/バケッド,この商品は送料 全国一律600円 です(北海道/沖縄除く)同梱可能。,"内装を蘇らせる純正トリム張替えシート登場!!<br>
<br>
欧州車によく見られる天井の垂れ下がりや、肘掛け、シート等の<br>
経年劣化による破れや汚れ、穴あき、引っかき傷などをお手軽!簡単に<BR>
純正同等に蘇らせる<BR><b><font color=""#cc0000"" size=""4"">ウレタンクッション付きのメッシュシート<BR>その名も　トリムリカバリーシート　です!!</font></b><br>
<br>
レカロシート、ブリッド等バケットシートの張替えや天井張替、ドア内張り、<BR>
内装の様々な加工・修復に使用出来、裏面には糊が付いておりますので<BR>
スプレー糊を使用したせいで張替え用の生地に糊(ボンド)が染み込み、<BR>
見える部分がまだらになってしまったといったお悩みも簡単に解決!<BR>
<br>
<br>
伸縮性・弾力性に非常に富み、3D曲面にも当然対応しております。<br>
また段差のある接地面やザラザラ面、木材の切断面、お部屋の壁のパネルと<BR>
パネルの間など、凹凸のある箇所に使用しても施工後 表面がガタガタせず<BR>
綺麗な見栄えで仕上がる張り易さ抜群のカッティング可能なシートです。<br>
※当商品はハイクオリティの韓国製です。 <br>
安価な中国製のものとは全く違います。 <br>
<br>
<BR>

<br>
<br>
【カラー】<br>
商品名（商品タイトル）記載のカラーです。<br>
※全3種類ございます。<br>
ブラック(黒色) / ベージュ(肌色) / グレー(灰) <br>
<br>
【サイズ】 <br>
商品名（商品タイトル）記載のサイズです。<br>
※全３種類ございます（幅の変更は出来ません）<br>
・Ａ４サイズ　→　幅30cm×20cm <br>
・小　　　　　→　幅65cm×50cm<br>
・大　　　　　→　幅135cm×100cm<br>
<br>
※大サイズに関しまして<br>
100cm以上をご希望の方は希望の長さ(ｍ)分ご購入下さい。<br>
一度に10m以上ご購入に関しましては送料・代引き手数料<br>
当社が負担させて頂きます。<br>
10mまでであれば1ｍ毎に延長可能。10mを超える場合10ｍ毎にカット致します。<br>
延長をご希望の場合は、希望の長さ（m）分ご購入下さい。<br>
長さ5ｍ以上をご希望の方は在庫の有無をお電話にて<br>
ご確認下さいますようお願い申し上げます。<br>
<br>
当商品と同様のウレタンスポンジクッションの付いたアルカンターラ調のスエード<br>
生地シート（クッション付きスエードシート）も販売しております。<br>
<br>クッション付きスエードシートの購入はコチラ<br><br>
<br>
ステッカー感覚でルーフ、トランクルーム、インパネ、オーディオ<BR>
コンソール等はもちろん、自動車の内装のみならず、お部屋の<BR>
インテリアファブリックやウォールステッカー、壁紙としても！<br>
<br>
<br>
<br><font color=""#cc0000"" size=""3"">※色/伸び/質感に関する質問が多々御座いますがモニター環境に<br>
よって色味が異なったり、感じ方に個人差がございますので<br>
不安な方は1円出品しておりますサンプルセットをご購入の上、<br>
商品をご購入下さいますようお願い申し上げます。<br>
購入後の上記理由での返品はお受けできません。</font><br><br>
サンプルセット購入はコチラ<br><br>
<br>
【注意事項】<br>
※貼り付け・車検に関するご質問はお答え致しかねます。<br>
※取り付け前に必ず商品確認を行ってください。<br>
切断・加工後の返品交換は一切お受け致しかねます。<br>
※1枚ずつ業務用切り売りでスタッフが丁寧にカットしておりますが<br>
一部に断面が歪んだり欠けしまう場合が御座います。<br>
※切り損じを1cm程度(A4サイズは5mm程度)踏まえてお考え下さい。<br>
<br>
アウディ,アウディー,レンジローバー,外車,ニュー ビートル,ジェッタ<br>
フォルクスワーゲン,オペル ベクトラ,オリジナル, BMW,ゴルフ,クワトロ<br>シトロエン,プジョー,ユーロ車,プリウス等あらゆる車種に使用可能!!<br><center>
<br>
<img SRC=http://image.rakuten.co.jp/auc-automax/cabinet/imgrc0067382276.gif width=670 height=400><BR>
<br>
<img SRC=http://image.rakuten.co.jp/auc-automax/cabinet/img60333004.gif width=670 height=120><BR>
<br>

<br></center>",純正トリム張替えシート(大) 灰♪内装 張替用メッシュ生地 糊付き135cm&times;1m～ グレーウレタン スポンジ付きスポーツニット曲面対応/カッティング可内装/肘掛け/ドア内張り/天井/張替え修理/補修/レストア/リペア検:レカロ/バケッド：AUTOMAX izumi,カッティングシートモニタースタンドアルカンターラ調スエード生地シート汎用パーツ自動車アクセサリーメッキモール送料無料ステッカーカー用品バイク用品ドレスアップラグジュアリー内装外装カット済みカーフィルム大阪通販激安格安施工純正トリム張替えシート(大) 灰♪内装 張替用メッシュ生地 糊付き135cm&times;1m～ グレーウレタン スポンジ付きスポーツニット曲面対応/カッティング可内装/肘掛け/ドア内張り/天井/張替え修理/補修/レストア/リペア検:レカロ/バケッド,この商品は送料 全国一律600円 です(北海道/沖縄除く)同梱可能。。純正トリム張替えシート(大) 灰♪内装 張替用メッシュ生地 糊付き135cm&times;1m～ グレーウレタン スポンジ付きスポーツニット曲面対応/カッティング可内装/肘掛け/ドア内張り/天井/張替え修理/補修/レストア/リペア検:レカロ/バケッド
1-27991,http://tshop.r10s.jp/auc-automax/cabinet/02420218/trim-recovery-sheet/img65939895.gif?fitin=700:700,2760.0000,,日用品雑貨・文房具・手芸 > 手芸・クラフト・生地 > 生地・布,純正トリム張替えシート(大) 灰♪内装 張替用メッシュ生地 糊付き135cm×1m～ グレーウレタン スポンジ付きスポーツニット曲面対応/カッティング可内装/肘掛け/ドア内張り/天井/張替え修理/補修/レストア/リペア検:レカロ/バケッド,この商品は送料 全国一律600円 です(北海道/沖縄除く)同梱可能。,"内装を蘇らせる純正トリム張替えシート登場!!<br>
<br>
欧州車によく見られる天井の垂れ下がりや、肘掛け、シート等の<br>
経年劣化による破れや汚れ、穴あき、引っかき傷などをお手軽!簡単に<BR>
純正同等に蘇らせる<BR><b><font color=""#cc0000"" size=""4"">ウレタンクッション付きのメッシュシート<BR>その名も　トリムリカバリーシート　です!!</font></b><br>
<br>
レカロシート、ブリッド等バケットシートの張替えや天井張替、ドア内張り、<BR>
内装の様々な加工・修復に使用出来、裏面には糊が付いておりますので<BR>
スプレー糊を使用したせいで張替え用の生地に糊(ボンド)が染み込み、<BR>
見える部分がまだらになってしまったといったお悩みも簡単に解決!<BR>
<br>
<br>
伸縮性・弾力性に非常に富み、3D曲面にも当然対応しております。<br>
また段差のある接地面やザラザラ面、木材の切断面、お部屋の壁のパネルと<BR>
パネルの間など、凹凸のある箇所に使用しても施工後 表面がガタガタせず<BR>
綺麗な見栄えで仕上がる張り易さ抜群のカッティング可能なシートです。<br>
※当商品はハイクオリティの韓国製です。 <br>
安価な中国製のものとは全く違います。 <br>
<br>
<BR>

<br>
<br>
【カラー】<br>
商品名（商品タイトル）記載のカラーです。<br>
※全3種類ございます。<br>
ブラック(黒色) / ベージュ(肌色) / グレー(灰) <br>
<br>
【サイズ】 <br>
商品名（商品タイトル）記載のサイズです。<br>
※全３種類ございます（幅の変更は出来ません）<br>
・Ａ４サイズ　→　幅30cm×20cm <br>
・小　　　　　→　幅65cm×50cm<br>
・大　　　　　→　幅135cm×100cm<br>
<br>
※大サイズに関しまして<br>
100cm以上をご希望の方は希望の長さ(ｍ)分ご購入下さい。<br>
一度に10m以上ご購入に関しましては送料・代引き手数料<br>
当社が負担させて頂きます。<br>
10mまでであれば1ｍ毎に延長可能。10mを超える場合10ｍ毎にカット致します。<br>
延長をご希望の場合は、希望の長さ（m）分ご購入下さい。<br>
長さ5ｍ以上をご希望の方は在庫の有無をお電話にて<br>
ご確認下さいますようお願い申し上げます。<br>
<br>
当商品と同様のウレタンスポンジクッションの付いたアルカンターラ調のスエード<br>
生地シート（クッション付きスエードシート）も販売しております。<br>
<br>クッション付きスエードシートの購入はコチラ<br><br>
<br>
ステッカー感覚でルーフ、トランクルーム、インパネ、オーディオ<BR>
コンソール等はもちろん、自動車の内装のみならず、お部屋の<BR>
インテリアファブリックやウォールステッカー、壁紙としても！<br>
<br>
<br>
<br><font color=""#cc0000"" size=""3"">※色/伸び/質感に関する質問が多々御座いますがモニター環境に<br>
よって色味が異なったり、感じ方に個人差がございますので<br>
不安な方は1円出品しておりますサンプルセットをご購入の上、<br>
商品をご購入下さいますようお願い申し上げます。<br>
購入後の上記理由での返品はお受けできません。</font><br><br>
サンプルセット購入はコチラ<br><br>
<br>
【注意事項】<br>
※貼り付け・車検に関するご質問はお答え致しかねます。<br>
※取り付け前に必ず商品確認を行ってください。<br>
切断・加工後の返品交換は一切お受け致しかねます。<br>
※1枚ずつ業務用切り売りでスタッフが丁寧にカットしておりますが<br>
一部に断面が歪んだり欠けしまう場合が御座います。<br>
※切り損じを1cm程度(A4サイズは5mm程度)踏まえてお考え下さい。<br>
<br>
アウディ,アウディー,レンジローバー,外車,ニュー ビートル,ジェッタ<br>
フォルクスワーゲン,オペル ベクトラ,オリジナル, BMW,ゴルフ,クワトロ<br>シトロエン,プジョー,ユーロ車,プリウス等あらゆる車種に使用可能!!<br><center>
<br>
<img SRC=http://image.rakuten.co.jp/auc-automax/cabinet/imgrc0067382276.gif width=670 height=400><BR>
<br>
<img SRC=http://image.rakuten.co.jp/auc-automax/cabinet/img60333004.gif width=670 height=120><BR>
<br>

<br></center>",純正トリム張替えシート(大) 灰♪内装 張替用メッシュ生地 糊付き135cm&times;1m～ グレーウレタン スポンジ付きスポーツニット曲面対応/カッティング可内装/肘掛け/ドア内張り/天井/張替え修理/補修/レストア/リペア検:レカロ/バケッド：AUTOMAX izumi,カッティングシートモニタースタンドアルカンターラ調スエード生地シート汎用パーツ自動車アクセサリーメッキモール送料無料ステッカーカー用品バイク用品ドレスアップラグジュアリー内装外装カット済みカーフィルム大阪通販激安格安施工純正トリム張替えシート(大) 灰♪内装 張替用メッシュ生地 糊付き135cm&times;1m～ グレーウレタン スポンジ付きスポーツニット曲面対応/カッティング可内装/肘掛け/ドア内張り/天井/張替え修理/補修/レストア/リペア検:レカロ/バケッド,この商品は送料 全国一律600円 です(北海道/沖縄除く)同梱可能。。純正トリム張替えシート(大) 灰♪内装 張替用メッシュ生地 糊付き135cm&times;1m～ グレーウレタン スポンジ付きスポーツニット曲面対応/カッティング可内装/肘掛け/ドア内張り/天井/張替え修理/補修/レストア/リペア検:レカロ/バケッド
1-27992,http://tshop.r10s.jp/auc-automax/cabinet/02420218/trim-recovery-sheet/img65939887.gif?fitin=700:700,2760.0000,,日用品雑貨・文房具・手芸 > 手芸・クラフト・生地 > 生地・布,純正トリム張替えシート(大) ベージュ♪内装 張替用メッシュ生地 糊付き135cm×1m～ 肌色ウレタン スポンジ付きスポーツニット曲面対応/カッティング可内装/肘掛け/ドア内張り/天井/張替え修理/補修/レストア/リペア検:レカロ/バケッド,この商品は送料 全国一律600円 です(北海道/沖縄除く)同梱可能。,"内装を蘇らせる純正トリム張替えシート登場!!<br>
<br>
欧州車によく見られる天井の垂れ下がりや、肘掛け、シート等の<br>
経年劣化による破れや汚れ、穴あき、引っかき傷などをお手軽!簡単に<BR>
純正同等に蘇らせる<BR><b><font color=""#cc0000"" size=""4"">ウレタンクッション付きのメッシュシート<BR>その名も　トリムリカバリーシート　です!!</font></b><br>
<br>
レカロシート、ブリッド等バケットシートの張替えや天井張替、ドア内張り、<BR>
内装の様々な加工・修復に使用出来、裏面には糊が付いておりますので<BR>
スプレー糊を使用したせいで張替え用の生地に糊(ボンド)が染み込み、<BR>
見える部分がまだらになってしまったといったお悩みも簡単に解決!<BR>
<br>
<br>
伸縮性・弾力性に非常に富み、3D曲面にも当然対応しております。<br>
また段差のある接地面やザラザラ面、木材の切断面、お部屋の壁のパネルと<BR>
パネルの間など、凹凸のある箇所に使用しても施工後 表面がガタガタせず<BR>
綺麗な見栄えで仕上がる張り易さ抜群のカッティング可能なシートです。<br>
※当商品はハイクオリティの韓国製です。 <br>
安価な中国製のものとは全く違います。 <br>
<br>
<BR>

<br>
<br>
【カラー】<br>
商品名（商品タイトル）記載のカラーです。<br>
※全3種類ございます。<br>
ブラック(黒色) / ベージュ(肌色) / グレー(灰) <br>
<br>
【サイズ】 <br>
商品名（商品タイトル）記載のサイズです。<br>
※全３種類ございます（幅の変更は出来ません）<br>
・Ａ４サイズ　→　幅30cm×20cm <br>
・小　　　　　→　幅65cm×50cm<br>
・大　　　　　→　幅135cm×100cm<br>
<br>
※大サイズに関しまして<br>
100cm以上をご希望の方は希望の長さ(ｍ)分ご購入下さい。<br>
一度に10m以上ご購入に関しましては送料・代引き手数料<br>
当社が負担させて頂きます。<br>
10mまでであれば1ｍ毎に延長可能。10mを超える場合10ｍ毎にカット致します。<br>
延長をご希望の場合は、希望の長さ（m）分ご購入下さい。<br>
長さ5ｍ以上をご希望の方は在庫の有無をお電話にて<br>
ご確認下さいますようお願い申し上げます。<br>
<br>
当商品と同様のウレタンスポンジクッションの付いたアルカンターラ調のスエード<br>
生地シート（クッション付きスエードシート）も販売しております。<br>
<br>クッション付きスエードシートの購入はコチラ<br><br>
<br>
ステッカー感覚でルーフ、トランクルーム、インパネ、オーディオ<BR>
コンソール等はもちろん、自動車の内装のみならず、お部屋の<BR>
インテリアファブリックやウォールステッカー、壁紙としても！<br>
<br>
<br>
<br><font color=""#cc0000"" size=""3"">※色/伸び/質感に関する質問が多々御座いますがモニター環境に<br>
よって色味が異なったり、感じ方に個人差がございますので<br>
不安な方は1円出品しておりますサンプルセットをご購入の上、<br>
商品をご購入下さいますようお願い申し上げます。<br>
購入後の上記理由での返品はお受けできません。</font><br><br>
サンプルセット購入はコチラ<br><br>
<br>
【注意事項】<br>
※貼り付け・車検に関するご質問はお答え致しかねます。<br>
※取り付け前に必ず商品確認を行ってください。<br>
切断・加工後の返品交換は一切お受け致しかねます。<br>
※1枚ずつ業務用切り売りでスタッフが丁寧にカットしておりますが<br>
一部に断面が歪んだり欠けしまう場合が御座います。<br>
※切り損じを1cm程度(A4サイズは5mm程度)踏まえてお考え下さい。<br>
<br>
アウディ,アウディー,レンジローバー,外車,ニュー ビートル,ジェッタ<br>
フォルクスワーゲン,オペル ベクトラ,オリジナル, BMW,ゴルフ,クワトロ<br>シトロエン,プジョー,ユーロ車,プリウス等あらゆる車種に使用可能!!<br><center>
<br>
<img SRC=http://image.rakuten.co.jp/auc-automax/cabinet/imgrc0067382276.gif width=670 height=400><BR>
<br>
<img SRC=http://image.rakuten.co.jp/auc-automax/cabinet/img60333004.gif width=670 height=120><BR>
<br>

<br></center>",純正トリム張替えシート(大) ベージュ♪内装 張替用メッシュ生地 糊付き135cm&times;1m～ 肌色ウレタン スポンジ付きスポーツニット曲面対応/カッティング可内装/肘掛け/ドア内張り/天井/張替え修理/補修/レストア/リペア検:レカロ/バケッド：AUTOMAX izumi,カッティングシートモニタースタンドアルカンターラ調スエード生地シート汎用パーツ自動車アクセサリーメッキモール送料無料ステッカーカー用品バイク用品ドレスアップラグジュアリー内装外装カット済みカーフィルム大阪通販激安格安施工純正トリム張替えシート(大) ベージュ♪内装 張替用メッシュ生地 糊付き135cm&times;1m～ 肌色ウレタン スポンジ付きスポーツニット曲面対応/カッティング可内装/肘掛け/ドア内張り/天井/張替え修理/補修/レストア/リペア検:レカロ/バケッド,この商品は送料 全国一律600円 です(北海道/沖縄除く)同梱可能。。純正トリム張替えシート(大) ベージュ♪内装 張替用メッシュ生地 糊付き135cm&times;1m～ 肌色ウレタン スポンジ付きスポーツニット曲面対応/カッティング可内装/肘掛け/ドア内張り/天井/張替え修理/補修/レストア/リペア検:レカロ/バケッド
1-27993,http://tshop.r10s.jp/auc-automax/cabinet/02420218/02420238/img65440443.jpg?fitin=700:700,312.0000,,日用品雑貨・文房具・手芸 > 手芸・クラフト・生地 > 生地・布,スエード(A4) 茶■【メール便 送料無料】スエード生地シート　糊付き ブラウン アルカンターラ調 30cm×20cmスエードシート バックスキン曲面対応 カッティング可能シート状 インテリア ウォールクロス 革 レザー【RCP】,メール便送料無料。代引の場合は宅急便送料に変更し発送致します,"<TR> <TD HEIGHT=6></TD> <TD HEIGHT=6></TD> <TD HEIGHT=6></TD> </TR><BR><CENTER><FONT COLOR=#CCBBAA SIZE=4><B></B></FONT><BR><BR><TABLE WIDTH=600 CELLSPACING=1 BORDER=0 CELLPADDING=1 BGCOLOR=#CCCCCC><TR><TD BGCOLOR=#FF7F50><TABLE WIDTH=100% CELLSPACING=2 BORDER=0 CELLPADDING=5><TR><TD ALIGN=left BGCOLOR=#FF7F50><FONT COLOR=#333333 SIZE=3><B>★★商品説明★★</B></FONT></TD></TR></TABLE><TABLE WIDTH=100% CELLSPACING=2 BORDER=0 CELLPADDING=0><TR><TD HEIGHT=2 BGCOLOR=#CCBBAA></TD></TR></TABLE><TABLE WIDTH=100% CELLSPACING=2 BORDER=0 CELLPADDING=5><TR><TD ALIGN=left BGCOLOR=#FFF8EE><FONT COLOR=#333333 SIZE=3>高級感のある肌触りの良いスエード調シートです。<BR>
キメ細かなリアルな起毛の質感！<BR>
<BR>
曲面への施工も可能。<BR>
愛車の内張り・ダッシュボード・コンソール<BR>
肘掛け・メーターパネル等に使用すれば<BR>
格段と高級感がアップします。<BR>
<BR>
その他、<BR>
インテリアとして様々な場所にご使用頂けます。<BR>
大きい場所、好きな場所へ施工可能。<BR>
シートの裏に糊が付いておりますので、<BR>
お取り付けも簡単に出来ます。<BR>
<BR>
只今、人気急上昇中のお勧めの逸品です。<BR>
<br>【カラー】<br>
商品名（商品タイトル）記載のカラーです。<br>
※全14種類ございます。<br>
ブラック/レッド/ホワイト/ブルー/グレー<br>パープル/ピンク/オレンジ/ベージュ/ワインレッド<br>マスタードイエロー/ネイビーブルー/ブラウン/グリーン<br><br>
<br>
【サイズ】 <br>
商品名（商品タイトル）記載のサイズです。<br>
※全３種類ございます（幅の変更は出来ません）<br>
・Ａ４サイズ　→　幅30cm×20cm  <br>
・小　　　　　→　幅65cm×50cm<br>
・大　　　　　→　幅135cm×100cm<br>
※大サイズに関しまして<br>
100cm以上をご希望の方は希望の長さ(ｍ)分ご購入下さい。<BR>
一度に10m以上ご購入に関しましては送料・代引き手数料<BR>当社が負担させて頂きます。<BR>30mまでであれば1ｍ毎に延長可能。<br>
延長をご希望の場合は、希望の長さ（m）分ご購入下さい。<br>
長さ5ｍ以上をご希望の方は在庫の有無をお電話にて<br>
ご確認下さいますようお願い申し上げます。<br><br><br>
<br>
※色/伸び/質感に関する質問が多々御座いますがモニター環境に<br>
よって色味が異なったり、感じ方に個人差がございますので<br>
不安な方はサンプルセットをご購入の上、実物をご確認頂いてから<br>商品をご購入下さいますようお願い申し上げます。<BR><br>【サンプルセット購入はコチラ】<BR><BR>
購入後の上記理由での返品はお受けできません。<br>
<br>
【注意事項】<br>
※貼り付け・車検に関するご質問はお答え致しかねます。<br>
※取り付け前に必ず商品確認を行ってください。<br>
切断・加工後の返品交換は一切お受け致しかねます。<br>
※1枚ずつ業務用切り売りでスタッフが丁寧にカットしておりますが<br>
一部に断面が歪んだり欠けしまう場合が御座います。<br>
※念の為、切り損じを1cm程度(A4サイズは5mm程度)踏まえてお考え下さい。
</FONT></TD></TR></TABLE></TD></TR></TABLE><BR><BR><BR><TABLE WIDTH=600 CELLSPACING=1 BORDER=0 CELLPADDING=1 BGCOLOR=#CCCCCC><TR><TD BGCOLOR=#FF7F50><TABLE WIDTH=100% CELLSPACING=2 BORDER=0 CELLPADDING=5><TR><TD ALIGN=left BGCOLOR=#FF7F50><FONT COLOR=#333333 SIZE=3><B>★★発送方法/送料★★</B></FONT></TD></TR></TABLE><TABLE WIDTH=100% CELLSPACING=2 BORDER=0 CELLPADDING=0><TR><TD HEIGHT=2 BGCOLOR=#CCBBAA></TD></TR></TABLE><TABLE WIDTH=100% CELLSPACING=2 BORDER=0 CELLPADDING=5><TR><TD ALIGN=left BGCOLOR=#FFF8EE><FONT COLOR=#333333 SIZE=3>商品名に【送料無料】の記載がある場合は、送料無料です。<BR>※北海道・沖縄・離島除く<BR><BR><FONT SIZE=5>【全国送料表】</FONT>をご確認下さいませ。<BR><BR>複数の商品を同梱可能です。<BR>※同梱をご希望の場合、必ず同じお買い物カゴ（カート）でご注文下さい。<BR>※別々のお買い物カゴで注文された場合は別々に梱包し発送致します。<BR>その為、送料・代引き手数料は発送個数分請求させて頂きます。<BR><BR>★発送に関する注意事項★<BR>---------------------------------------- <BR>当方指定宅急便ですので配送業者は選択できません。 <BR>時間指定は対応いたしておりません。<BR>発送連絡に記載の問い合わせ番号でご自身でご確認頂けます。<BR>離島は発送が一日遅れます。 <BR>----------------------------------------<BR>★商品代引★　　<BR>宅急便送料+別途手数料３７０円 <BR>休業日　商品ページ左バナーカレンダーに記載</FONT></TD></TR></TABLE></TD></TR></TABLE><BR><TABLE WIDTH=600 CELLSPACING=1 BORDER=0 CELLPADDING=1 BGCOLOR=#CCCCCC><TR><TD BGCOLOR=#FF7F50><TABLE WIDTH=100% CELLSPACING=2 BORDER=0 CELLPADDING=5><TR><TD ALIGN=left BGCOLOR=#FF7F50><FONT COLOR=#333333 SIZE=3><B>★★支払方法★</B></FONT></TD></TR></TABLE><TABLE WIDTH=100% CELLSPACING=2 BORDER=0 CELLPADDING=0><TR><TD HEIGHT=2 BGCOLOR=#CCBBAA></TD></TR></TABLE><TABLE WIDTH=100% CELLSPACING=2 BORDER=0 CELLPADDING=5><TR><TD ALIGN=left BGCOLOR=#FFF8EE><FONT COLOR=#333333 SIZE=3>●楽天銀行　振込<BR>●商品代引<BR>●クレジットカード決済<BR>●コンビニ決済（前払い）<BR>●楽天Edy決済<BR>●auかんたん決済<BR></FONT></TD></TR></TABLE></TD></TR></TABLE><BR><IMG SRC=http://image.rakuten.co.jp/auc-automax/cabinet/03561925/img63193783.gif WIDTH=600><BR><BR></CENTER><center><BR><BR><img src=http://image.rakuten.co.jp/auc-automax/cabinet/03619501/cuttingsheet-cate/imgrc0068742328.gif width=195 alt=A4> <img src=http://image.rakuten.co.jp/auc-automax/cabinet/03619501/cuttingsheet-cate/imgrc0068742325.gif width=195 alt=65x50> <img src=http://image.rakuten.co.jp/auc-automax/cabinet/03619501/cuttingsheet-cate/imgrc0068742326.gif width=195 alt=135x100><BR><br>

<img src=http://image.rakuten.co.jp/auc-automax/cabinet/03619501/cuttingsheet-cate/imgrc0068742261.jpg width=195 alt=黒> 
<img src=http://image.rakuten.co.jp/auc-automax/cabinet/03619501/cuttingsheet-cate/imgrc0068742260.jpg width=195 alt=肌> 
<img src=http://image.rakuten.co.jp/auc-automax/cabinet/03619501/cuttingsheet-cate/imgrc0068742262.jpg width=195 alt=青><BR>
<img src=http://image.rakuten.co.jp/auc-automax/cabinet/03619501/cuttingsheet-cate/imgrc0068742263.jpg width=195 alt=茶> 
<img src=http://image.rakuten.co.jp/auc-automax/cabinet/03619501/cuttingsheet-cate/imgrc0068742264.jpg width=195 alt=灰> 
<img src=http://image.rakuten.co.jp/auc-automax/cabinet/03619501/cuttingsheet-cate/imgrc0068742265.jpg width=195 alt=緑><BR>
<img src=http://image.rakuten.co.jp/auc-automax/cabinet/03619501/cuttingsheet-cate/imgrc0068742266.jpg width=195 alt=紺> 
<img src=http://image.rakuten.co.jp/auc-automax/cabinet/03619501/cuttingsheet-cate/imgrc0068742267.jpg width=195 alt=柿> 
<img src=http://image.rakuten.co.jp/auc-automax/cabinet/03619501/cuttingsheet-cate/imgrc0068742268.jpg width=195 alt=桃><BR>
<img src=http://image.rakuten.co.jp/auc-automax/cabinet/03619501/cuttingsheet-cate/imgrc0068742269.jpg width=195> 
<img src=http://image.rakuten.co.jp/auc-automax/cabinet/03619501/cuttingsheet-cate/imgrc0068742270.jpg width=195> 
<img src=http://image.rakuten.co.jp/auc-automax/cabinet/03619501/cuttingsheet-cate/imgrc0068742271.jpg width=195><BR>
<img src=http://image.rakuten.co.jp/auc-automax/cabinet/03619501/cuttingsheet-cate/imgrc0068742276.jpg width=195> 
<img src=http://image.rakuten.co.jp/auc-automax/cabinet/03619501/cuttingsheet-cate/imgrc0068742277.jpg width=195> </center><center>
<br>
<img SRC=http://image.rakuten.co.jp/auc-automax/cabinet/imgrc0067382276.gif width=670 height=400><BR>
<br>
<img SRC=http://image.rakuten.co.jp/auc-automax/cabinet/img60333004.gif width=670 height=120><BR>
<br>

<br></center>",スエード(A4) 茶■【メール便 送料無料】スエード生地シート　糊付き ブラウン アルカンターラ調 30cm&times;20cmスエードシート バックスキン曲面対応 カッティング可能シート状 インテリア ウォールクロス 革 レザー【RCP】：AUTOMAX izumi,カッティングシートモニタースタンドアルカンターラ調スエード生地シート汎用パーツ自動車アクセサリーメッキモール送料無料ステッカーカー用品バイク用品ドレスアップラグジュアリー内装外装カット済みカーフィルム大阪通販激安格安施工スエード(A4) 茶■【メール便 送料無料】スエード生地シート　糊付き ブラウン アルカンターラ調 30cm&times;20cmスエードシート バックスキン曲面対応 カッティング可能シート状 インテリア ウォールクロス 革 レザー【RCP】,メール便送料無料。代引の場合は宅急便送料に変更し発送致します。スエード(A4) 茶■【メール便 送料無料】スエード生地シート　糊付き ブラウン アルカンターラ調 30cm&times;20cmスエードシート バックスキン曲面対応 カッティング可能シート状 インテリア ウォールクロス 革 レザー【RCP】
1-27994,http://tshop.r10s.jp/auc-automax/cabinet/02420218/02420238/img58125063.jpg?fitin=700:700,312.0000,,日用品雑貨・文房具・手芸 > 手芸・クラフト・生地 > 生地・布,スエード(A4) 青■【メール便 送料無料】スエード生地シート　糊付き ブルー アルカンターラ調 30cm×20cmスエードシート バックスキン曲面対応 カッティング可能シート状 インテリア ウォールクロス 革 レザー ステッカー シール【RCP】,メール便送料無料。代引の場合は宅急便送料に変更し発送致します,"<TR> <TD HEIGHT=6></TD> <TD HEIGHT=6></TD> <TD HEIGHT=6></TD> </TR><BR><CENTER><FONT COLOR=#CCBBAA SIZE=4><B></B></FONT><BR><BR><TABLE WIDTH=600 CELLSPACING=1 BORDER=0 CELLPADDING=1 BGCOLOR=#CCCCCC><TR><TD BGCOLOR=#FF7F50><TABLE WIDTH=100% CELLSPACING=2 BORDER=0 CELLPADDING=5><TR><TD ALIGN=left BGCOLOR=#FF7F50><FONT COLOR=#333333 SIZE=3><B>★★商品説明★★</B></FONT></TD></TR></TABLE><TABLE WIDTH=100% CELLSPACING=2 BORDER=0 CELLPADDING=0><TR><TD HEIGHT=2 BGCOLOR=#CCBBAA></TD></TR></TABLE><TABLE WIDTH=100% CELLSPACING=2 BORDER=0 CELLPADDING=5><TR><TD ALIGN=left BGCOLOR=#FFF8EE><FONT COLOR=#333333 SIZE=3>高級感のある肌触りの良いスエード調シートです。<BR>
キメ細かなリアルな起毛の質感！<BR>
<BR>
曲面への施工も可能。<BR>
愛車の内張り・ダッシュボード・コンソール<BR>
肘掛け・メーターパネル等に使用すれば<BR>
格段と高級感がアップします。<BR>
<BR>
その他、<BR>
インテリアとして様々な場所にご使用頂けます。<BR>
大きい場所、好きな場所へ施工可能。<BR>
シートの裏に糊が付いておりますので、<BR>
お取り付けも簡単に出来ます。<BR>
<BR>
只今、人気急上昇中のお勧めの逸品です。<BR>
<br>【カラー】<br>
商品名（商品タイトル）記載のカラーです。<br>
※全14種類ございます。<br>
ブラック/レッド/ホワイト/ブルー/グレー<br>パープル/ピンク/オレンジ/ベージュ/ワインレッド<br>マスタードイエロー/ネイビーブルー/ブラウン/グリーン<br><br>
<br>
【サイズ】 <br>
商品名（商品タイトル）記載のサイズです。<br>
※全３種類ございます（幅の変更は出来ません）<br>
・Ａ４サイズ　→　幅30cm×20cm  <br>
・小　　　　　→　幅65cm×50cm<br>
・大　　　　　→　幅135cm×100cm<br>
※大サイズに関しまして<br>
100cm以上をご希望の方は希望の長さ(ｍ)分ご購入下さい。<BR>
一度に10m以上ご購入に関しましては送料・代引き手数料<BR>当社が負担させて頂きます。<BR>30mまでであれば1ｍ毎に延長可能。<br>
延長をご希望の場合は、希望の長さ（m）分ご購入下さい。<br>
長さ5ｍ以上をご希望の方は在庫の有無をお電話にて<br>
ご確認下さいますようお願い申し上げます。<br><br><br>
<br>
※色/伸び/質感に関する質問が多々御座いますがモニター環境に<br>
よって色味が異なったり、感じ方に個人差がございますので<br>
不安な方はサンプルセットをご購入の上、実物をご確認頂いてから<br>商品をご購入下さいますようお願い申し上げます。<BR><br>【サンプルセット購入はコチラ】<BR><BR>
購入後の上記理由での返品はお受けできません。<br>
<br>
【注意事項】<br>
※貼り付け・車検に関するご質問はお答え致しかねます。<br>
※取り付け前に必ず商品確認を行ってください。<br>
切断・加工後の返品交換は一切お受け致しかねます。<br>
※1枚ずつ業務用切り売りでスタッフが丁寧にカットしておりますが<br>
一部に断面が歪んだり欠けしまう場合が御座います。<br>
※念の為、切り損じを1cm程度(A4サイズは5mm程度)踏まえてお考え下さい。
</FONT></TD></TR></TABLE></TD></TR></TABLE><BR><BR><BR><TABLE WIDTH=600 CELLSPACING=1 BORDER=0 CELLPADDING=1 BGCOLOR=#CCCCCC><TR><TD BGCOLOR=#FF7F50><TABLE WIDTH=100% CELLSPACING=2 BORDER=0 CELLPADDING=5><TR><TD ALIGN=left BGCOLOR=#FF7F50><FONT COLOR=#333333 SIZE=3><B>★★発送方法/送料★★</B></FONT></TD></TR></TABLE><TABLE WIDTH=100% CELLSPACING=2 BORDER=0 CELLPADDING=0><TR><TD HEIGHT=2 BGCOLOR=#CCBBAA></TD></TR></TABLE><TABLE WIDTH=100% CELLSPACING=2 BORDER=0 CELLPADDING=5><TR><TD ALIGN=left BGCOLOR=#FFF8EE><FONT COLOR=#333333 SIZE=3>商品名に【送料無料】の記載がある場合は、送料無料です。<BR>※北海道・沖縄・離島除く<BR><BR><FONT SIZE=5>【全国送料表】</FONT>をご確認下さいませ。<BR><BR>複数の商品を同梱可能です。<BR>※同梱をご希望の場合、必ず同じお買い物カゴ（カート）でご注文下さい。<BR>※別々のお買い物カゴで注文された場合は別々に梱包し発送致します。<BR>その為、送料・代引き手数料は発送個数分請求させて頂きます。<BR><BR>★発送に関する注意事項★<BR>---------------------------------------- <BR>当方指定宅急便ですので配送業者は選択できません。 <BR>時間指定は対応いたしておりません。<BR>発送連絡に記載の問い合わせ番号でご自身でご確認頂けます。<BR>離島は発送が一日遅れます。 <BR>----------------------------------------<BR>★商品代引★　　<BR>宅急便送料+別途手数料３７０円 <BR>休業日　商品ページ左バナーカレンダーに記載</FONT></TD></TR></TABLE></TD></TR></TABLE><BR><TABLE WIDTH=600 CELLSPACING=1 BORDER=0 CELLPADDING=1 BGCOLOR=#CCCCCC><TR><TD BGCOLOR=#FF7F50><TABLE WIDTH=100% CELLSPACING=2 BORDER=0 CELLPADDING=5><TR><TD ALIGN=left BGCOLOR=#FF7F50><FONT COLOR=#333333 SIZE=3><B>★★支払方法★</B></FONT></TD></TR></TABLE><TABLE WIDTH=100% CELLSPACING=2 BORDER=0 CELLPADDING=0><TR><TD HEIGHT=2 BGCOLOR=#CCBBAA></TD></TR></TABLE><TABLE WIDTH=100% CELLSPACING=2 BORDER=0 CELLPADDING=5><TR><TD ALIGN=left BGCOLOR=#FFF8EE><FONT COLOR=#333333 SIZE=3>●楽天銀行　振込<BR>●商品代引<BR>●クレジットカード決済<BR>●コンビニ決済（前払い）<BR>●楽天Edy決済<BR>●auかんたん決済<BR></FONT></TD></TR></TABLE></TD></TR></TABLE><BR><IMG SRC=http://image.rakuten.co.jp/auc-automax/cabinet/03561925/img63193783.gif WIDTH=600><BR><BR></CENTER><center><BR><BR><img src=http://image.rakuten.co.jp/auc-automax/cabinet/03619501/cuttingsheet-cate/imgrc0068742328.gif width=195 alt=A4> <img src=http://image.rakuten.co.jp/auc-automax/cabinet/03619501/cuttingsheet-cate/imgrc0068742325.gif width=195 alt=65x50> <img src=http://image.rakuten.co.jp/auc-automax/cabinet/03619501/cuttingsheet-cate/imgrc0068742326.gif width=195 alt=135x100><BR><br>

<img src=http://image.rakuten.co.jp/auc-automax/cabinet/03619501/cuttingsheet-cate/imgrc0068742261.jpg width=195 alt=黒> 
<img src=http://image.rakuten.co.jp/auc-automax/cabinet/03619501/cuttingsheet-cate/imgrc0068742260.jpg width=195 alt=肌> 
<img src=http://image.rakuten.co.jp/auc-automax/cabinet/03619501/cuttingsheet-cate/imgrc0068742262.jpg width=195 alt=青><BR>
<img src=http://image.rakuten.co.jp/auc-automax/cabinet/03619501/cuttingsheet-cate/imgrc0068742263.jpg width=195 alt=茶> 
<img src=http://image.rakuten.co.jp/auc-automax/cabinet/03619501/cuttingsheet-cate/imgrc0068742264.jpg width=195 alt=灰> 
<img src=http://image.rakuten.co.jp/auc-automax/cabinet/03619501/cuttingsheet-cate/imgrc0068742265.jpg width=195 alt=緑><BR>
<img src=http://image.rakuten.co.jp/auc-automax/cabinet/03619501/cuttingsheet-cate/imgrc0068742266.jpg width=195 alt=紺> 
<img src=http://image.rakuten.co.jp/auc-automax/cabinet/03619501/cuttingsheet-cate/imgrc0068742267.jpg width=195 alt=柿> 
<img src=http://image.rakuten.co.jp/auc-automax/cabinet/03619501/cuttingsheet-cate/imgrc0068742268.jpg width=195 alt=桃><BR>
<img src=http://image.rakuten.co.jp/auc-automax/cabinet/03619501/cuttingsheet-cate/imgrc0068742269.jpg width=195> 
<img src=http://image.rakuten.co.jp/auc-automax/cabinet/03619501/cuttingsheet-cate/imgrc0068742270.jpg width=195> 
<img src=http://image.rakuten.co.jp/auc-automax/cabinet/03619501/cuttingsheet-cate/imgrc0068742271.jpg width=195><BR>
<img src=http://image.rakuten.co.jp/auc-automax/cabinet/03619501/cuttingsheet-cate/imgrc0068742276.jpg width=195> 
<img src=http://image.rakuten.co.jp/auc-automax/cabinet/03619501/cuttingsheet-cate/imgrc0068742277.jpg width=195> </center><center>
<br>
<img SRC=http://image.rakuten.co.jp/auc-automax/cabinet/imgrc0067382276.gif width=670 height=400><BR>
<br>
<img SRC=http://image.rakuten.co.jp/auc-automax/cabinet/img60333004.gif width=670 height=120><BR>
<br>

<br></center>",スエード(A4) 青■【メール便 送料無料】スエード生地シート　糊付き ブルー アルカンターラ調 30cm&times;20cmスエードシート バックスキン曲面対応 カッティング可能シート状 インテリア ウォールクロス 革 レザー ステッカー シール【RCP】：AUTOMAX izumi,カッティングシートモニタースタンドアルカンターラ調スエード生地シート汎用パーツ自動車アクセサリーメッキモール送料無料ステッカーカー用品バイク用品ドレスアップラグジュアリー内装外装カット済みカーフィルム大阪通販激安格安施工スエード(A4) 青■【メール便 送料無料】スエード生地シート　糊付き ブルー アルカンターラ調 30cm&times;20cmスエードシート バックスキン曲面対応 カッティング可能シート状 インテリア ウォールクロス 革 レザー ステッカー シール【RCP】,メール便送料無料。代引の場合は宅急便送料に変更し発送致します。スエード(A4) 青■【メール便 送料無料】スエード生地シート　糊付き ブルー アルカンターラ調 30cm&times;20cmスエードシート バックスキン曲面対応 カッティング可能シート状 インテリア ウォールクロス 革 レザー ステッカー シール【RCP】
1-27995,http://tshop.r10s.jp/auc-automax/cabinet/02420218/trim-recovery-sheet/img65939895.gif?fitin=700:700,2760.0000,,日用品雑貨・文房具・手芸 > 手芸・クラフト・生地 > 生地・布,純正トリム張替えシート(大) 灰♪内装 張替用メッシュ生地 糊付き135cm×1m～ グレーウレタン スポンジ付きスポーツニット曲面対応/カッティング可内装/肘掛け/ドア内張り/天井/張替え修理/補修/レストア/リペア検:レカロ/バケッド,この商品は送料 全国一律600円 です(北海道/沖縄除く)同梱可能。,"内装を蘇らせる純正トリム張替えシート登場!!<br>
<br>
欧州車によく見られる天井の垂れ下がりや、肘掛け、シート等の<br>
経年劣化による破れや汚れ、穴あき、引っかき傷などをお手軽!簡単に<BR>
純正同等に蘇らせる<BR><b><font color=""#cc0000"" size=""4"">ウレタンクッション付きのメッシュシート<BR>その名も　トリムリカバリーシート　です!!</font></b><br>
<br>
レカロシート、ブリッド等バケットシートの張替えや天井張替、ドア内張り、<BR>
内装の様々な加工・修復に使用出来、裏面には糊が付いておりますので<BR>
スプレー糊を使用したせいで張替え用の生地に糊(ボンド)が染み込み、<BR>
見える部分がまだらになってしまったといったお悩みも簡単に解決!<BR>
<br>
<br>
伸縮性・弾力性に非常に富み、3D曲面にも当然対応しております。<br>
また段差のある接地面やザラザラ面、木材の切断面、お部屋の壁のパネルと<BR>
パネルの間など、凹凸のある箇所に使用しても施工後 表面がガタガタせず<BR>
綺麗な見栄えで仕上がる張り易さ抜群のカッティング可能なシートです。<br>
※当商品はハイクオリティの韓国製です。 <br>
安価な中国製のものとは全く違います。 <br>
<br>
<BR>

<br>
<br>
【カラー】<br>
商品名（商品タイトル）記載のカラーです。<br>
※全3種類ございます。<br>
ブラック(黒色) / ベージュ(肌色) / グレー(灰) <br>
<br>
【サイズ】 <br>
商品名（商品タイトル）記載のサイズです。<br>
※全３種類ございます（幅の変更は出来ません）<br>
・Ａ４サイズ　→　幅30cm×20cm <br>
・小　　　　　→　幅65cm×50cm<br>
・大　　　　　→　幅135cm×100cm<br>
<br>
※大サイズに関しまして<br>
100cm以上をご希望の方は希望の長さ(ｍ)分ご購入下さい。<br>
一度に10m以上ご購入に関しましては送料・代引き手数料<br>
当社が負担させて頂きます。<br>
10mまでであれば1ｍ毎に延長可能。10mを超える場合10ｍ毎にカット致します。<br>
延長をご希望の場合は、希望の長さ（m）分ご購入下さい。<br>
長さ5ｍ以上をご希望の方は在庫の有無をお電話にて<br>
ご確認下さいますようお願い申し上げます。<br>
<br>
当商品と同様のウレタンスポンジクッションの付いたアルカンターラ調のスエード<br>
生地シート（クッション付きスエードシート）も販売しております。<br>
<br>クッション付きスエードシートの購入はコチラ<br><br>
<br>
ステッカー感覚でルーフ、トランクルーム、インパネ、オーディオ<BR>
コンソール等はもちろん、自動車の内装のみならず、お部屋の<BR>
インテリアファブリックやウォールステッカー、壁紙としても！<br>
<br>
<br>
<br><font color=""#cc0000"" size=""3"">※色/伸び/質感に関する質問が多々御座いますがモニター環境に<br>
よって色味が異なったり、感じ方に個人差がございますので<br>
不安な方は1円出品しておりますサンプルセットをご購入の上、<br>
商品をご購入下さいますようお願い申し上げます。<br>
購入後の上記理由での返品はお受けできません。</font><br><br>
サンプルセット購入はコチラ<br><br>
<br>
【注意事項】<br>
※貼り付け・車検に関するご質問はお答え致しかねます。<br>
※取り付け前に必ず商品確認を行ってください。<br>
切断・加工後の返品交換は一切お受け致しかねます。<br>
※1枚ずつ業務用切り売りでスタッフが丁寧にカットしておりますが<br>
一部に断面が歪んだり欠けしまう場合が御座います。<br>
※切り損じを1cm程度(A4サイズは5mm程度)踏まえてお考え下さい。<br>
<br>
アウディ,アウディー,レンジローバー,外車,ニュー ビートル,ジェッタ<br>
フォルクスワーゲン,オペル ベクトラ,オリジナル, BMW,ゴルフ,クワトロ<br>シトロエン,プジョー,ユーロ車,プリウス等あらゆる車種に使用可能!!<br><center>
<br>
<img SRC=http://image.rakuten.co.jp/auc-automax/cabinet/imgrc0067382276.gif width=670 height=400><BR>
<br>
<img SRC=http://image.rakuten.co.jp/auc-automax/cabinet/img60333004.gif width=670 height=120><BR>
<br>

<br></center>",純正トリム張替えシート(大) 灰♪内装 張替用メッシュ生地 糊付き135cm&times;1m～ グレーウレタン スポンジ付きスポーツニット曲面対応/カッティング可内装/肘掛け/ドア内張り/天井/張替え修理/補修/レストア/リペア検:レカロ/バケッド：AUTOMAX izumi,カッティングシートモニタースタンドアルカンターラ調スエード生地シート汎用パーツ自動車アクセサリーメッキモール送料無料ステッカーカー用品バイク用品ドレスアップラグジュアリー内装外装カット済みカーフィルム大阪通販激安格安施工純正トリム張替えシート(大) 灰♪内装 張替用メッシュ生地 糊付き135cm&times;1m～ グレーウレタン スポンジ付きスポーツニット曲面対応/カッティング可内装/肘掛け/ドア内張り/天井/張替え修理/補修/レストア/リペア検:レカロ/バケッド,この商品は送料 全国一律600円 です(北海道/沖縄除く)同梱可能。。純正トリム張替えシート(大) 灰♪内装 張替用メッシュ生地 糊付き135cm&times;1m～ グレーウレタン スポンジ付きスポーツニット曲面対応/カッティング可内装/肘掛け/ドア内張り/天井/張替え修理/補修/レストア/リペア検:レカロ/バケッド
1-27996,http://tshop.r10s.jp/auc-automax/cabinet/02420218/trim-recovery-sheet/img65939889.gif?fitin=700:700,2760.0000,,日用品雑貨・文房具・手芸 > 手芸・クラフト・生地 > 生地・布,純正トリム張替えシート(大) 黒♪内装 張替用メッシュ生地 糊付き135cm×1m～ ブラックウレタン スポンジ付きスポーツニット曲面対応/カッティング可内装/肘掛け/ドア内張り/天井/張替え修理/補修/レストア/リペア検:レカロ,この商品は送料 全国一律600円 です(北海道/沖縄除く)同梱可能。,"内装を蘇らせる純正トリム張替えシート登場!!<br>
<br>
欧州車によく見られる天井の垂れ下がりや、肘掛け、シート等の<br>
経年劣化による破れや汚れ、穴あき、引っかき傷などをお手軽!簡単に<BR>
純正同等に蘇らせる<BR><b><font color=""#cc0000"" size=""4"">ウレタンクッション付きのメッシュシート<BR>その名も　トリムリカバリーシート　です!!</font></b><br>
<br>
レカロシート、ブリッド等バケットシートの張替えや天井張替、ドア内張り、<BR>
内装の様々な加工・修復に使用出来、裏面には糊が付いておりますので<BR>
スプレー糊を使用したせいで張替え用の生地に糊(ボンド)が染み込み、<BR>
見える部分がまだらになってしまったといったお悩みも簡単に解決!<BR>
<br>
<br>
伸縮性・弾力性に非常に富み、3D曲面にも当然対応しております。<br>
また段差のある接地面やザラザラ面、木材の切断面、お部屋の壁のパネルと<BR>
パネルの間など、凹凸のある箇所に使用しても施工後 表面がガタガタせず<BR>
綺麗な見栄えで仕上がる張り易さ抜群のカッティング可能なシートです。<br>
※当商品はハイクオリティの韓国製です。 <br>
安価な中国製のものとは全く違います。 <br>
<br>
<BR>

<br>
<br>
【カラー】<br>
商品名（商品タイトル）記載のカラーです。<br>
※全3種類ございます。<br>
ブラック(黒色) / ベージュ(肌色) / グレー(灰) <br>
<br>
【サイズ】 <br>
商品名（商品タイトル）記載のサイズです。<br>
※全３種類ございます（幅の変更は出来ません）<br>
・Ａ４サイズ　→　幅30cm×20cm <br>
・小　　　　　→　幅65cm×50cm<br>
・大　　　　　→　幅135cm×100cm<br>
<br>
※大サイズに関しまして<br>
100cm以上をご希望の方は希望の長さ(ｍ)分ご購入下さい。<br>
一度に10m以上ご購入に関しましては送料・代引き手数料<br>
当社が負担させて頂きます。<br>
10mまでであれば1ｍ毎に延長可能。10mを超える場合10ｍ毎にカット致します。<br>
延長をご希望の場合は、希望の長さ（m）分ご購入下さい。<br>
長さ5ｍ以上をご希望の方は在庫の有無をお電話にて<br>
ご確認下さいますようお願い申し上げます。<br>
<br>
当商品と同様のウレタンスポンジクッションの付いたアルカンターラ調のスエード<br>
生地シート（クッション付きスエードシート）も販売しております。<br>
<br>クッション付きスエードシートの購入はコチラ<br><br>
<br>
ステッカー感覚でルーフ、トランクルーム、インパネ、オーディオ<BR>
コンソール等はもちろん、自動車の内装のみならず、お部屋の<BR>
インテリアファブリックやウォールステッカー、壁紙としても！<br>
<br>
<br>
<br><font color=""#cc0000"" size=""3"">※色/伸び/質感に関する質問が多々御座いますがモニター環境に<br>
よって色味が異なったり、感じ方に個人差がございますので<br>
不安な方は1円出品しておりますサンプルセットをご購入の上、<br>
商品をご購入下さいますようお願い申し上げます。<br>
購入後の上記理由での返品はお受けできません。</font><br><br>
サンプルセット購入はコチラ<br><br>
<br>
【注意事項】<br>
※貼り付け・車検に関するご質問はお答え致しかねます。<br>
※取り付け前に必ず商品確認を行ってください。<br>
切断・加工後の返品交換は一切お受け致しかねます。<br>
※1枚ずつ業務用切り売りでスタッフが丁寧にカットしておりますが<br>
一部に断面が歪んだり欠けしまう場合が御座います。<br>
※切り損じを1cm程度(A4サイズは5mm程度)踏まえてお考え下さい。<br>
<br>
アウディ,アウディー,レンジローバー,外車,ニュー ビートル,ジェッタ<br>
フォルクスワーゲン,オペル ベクトラ,オリジナル, BMW,ゴルフ,クワトロ<br>シトロエン,プジョー,ユーロ車,プリウス等あらゆる車種に使用可能!!<br><center>
<br>
<img SRC=http://image.rakuten.co.jp/auc-automax/cabinet/imgrc0067382276.gif width=670 height=400><BR>
<br>
<img SRC=http://image.rakuten.co.jp/auc-automax/cabinet/img60333004.gif width=670 height=120><BR>
<br>

<br></center>",純正トリム張替えシート(大) 黒♪内装 張替用メッシュ生地 糊付き135cm&times;1m～ ブラックウレタン スポンジ付きスポーツニット曲面対応/カッティング可内装/肘掛け/ドア内張り/天井/張替え修理/補修/レストア/リペア検:レカロ：AUTOMAX izumi,カッティングシートモニタースタンドアルカンターラ調スエード生地シート汎用パーツ自動車アクセサリーメッキモール送料無料ステッカーカー用品バイク用品ドレスアップラグジュアリー内装外装カット済みカーフィルム大阪通販激安格安施工純正トリム張替えシート(大) 黒♪内装 張替用メッシュ生地 糊付き135cm&times;1m～ ブラックウレタン スポンジ付きスポーツニット曲面対応/カッティング可内装/肘掛け/ドア内張り/天井/張替え修理/補修/レストア/リペア検:レカロ,この商品は送料 全国一律600円 です(北海道/沖縄除く)同梱可能。。純正トリム張替えシート(大) 黒♪内装 張替用メッシュ生地 糊付き135cm&times;1m～ ブラックウレタン スポンジ付きスポーツニット曲面対応/カッティング可内装/肘掛け/ドア内張り/天井/張替え修理/補修/レストア/リペア検:レカロ
1-27997,http://tshop.r10s.jp/auc-automax/cabinet/02420218/02420238/img58125065.jpg?fitin=700:700,312.0000,,日用品雑貨・文房具・手芸 > 手芸・クラフト・生地 > 生地・布,スエード(A4) 柿■【メール便 送料無料】スエード生地シート　糊付き オレンジ アルカンターラ調 30cm×20cmスエードシート バックスキン曲面対応 カッティング可能シート状 インテリア ウォールクロス 革 レザー検シール【RCP】,メール便送料無料。代引の場合は宅急便送料に変更し発送致します,"<TR> <TD HEIGHT=6></TD> <TD HEIGHT=6></TD> <TD HEIGHT=6></TD> </TR><BR><CENTER><FONT COLOR=#CCBBAA SIZE=4><B></B></FONT><BR><BR><TABLE WIDTH=600 CELLSPACING=1 BORDER=0 CELLPADDING=1 BGCOLOR=#CCCCCC><TR><TD BGCOLOR=#FF7F50><TABLE WIDTH=100% CELLSPACING=2 BORDER=0 CELLPADDING=5><TR><TD ALIGN=left BGCOLOR=#FF7F50><FONT COLOR=#333333 SIZE=3><B>★★商品説明★★</B></FONT></TD></TR></TABLE><TABLE WIDTH=100% CELLSPACING=2 BORDER=0 CELLPADDING=0><TR><TD HEIGHT=2 BGCOLOR=#CCBBAA></TD></TR></TABLE><TABLE WIDTH=100% CELLSPACING=2 BORDER=0 CELLPADDING=5><TR><TD ALIGN=left BGCOLOR=#FFF8EE><FONT COLOR=#333333 SIZE=3>高級感のある肌触りの良いスエード調シートです。<BR>
キメ細かなリアルな起毛の質感！<BR>
<BR>
曲面への施工も可能。<BR>
愛車の内張り・ダッシュボード・コンソール<BR>
肘掛け・メーターパネル等に使用すれば<BR>
格段と高級感がアップします。<BR>
<BR>
その他、<BR>
インテリアとして様々な場所にご使用頂けます。<BR>
大きい場所、好きな場所へ施工可能。<BR>
シートの裏に糊が付いておりますので、<BR>
お取り付けも簡単に出来ます。<BR>
<BR>
只今、人気急上昇中のお勧めの逸品です。<BR>
<br>【カラー】<br>
商品名（商品タイトル）記載のカラーです。<br>
※全14種類ございます。<br>
ブラック/レッド/ホワイト/ブルー/グレー<br>パープル/ピンク/オレンジ/ベージュ/ワインレッド<br>マスタードイエロー/ネイビーブルー/ブラウン/グリーン<br><br>
<br>
【サイズ】 <br>
商品名（商品タイトル）記載のサイズです。<br>
※全３種類ございます（幅の変更は出来ません）<br>
・Ａ４サイズ　→　幅30cm×20cm  <br>
・小　　　　　→　幅65cm×50cm<br>
・大　　　　　→　幅135cm×100cm<br>
※大サイズに関しまして<br>
100cm以上をご希望の方は希望の長さ(ｍ)分ご購入下さい。<BR>
一度に10m以上ご購入に関しましては送料・代引き手数料<BR>当社が負担させて頂きます。<BR>30mまでであれば1ｍ毎に延長可能。<br>
延長をご希望の場合は、希望の長さ（m）分ご購入下さい。<br>
長さ5ｍ以上をご希望の方は在庫の有無をお電話にて<br>
ご確認下さいますようお願い申し上げます。<br><br><br>
<br>
※色/伸び/質感に関する質問が多々御座いますがモニター環境に<br>
よって色味が異なったり、感じ方に個人差がございますので<br>
不安な方はサンプルセットをご購入の上、実物をご確認頂いてから<br>商品をご購入下さいますようお願い申し上げます。<BR><br>【サンプルセット購入はコチラ】<BR><BR>
購入後の上記理由での返品はお受けできません。<br>
<br>
【注意事項】<br>
※貼り付け・車検に関するご質問はお答え致しかねます。<br>
※取り付け前に必ず商品確認を行ってください。<br>
切断・加工後の返品交換は一切お受け致しかねます。<br>
※1枚ずつ業務用切り売りでスタッフが丁寧にカットしておりますが<br>
一部に断面が歪んだり欠けしまう場合が御座います。<br>
※念の為、切り損じを1cm程度(A4サイズは5mm程度)踏まえてお考え下さい。
</FONT></TD></TR></TABLE></TD></TR></TABLE><BR><BR><BR><TABLE WIDTH=600 CELLSPACING=1 BORDER=0 CELLPADDING=1 BGCOLOR=#CCCCCC><TR><TD BGCOLOR=#FF7F50><TABLE WIDTH=100% CELLSPACING=2 BORDER=0 CELLPADDING=5><TR><TD ALIGN=left BGCOLOR=#FF7F50><FONT COLOR=#333333 SIZE=3><B>★★発送方法/送料★★</B></FONT></TD></TR></TABLE><TABLE WIDTH=100% CELLSPACING=2 BORDER=0 CELLPADDING=0><TR><TD HEIGHT=2 BGCOLOR=#CCBBAA></TD></TR></TABLE><TABLE WIDTH=100% CELLSPACING=2 BORDER=0 CELLPADDING=5><TR><TD ALIGN=left BGCOLOR=#FFF8EE><FONT COLOR=#333333 SIZE=3>商品名に【送料無料】の記載がある場合は、送料無料です。<BR>※北海道・沖縄・離島除く<BR><BR><FONT SIZE=5>【全国送料表】</FONT>をご確認下さいませ。<BR><BR>複数の商品を同梱可能です。<BR>※同梱をご希望の場合、必ず同じお買い物カゴ（カート）でご注文下さい。<BR>※別々のお買い物カゴで注文された場合は別々に梱包し発送致します。<BR>その為、送料・代引き手数料は発送個数分請求させて頂きます。<BR><BR>★発送に関する注意事項★<BR>---------------------------------------- <BR>当方指定宅急便ですので配送業者は選択できません。 <BR>時間指定は対応いたしておりません。<BR>発送連絡に記載の問い合わせ番号でご自身でご確認頂けます。<BR>離島は発送が一日遅れます。 <BR>----------------------------------------<BR>★商品代引★　　<BR>宅急便送料+別途手数料３７０円 <BR>休業日　商品ページ左バナーカレンダーに記載</FONT></TD></TR></TABLE></TD></TR></TABLE><BR><TABLE WIDTH=600 CELLSPACING=1 BORDER=0 CELLPADDING=1 BGCOLOR=#CCCCCC><TR><TD BGCOLOR=#FF7F50><TABLE WIDTH=100% CELLSPACING=2 BORDER=0 CELLPADDING=5><TR><TD ALIGN=left BGCOLOR=#FF7F50><FONT COLOR=#333333 SIZE=3><B>★★支払方法★</B></FONT></TD></TR></TABLE><TABLE WIDTH=100% CELLSPACING=2 BORDER=0 CELLPADDING=0><TR><TD HEIGHT=2 BGCOLOR=#CCBBAA></TD></TR></TABLE><TABLE WIDTH=100% CELLSPACING=2 BORDER=0 CELLPADDING=5><TR><TD ALIGN=left BGCOLOR=#FFF8EE><FONT COLOR=#333333 SIZE=3>●楽天銀行　振込<BR>●商品代引<BR>●クレジットカード決済<BR>●コンビニ決済（前払い）<BR>●楽天Edy決済<BR>●auかんたん決済<BR></FONT></TD></TR></TABLE></TD></TR></TABLE><BR><IMG SRC=http://image.rakuten.co.jp/auc-automax/cabinet/03561925/img63193783.gif WIDTH=600><BR><BR></CENTER><center><BR><BR><img src=http://image.rakuten.co.jp/auc-automax/cabinet/03619501/cuttingsheet-cate/imgrc0068742328.gif width=195 alt=A4> <img src=http://image.rakuten.co.jp/auc-automax/cabinet/03619501/cuttingsheet-cate/imgrc0068742325.gif width=195 alt=65x50> <img src=http://image.rakuten.co.jp/auc-automax/cabinet/03619501/cuttingsheet-cate/imgrc0068742326.gif width=195 alt=135x100><BR><br>

<img src=http://image.rakuten.co.jp/auc-automax/cabinet/03619501/cuttingsheet-cate/imgrc0068742261.jpg width=195 alt=黒> 
<img src=http://image.rakuten.co.jp/auc-automax/cabinet/03619501/cuttingsheet-cate/imgrc0068742260.jpg width=195 alt=肌> 
<img src=http://image.rakuten.co.jp/auc-automax/cabinet/03619501/cuttingsheet-cate/imgrc0068742262.jpg width=195 alt=青><BR>
<img src=http://image.rakuten.co.jp/auc-automax/cabinet/03619501/cuttingsheet-cate/imgrc0068742263.jpg width=195 alt=茶> 
<img src=http://image.rakuten.co.jp/auc-automax/cabinet/03619501/cuttingsheet-cate/imgrc0068742264.jpg width=195 alt=灰> 
<img src=http://image.rakuten.co.jp/auc-automax/cabinet/03619501/cuttingsheet-cate/imgrc0068742265.jpg width=195 alt=緑><BR>
<img src=http://image.rakuten.co.jp/auc-automax/cabinet/03619501/cuttingsheet-cate/imgrc0068742266.jpg width=195 alt=紺> 
<img src=http://image.rakuten.co.jp/auc-automax/cabinet/03619501/cuttingsheet-cate/imgrc0068742267.jpg width=195 alt=柿> 
<img src=http://image.rakuten.co.jp/auc-automax/cabinet/03619501/cuttingsheet-cate/imgrc0068742268.jpg width=195 alt=桃><BR>
<img src=http://image.rakuten.co.jp/auc-automax/cabinet/03619501/cuttingsheet-cate/imgrc0068742269.jpg width=195> 
<img src=http://image.rakuten.co.jp/auc-automax/cabinet/03619501/cuttingsheet-cate/imgrc0068742270.jpg width=195> 
<img src=http://image.rakuten.co.jp/auc-automax/cabinet/03619501/cuttingsheet-cate/imgrc0068742271.jpg width=195><BR>
<img src=http://image.rakuten.co.jp/auc-automax/cabinet/03619501/cuttingsheet-cate/imgrc0068742276.jpg width=195> 
<img src=http://image.rakuten.co.jp/auc-automax/cabinet/03619501/cuttingsheet-cate/imgrc0068742277.jpg width=195> </center><center>
<br>
<img SRC=http://image.rakuten.co.jp/auc-automax/cabinet/imgrc0067382276.gif width=670 height=400><BR>
<br>
<img SRC=http://image.rakuten.co.jp/auc-automax/cabinet/img60333004.gif width=670 height=120><BR>
<br>

<br></center>",スエード(A4) 柿■【メール便 送料無料】スエード生地シート　糊付き オレンジ アルカンターラ調 30cm&times;20cmスエードシート バックスキン曲面対応 カッティング可能シート状 インテリア ウォールクロス 革 レザー検シール【RCP】：AUTOMAX izumi,カッティングシートモニタースタンドアルカンターラ調スエード生地シート汎用パーツ自動車アクセサリーメッキモール送料無料ステッカーカー用品バイク用品ドレスアップラグジュアリー内装外装カット済みカーフィルム大阪通販激安格安施工スエード(A4) 柿■【メール便 送料無料】スエード生地シート　糊付き オレンジ アルカンターラ調 30cm&times;20cmスエードシート バックスキン曲面対応 カッティング可能シート状 インテリア ウォールクロス 革 レザー検シール【RCP】,メール便送料無料。代引の場合は宅急便送料に変更し発送致します。スエード(A4) 柿■【メール便 送料無料】スエード生地シート　糊付き オレンジ アルカンターラ調 30cm&times;20cmスエードシート バックスキン曲面対応 カッティング可能シート状 インテリア ウォールクロス 革 レザー検シール【RCP】
1-27998,http://tshop.r10s.jp/auc-automax/cabinet/02420218/02420238/img65440449.jpg?fitin=700:700,312.0000,,日用品雑貨・文房具・手芸 > 手芸・クラフト・生地 > 生地・布,スエード(A4) 紺■【メール便 送料無料】スエード生地シート　糊付き ネイビーブルー アルカンターラ調 30cm×20cmスエードシート バックスキン曲面対応 カッティング可能シート状 インテリア ウォールクロス 革 レザー【RCP】,メール便送料無料。代引の場合は宅急便送料に変更し発送致します,"<TR> <TD HEIGHT=6></TD> <TD HEIGHT=6></TD> <TD HEIGHT=6></TD> </TR><BR><CENTER><FONT COLOR=#CCBBAA SIZE=4><B></B></FONT><BR><BR><TABLE WIDTH=600 CELLSPACING=1 BORDER=0 CELLPADDING=1 BGCOLOR=#CCCCCC><TR><TD BGCOLOR=#FF7F50><TABLE WIDTH=100% CELLSPACING=2 BORDER=0 CELLPADDING=5><TR><TD ALIGN=left BGCOLOR=#FF7F50><FONT COLOR=#333333 SIZE=3><B>★★商品説明★★</B></FONT></TD></TR></TABLE><TABLE WIDTH=100% CELLSPACING=2 BORDER=0 CELLPADDING=0><TR><TD HEIGHT=2 BGCOLOR=#CCBBAA></TD></TR></TABLE><TABLE WIDTH=100% CELLSPACING=2 BORDER=0 CELLPADDING=5><TR><TD ALIGN=left BGCOLOR=#FFF8EE><FONT COLOR=#333333 SIZE=3>高級感のある肌触りの良いスエード調シートです。<BR>
キメ細かなリアルな起毛の質感！<BR>
<BR>
曲面への施工も可能。<BR>
愛車の内張り・ダッシュボード・コンソール<BR>
肘掛け・メーターパネル等に使用すれば<BR>
格段と高級感がアップします。<BR>
<BR>
その他、<BR>
インテリアとして様々な場所にご使用頂けます。<BR>
大きい場所、好きな場所へ施工可能。<BR>
シートの裏に糊が付いておりますので、<BR>
お取り付けも簡単に出来ます。<BR>
<BR>
只今、人気急上昇中のお勧めの逸品です。<BR>
<br>【カラー】<br>
商品名（商品タイトル）記載のカラーです。<br>
※全14種類ございます。<br>
ブラック/レッド/ホワイト/ブルー/グレー<br>パープル/ピンク/オレンジ/ベージュ/ワインレッド<br>マスタードイエロー/ネイビーブルー/ブラウン/グリーン<br><br>
<br>
【サイズ】 <br>
商品名（商品タイトル）記載のサイズです。<br>
※全３種類ございます（幅の変更は出来ません）<br>
・Ａ４サイズ　→　幅30cm×20cm  <br>
・小　　　　　→　幅65cm×50cm<br>
・大　　　　　→　幅135cm×100cm<br>
※大サイズに関しまして<br>
100cm以上をご希望の方は希望の長さ(ｍ)分ご購入下さい。<BR>
一度に10m以上ご購入に関しましては送料・代引き手数料<BR>当社が負担させて頂きます。<BR>30mまでであれば1ｍ毎に延長可能。<br>
延長をご希望の場合は、希望の長さ（m）分ご購入下さい。<br>
長さ5ｍ以上をご希望の方は在庫の有無をお電話にて<br>
ご確認下さいますようお願い申し上げます。<br><br><br>
<br>
※色/伸び/質感に関する質問が多々御座いますがモニター環境に<br>
よって色味が異なったり、感じ方に個人差がございますので<br>
不安な方はサンプルセットをご購入の上、実物をご確認頂いてから<br>商品をご購入下さいますようお願い申し上げます。<BR><br>【サンプルセット購入はコチラ】<BR><BR>
購入後の上記理由での返品はお受けできません。<br>
<br>
【注意事項】<br>
※貼り付け・車検に関するご質問はお答え致しかねます。<br>
※取り付け前に必ず商品確認を行ってください。<br>
切断・加工後の返品交換は一切お受け致しかねます。<br>
※1枚ずつ業務用切り売りでスタッフが丁寧にカットしておりますが<br>
一部に断面が歪んだり欠けしまう場合が御座います。<br>
※念の為、切り損じを1cm程度(A4サイズは5mm程度)踏まえてお考え下さい。
</FONT></TD></TR></TABLE></TD></TR></TABLE><BR><BR><BR><TABLE WIDTH=600 CELLSPACING=1 BORDER=0 CELLPADDING=1 BGCOLOR=#CCCCCC><TR><TD BGCOLOR=#FF7F50><TABLE WIDTH=100% CELLSPACING=2 BORDER=0 CELLPADDING=5><TR><TD ALIGN=left BGCOLOR=#FF7F50><FONT COLOR=#333333 SIZE=3><B>★★発送方法/送料★★</B></FONT></TD></TR></TABLE><TABLE WIDTH=100% CELLSPACING=2 BORDER=0 CELLPADDING=0><TR><TD HEIGHT=2 BGCOLOR=#CCBBAA></TD></TR></TABLE><TABLE WIDTH=100% CELLSPACING=2 BORDER=0 CELLPADDING=5><TR><TD ALIGN=left BGCOLOR=#FFF8EE><FONT COLOR=#333333 SIZE=3>商品名に【送料無料】の記載がある場合は、送料無料です。<BR>※北海道・沖縄・離島除く<BR><BR><FONT SIZE=5>【全国送料表】</FONT>をご確認下さいませ。<BR><BR>複数の商品を同梱可能です。<BR>※同梱をご希望の場合、必ず同じお買い物カゴ（カート）でご注文下さい。<BR>※別々のお買い物カゴで注文された場合は別々に梱包し発送致します。<BR>その為、送料・代引き手数料は発送個数分請求させて頂きます。<BR><BR>★発送に関する注意事項★<BR>---------------------------------------- <BR>当方指定宅急便ですので配送業者は選択できません。 <BR>時間指定は対応いたしておりません。<BR>発送連絡に記載の問い合わせ番号でご自身でご確認頂けます。<BR>離島は発送が一日遅れます。 <BR>----------------------------------------<BR>★商品代引★　　<BR>宅急便送料+別途手数料３７０円 <BR>休業日　商品ページ左バナーカレンダーに記載</FONT></TD></TR></TABLE></TD></TR></TABLE><BR><TABLE WIDTH=600 CELLSPACING=1 BORDER=0 CELLPADDING=1 BGCOLOR=#CCCCCC><TR><TD BGCOLOR=#FF7F50><TABLE WIDTH=100% CELLSPACING=2 BORDER=0 CELLPADDING=5><TR><TD ALIGN=left BGCOLOR=#FF7F50><FONT COLOR=#333333 SIZE=3><B>★★支払方法★</B></FONT></TD></TR></TABLE><TABLE WIDTH=100% CELLSPACING=2 BORDER=0 CELLPADDING=0><TR><TD HEIGHT=2 BGCOLOR=#CCBBAA></TD></TR></TABLE><TABLE WIDTH=100% CELLSPACING=2 BORDER=0 CELLPADDING=5><TR><TD ALIGN=left BGCOLOR=#FFF8EE><FONT COLOR=#333333 SIZE=3>●楽天銀行　振込<BR>●商品代引<BR>●クレジットカード決済<BR>●コンビニ決済（前払い）<BR>●楽天Edy決済<BR>●auかんたん決済<BR></FONT></TD></TR></TABLE></TD></TR></TABLE><BR><IMG SRC=http://image.rakuten.co.jp/auc-automax/cabinet/03561925/img63193783.gif WIDTH=600><BR><BR></CENTER><center><BR><BR><img src=http://image.rakuten.co.jp/auc-automax/cabinet/03619501/cuttingsheet-cate/imgrc0068742328.gif width=195 alt=A4> <img src=http://image.rakuten.co.jp/auc-automax/cabinet/03619501/cuttingsheet-cate/imgrc0068742325.gif width=195 alt=65x50> <img src=http://image.rakuten.co.jp/auc-automax/cabinet/03619501/cuttingsheet-cate/imgrc0068742326.gif width=195 alt=135x100><BR><br>

<img src=http://image.rakuten.co.jp/auc-automax/cabinet/03619501/cuttingsheet-cate/imgrc0068742261.jpg width=195 alt=黒> 
<img src=http://image.rakuten.co.jp/auc-automax/cabinet/03619501/cuttingsheet-cate/imgrc0068742260.jpg width=195 alt=肌> 
<img src=http://image.rakuten.co.jp/auc-automax/cabinet/03619501/cuttingsheet-cate/imgrc0068742262.jpg width=195 alt=青><BR>
<img src=http://image.rakuten.co.jp/auc-automax/cabinet/03619501/cuttingsheet-cate/imgrc0068742263.jpg width=195 alt=茶> 
<img src=http://image.rakuten.co.jp/auc-automax/cabinet/03619501/cuttingsheet-cate/imgrc0068742264.jpg width=195 alt=灰> 
<img src=http://image.rakuten.co.jp/auc-automax/cabinet/03619501/cuttingsheet-cate/imgrc0068742265.jpg width=195 alt=緑><BR>
<img src=http://image.rakuten.co.jp/auc-automax/cabinet/03619501/cuttingsheet-cate/imgrc0068742266.jpg width=195 alt=紺> 
<img src=http://image.rakuten.co.jp/auc-automax/cabinet/03619501/cuttingsheet-cate/imgrc0068742267.jpg width=195 alt=柿> 
<img src=http://image.rakuten.co.jp/auc-automax/cabinet/03619501/cuttingsheet-cate/imgrc0068742268.jpg width=195 alt=桃><BR>
<img src=http://image.rakuten.co.jp/auc-automax/cabinet/03619501/cuttingsheet-cate/imgrc0068742269.jpg width=195> 
<img src=http://image.rakuten.co.jp/auc-automax/cabinet/03619501/cuttingsheet-cate/imgrc0068742270.jpg width=195> 
<img src=http://image.rakuten.co.jp/auc-automax/cabinet/03619501/cuttingsheet-cate/imgrc0068742271.jpg width=195><BR>
<img src=http://image.rakuten.co.jp/auc-automax/cabinet/03619501/cuttingsheet-cate/imgrc0068742276.jpg width=195> 
<img src=http://image.rakuten.co.jp/auc-automax/cabinet/03619501/cuttingsheet-cate/imgrc0068742277.jpg width=195> </center><center>
<br>
<img SRC=http://image.rakuten.co.jp/auc-automax/cabinet/imgrc0067382276.gif width=670 height=400><BR>
<br>
<img SRC=http://image.rakuten.co.jp/auc-automax/cabinet/img60333004.gif width=670 height=120><BR>
<br>

<br></center>",スエード(A4) 紺■【メール便 送料無料】スエード生地シート　糊付き ネイビーブルー アルカンターラ調 30cm&times;20cmスエードシート バックスキン曲面対応 カッティング可能シート状 インテリア ウォールクロス 革 レザー【RCP】：AUTOMAX izumi,カッティングシートモニタースタンドアルカンターラ調スエード生地シート汎用パーツ自動車アクセサリーメッキモール送料無料ステッカーカー用品バイク用品ドレスアップラグジュアリー内装外装カット済みカーフィルム大阪通販激安格安施工スエード(A4) 紺■【メール便 送料無料】スエード生地シート　糊付き ネイビーブルー アルカンターラ調 30cm&times;20cmスエードシート バックスキン曲面対応 カッティング可能シート状 インテリア ウォールクロス 革 レザー【RCP】,メール便送料無料。代引の場合は宅急便送料に変更し発送致します。スエード(A4) 紺■【メール便 送料無料】スエード生地シート　糊付き ネイビーブルー アルカンターラ調 30cm&times;20cmスエードシート バックスキン曲面対応 カッティング可能シート状 インテリア ウォールクロス 革 レザー【RCP】
1-27999,http://tshop.r10s.jp/auc-automax/cabinet/02420218/02420238/img58125062.jpg?fitin=700:700,312.0000,,日用品雑貨・文房具・手芸 > 手芸・クラフト・生地 > 生地・布,スエード(A4) 黒■【メール便 送料無料】スエード生地シート　糊付き ブラック アルカンターラ調 30cm×20cmスエードシート バックスキン曲面対応 カッティング可能シート状 インテリア ウォールクロス 革 レザー検シール【RCP】,メール便送料無料。代引の場合は宅急便送料に変更し発送致します,"<TR> <TD HEIGHT=6></TD> <TD HEIGHT=6></TD> <TD HEIGHT=6></TD> </TR><BR><CENTER><FONT COLOR=#CCBBAA SIZE=4><B></B></FONT><BR><BR><TABLE WIDTH=600 CELLSPACING=1 BORDER=0 CELLPADDING=1 BGCOLOR=#CCCCCC><TR><TD BGCOLOR=#FF7F50><TABLE WIDTH=100% CELLSPACING=2 BORDER=0 CELLPADDING=5><TR><TD ALIGN=left BGCOLOR=#FF7F50><FONT COLOR=#333333 SIZE=3><B>★★商品説明★★</B></FONT></TD></TR></TABLE><TABLE WIDTH=100% CELLSPACING=2 BORDER=0 CELLPADDING=0><TR><TD HEIGHT=2 BGCOLOR=#CCBBAA></TD></TR></TABLE><TABLE WIDTH=100% CELLSPACING=2 BORDER=0 CELLPADDING=5><TR><TD ALIGN=left BGCOLOR=#FFF8EE><FONT COLOR=#333333 SIZE=3>高級感のある肌触りの良いスエード調シートです。<BR>
キメ細かなリアルな起毛の質感！<BR>
<BR>
曲面への施工も可能。<BR>
愛車の内張り・ダッシュボード・コンソール<BR>
肘掛け・メーターパネル等に使用すれば<BR>
格段と高級感がアップします。<BR>
<BR>
その他、<BR>
インテリアとして様々な場所にご使用頂けます。<BR>
大きい場所、好きな場所へ施工可能。<BR>
シートの裏に糊が付いておりますので、<BR>
お取り付けも簡単に出来ます。<BR>
<BR>
只今、人気急上昇中のお勧めの逸品です。<BR>
<br>【カラー】<br>
商品名（商品タイトル）記載のカラーです。<br>
※全14種類ございます。<br>
ブラック/レッド/ホワイト/ブルー/グレー<br>パープル/ピンク/オレンジ/ベージュ/ワインレッド<br>マスタードイエロー/ネイビーブルー/ブラウン/グリーン<br><br>
<br>
【サイズ】 <br>
商品名（商品タイトル）記載のサイズです。<br>
※全３種類ございます（幅の変更は出来ません）<br>
・Ａ４サイズ　→　幅30cm×20cm  <br>
・小　　　　　→　幅65cm×50cm<br>
・大　　　　　→　幅135cm×100cm<br>
※大サイズに関しまして<br>
100cm以上をご希望の方は希望の長さ(ｍ)分ご購入下さい。<BR>
一度に10m以上ご購入に関しましては送料・代引き手数料<BR>当社が負担させて頂きます。<BR>30mまでであれば1ｍ毎に延長可能。<br>
延長をご希望の場合は、希望の長さ（m）分ご購入下さい。<br>
長さ5ｍ以上をご希望の方は在庫の有無をお電話にて<br>
ご確認下さいますようお願い申し上げます。<br><br><br>
<br>
※色/伸び/質感に関する質問が多々御座いますがモニター環境に<br>
よって色味が異なったり、感じ方に個人差がございますので<br>
不安な方はサンプルセットをご購入の上、実物をご確認頂いてから<br>商品をご購入下さいますようお願い申し上げます。<BR><br>【サンプルセット購入はコチラ】<BR><BR>
購入後の上記理由での返品はお受けできません。<br>
<br>
【注意事項】<br>
※貼り付け・車検に関するご質問はお答え致しかねます。<br>
※取り付け前に必ず商品確認を行ってください。<br>
切断・加工後の返品交換は一切お受け致しかねます。<br>
※1枚ずつ業務用切り売りでスタッフが丁寧にカットしておりますが<br>
一部に断面が歪んだり欠けしまう場合が御座います。<br>
※念の為、切り損じを1cm程度(A4サイズは5mm程度)踏まえてお考え下さい。
</FONT></TD></TR></TABLE></TD></TR></TABLE><BR><BR><BR><TABLE WIDTH=600 CELLSPACING=1 BORDER=0 CELLPADDING=1 BGCOLOR=#CCCCCC><TR><TD BGCOLOR=#FF7F50><TABLE WIDTH=100% CELLSPACING=2 BORDER=0 CELLPADDING=5><TR><TD ALIGN=left BGCOLOR=#FF7F50><FONT COLOR=#333333 SIZE=3><B>★★発送方法/送料★★</B></FONT></TD></TR></TABLE><TABLE WIDTH=100% CELLSPACING=2 BORDER=0 CELLPADDING=0><TR><TD HEIGHT=2 BGCOLOR=#CCBBAA></TD></TR></TABLE><TABLE WIDTH=100% CELLSPACING=2 BORDER=0 CELLPADDING=5><TR><TD ALIGN=left BGCOLOR=#FFF8EE><FONT COLOR=#333333 SIZE=3>商品名に【送料無料】の記載がある場合は、送料無料です。<BR>※北海道・沖縄・離島除く<BR><BR><FONT SIZE=5>【全国送料表】</FONT>をご確認下さいませ。<BR><BR>複数の商品を同梱可能です。<BR>※同梱をご希望の場合、必ず同じお買い物カゴ（カート）でご注文下さい。<BR>※別々のお買い物カゴで注文された場合は別々に梱包し発送致します。<BR>その為、送料・代引き手数料は発送個数分請求させて頂きます。<BR><BR>★発送に関する注意事項★<BR>---------------------------------------- <BR>当方指定宅急便ですので配送業者は選択できません。 <BR>時間指定は対応いたしておりません。<BR>発送連絡に記載の問い合わせ番号でご自身でご確認頂けます。<BR>離島は発送が一日遅れます。 <BR>----------------------------------------<BR>★商品代引★　　<BR>宅急便送料+別途手数料３７０円 <BR>休業日　商品ページ左バナーカレンダーに記載</FONT></TD></TR></TABLE></TD></TR></TABLE><BR><TABLE WIDTH=600 CELLSPACING=1 BORDER=0 CELLPADDING=1 BGCOLOR=#CCCCCC><TR><TD BGCOLOR=#FF7F50><TABLE WIDTH=100% CELLSPACING=2 BORDER=0 CELLPADDING=5><TR><TD ALIGN=left BGCOLOR=#FF7F50><FONT COLOR=#333333 SIZE=3><B>★★支払方法★</B></FONT></TD></TR></TABLE><TABLE WIDTH=100% CELLSPACING=2 BORDER=0 CELLPADDING=0><TR><TD HEIGHT=2 BGCOLOR=#CCBBAA></TD></TR></TABLE><TABLE WIDTH=100% CELLSPACING=2 BORDER=0 CELLPADDING=5><TR><TD ALIGN=left BGCOLOR=#FFF8EE><FONT COLOR=#333333 SIZE=3>●楽天銀行　振込<BR>●商品代引<BR>●クレジットカード決済<BR>●コンビニ決済（前払い）<BR>●楽天Edy決済<BR>●auかんたん決済<BR></FONT></TD></TR></TABLE></TD></TR></TABLE><BR><IMG SRC=http://image.rakuten.co.jp/auc-automax/cabinet/03561925/img63193783.gif WIDTH=600><BR><BR></CENTER><center><BR><BR><img src=http://image.rakuten.co.jp/auc-automax/cabinet/03619501/cuttingsheet-cate/imgrc0068742328.gif width=195 alt=A4> <img src=http://image.rakuten.co.jp/auc-automax/cabinet/03619501/cuttingsheet-cate/imgrc0068742325.gif width=195 alt=65x50> <img src=http://image.rakuten.co.jp/auc-automax/cabinet/03619501/cuttingsheet-cate/imgrc0068742326.gif width=195 alt=135x100><BR><br>

<img src=http://image.rakuten.co.jp/auc-automax/cabinet/03619501/cuttingsheet-cate/imgrc0068742261.jpg width=195 alt=黒> 
<img src=http://image.rakuten.co.jp/auc-automax/cabinet/03619501/cuttingsheet-cate/imgrc0068742260.jpg width=195 alt=肌> 
<img src=http://image.rakuten.co.jp/auc-automax/cabinet/03619501/cuttingsheet-cate/imgrc0068742262.jpg width=195 alt=青><BR>
<img src=http://image.rakuten.co.jp/auc-automax/cabinet/03619501/cuttingsheet-cate/imgrc0068742263.jpg width=195 alt=茶> 
<img src=http://image.rakuten.co.jp/auc-automax/cabinet/03619501/cuttingsheet-cate/imgrc0068742264.jpg width=195 alt=灰> 
<img src=http://image.rakuten.co.jp/auc-automax/cabinet/03619501/cuttingsheet-cate/imgrc0068742265.jpg width=195 alt=緑><BR>
<img src=http://image.rakuten.co.jp/auc-automax/cabinet/03619501/cuttingsheet-cate/imgrc0068742266.jpg width=195 alt=紺> 
<img src=http://image.rakuten.co.jp/auc-automax/cabinet/03619501/cuttingsheet-cate/imgrc0068742267.jpg width=195 alt=柿> 
<img src=http://image.rakuten.co.jp/auc-automax/cabinet/03619501/cuttingsheet-cate/imgrc0068742268.jpg width=195 alt=桃><BR>
<img src=http://image.rakuten.co.jp/auc-automax/cabinet/03619501/cuttingsheet-cate/imgrc0068742269.jpg width=195> 
<img src=http://image.rakuten.co.jp/auc-automax/cabinet/03619501/cuttingsheet-cate/imgrc0068742270.jpg width=195> 
<img src=http://image.rakuten.co.jp/auc-automax/cabinet/03619501/cuttingsheet-cate/imgrc0068742271.jpg width=195><BR>
<img src=http://image.rakuten.co.jp/auc-automax/cabinet/03619501/cuttingsheet-cate/imgrc0068742276.jpg width=195> 
<img src=http://image.rakuten.co.jp/auc-automax/cabinet/03619501/cuttingsheet-cate/imgrc0068742277.jpg width=195> </center><center>
<br>
<img SRC=http://image.rakuten.co.jp/auc-automax/cabinet/imgrc0067382276.gif width=670 height=400><BR>
<br>
<img SRC=http://image.rakuten.co.jp/auc-automax/cabinet/img60333004.gif width=670 height=120><BR>
<br>

<br></center>",スエード(A4) 黒■【メール便 送料無料】スエード生地シート　糊付き ブラック アルカンターラ調 30cm&times;20cmスエードシート バックスキン曲面対応 カッティング可能シート状 インテリア ウォールクロス 革 レザー検シール【RCP】：AUTOMAX izumi,カッティングシートモニタースタンドアルカンターラ調スエード生地シート汎用パーツ自動車アクセサリーメッキモール送料無料ステッカーカー用品バイク用品ドレスアップラグジュアリー内装外装カット済みカーフィルム大阪通販激安格安施工スエード(A4) 黒■【メール便 送料無料】スエード生地シート　糊付き ブラック アルカンターラ調 30cm&times;20cmスエードシート バックスキン曲面対応 カッティング可能シート状 インテリア ウォールクロス 革 レザー検シール【RCP】,メール便送料無料。代引の場合は宅急便送料に変更し発送致します。スエード(A4) 黒■【メール便 送料無料】スエード生地シート　糊付き ブラック アルカンターラ調 30cm&times;20cmスエードシート バックスキン曲面対応 カッティング可能シート状 インテリア ウォールクロス 革 レザー検シール【RCP】
1-28000,http://tshop.r10s.jp/auc-automax/cabinet/02420218/02420238/img58125062.jpg?fitin=700:700,312.0000,,日用品雑貨・文房具・手芸 > 手芸・クラフト・生地 > 生地・布,スエード(A4) 黒■【メール便 送料無料】スエード生地シート　糊付き ブラック アルカンターラ調 30cm×20cmスエードシート バックスキン曲面対応 カッティング可能シート状 インテリア ウォールクロス 革 レザー検シール【RCP】,メール便送料無料。代引の場合は宅急便送料に変更し発送致します,"<TR> <TD HEIGHT=6></TD> <TD HEIGHT=6></TD> <TD HEIGHT=6></TD> </TR><BR><CENTER><FONT COLOR=#CCBBAA SIZE=4><B></B></FONT><BR><BR><TABLE WIDTH=600 CELLSPACING=1 BORDER=0 CELLPADDING=1 BGCOLOR=#CCCCCC><TR><TD BGCOLOR=#FF7F50><TABLE WIDTH=100% CELLSPACING=2 BORDER=0 CELLPADDING=5><TR><TD ALIGN=left BGCOLOR=#FF7F50><FONT COLOR=#333333 SIZE=3><B>★★商品説明★★</B></FONT></TD></TR></TABLE><TABLE WIDTH=100% CELLSPACING=2 BORDER=0 CELLPADDING=0><TR><TD HEIGHT=2 BGCOLOR=#CCBBAA></TD></TR></TABLE><TABLE WIDTH=100% CELLSPACING=2 BORDER=0 CELLPADDING=5><TR><TD ALIGN=left BGCOLOR=#FFF8EE><FONT COLOR=#333333 SIZE=3>高級感のある肌触りの良いスエード調シートです。<BR>
キメ細かなリアルな起毛の質感！<BR>
<BR>
曲面への施工も可能。<BR>
愛車の内張り・ダッシュボード・コンソール<BR>
肘掛け・メーターパネル等に使用すれば<BR>
格段と高級感がアップします。<BR>
<BR>
その他、<BR>
インテリアとして様々な場所にご使用頂けます。<BR>
大きい場所、好きな場所へ施工可能。<BR>
シートの裏に糊が付いておりますので、<BR>
お取り付けも簡単に出来ます。<BR>
<BR>
只今、人気急上昇中のお勧めの逸品です。<BR>
<br>【カラー】<br>
商品名（商品タイトル）記載のカラーです。<br>
※全14種類ございます。<br>
ブラック/レッド/ホワイト/ブルー/グレー<br>パープル/ピンク/オレンジ/ベージュ/ワインレッド<br>マスタードイエロー/ネイビーブルー/ブラウン/グリーン<br><br>
<br>
【サイズ】 <br>
商品名（商品タイトル）記載のサイズです。<br>
※全３種類ございます（幅の変更は出来ません）<br>
・Ａ４サイズ　→　幅30cm×20cm  <br>
・小　　　　　→　幅65cm×50cm<br>
・大　　　　　→　幅135cm×100cm<br>
※大サイズに関しまして<br>
100cm以上をご希望の方は希望の長さ(ｍ)分ご購入下さい。<BR>
一度に10m以上ご購入に関しましては送料・代引き手数料<BR>当社が負担させて頂きます。<BR>30mまでであれば1ｍ毎に延長可能。<br>
延長をご希望の場合は、希望の長さ（m）分ご購入下さい。<br>
長さ5ｍ以上をご希望の方は在庫の有無をお電話にて<br>
ご確認下さいますようお願い申し上げます。<br><br><br>
<br>
※色/伸び/質感に関する質問が多々御座いますがモニター環境に<br>
よって色味が異なったり、感じ方に個人差がございますので<br>
不安な方はサンプルセットをご購入の上、実物をご確認頂いてから<br>商品をご購入下さいますようお願い申し上げます。<BR><br>【サンプルセット購入はコチラ】<BR><BR>
購入後の上記理由での返品はお受けできません。<br>
<br>
【注意事項】<br>
※貼り付け・車検に関するご質問はお答え致しかねます。<br>
※取り付け前に必ず商品確認を行ってください。<br>
切断・加工後の返品交換は一切お受け致しかねます。<br>
※1枚ずつ業務用切り売りでスタッフが丁寧にカットしておりますが<br>
一部に断面が歪んだり欠けしまう場合が御座います。<br>
※念の為、切り損じを1cm程度(A4サイズは5mm程度)踏まえてお考え下さい。
</FONT></TD></TR></TABLE></TD></TR></TABLE><BR><BR><BR><TABLE WIDTH=600 CELLSPACING=1 BORDER=0 CELLPADDING=1 BGCOLOR=#CCCCCC><TR><TD BGCOLOR=#FF7F50><TABLE WIDTH=100% CELLSPACING=2 BORDER=0 CELLPADDING=5><TR><TD ALIGN=left BGCOLOR=#FF7F50><FONT COLOR=#333333 SIZE=3><B>★★発送方法/送料★★</B></FONT></TD></TR></TABLE><TABLE WIDTH=100% CELLSPACING=2 BORDER=0 CELLPADDING=0><TR><TD HEIGHT=2 BGCOLOR=#CCBBAA></TD></TR></TABLE><TABLE WIDTH=100% CELLSPACING=2 BORDER=0 CELLPADDING=5><TR><TD ALIGN=left BGCOLOR=#FFF8EE><FONT COLOR=#333333 SIZE=3>商品名に【送料無料】の記載がある場合は、送料無料です。<BR>※北海道・沖縄・離島除く<BR><BR><FONT SIZE=5>【全国送料表】</FONT>をご確認下さいませ。<BR><BR>複数の商品を同梱可能です。<BR>※同梱をご希望の場合、必ず同じお買い物カゴ（カート）でご注文下さい。<BR>※別々のお買い物カゴで注文された場合は別々に梱包し発送致します。<BR>その為、送料・代引き手数料は発送個数分請求させて頂きます。<BR><BR>★発送に関する注意事項★<BR>---------------------------------------- <BR>当方指定宅急便ですので配送業者は選択できません。 <BR>時間指定は対応いたしておりません。<BR>発送連絡に記載の問い合わせ番号でご自身でご確認頂けます。<BR>離島は発送が一日遅れます。 <BR>----------------------------------------<BR>★商品代引★　　<BR>宅急便送料+別途手数料３７０円 <BR>休業日　商品ページ左バナーカレンダーに記載</FONT></TD></TR></TABLE></TD></TR></TABLE><BR><TABLE WIDTH=600 CELLSPACING=1 BORDER=0 CELLPADDING=1 BGCOLOR=#CCCCCC><TR><TD BGCOLOR=#FF7F50><TABLE WIDTH=100% CELLSPACING=2 BORDER=0 CELLPADDING=5><TR><TD ALIGN=left BGCOLOR=#FF7F50><FONT COLOR=#333333 SIZE=3><B>★★支払方法★</B></FONT></TD></TR></TABLE><TABLE WIDTH=100% CELLSPACING=2 BORDER=0 CELLPADDING=0><TR><TD HEIGHT=2 BGCOLOR=#CCBBAA></TD></TR></TABLE><TABLE WIDTH=100% CELLSPACING=2 BORDER=0 CELLPADDING=5><TR><TD ALIGN=left BGCOLOR=#FFF8EE><FONT COLOR=#333333 SIZE=3>●楽天銀行　振込<BR>●商品代引<BR>●クレジットカード決済<BR>●コンビニ決済（前払い）<BR>●楽天Edy決済<BR>●auかんたん決済<BR></FONT></TD></TR></TABLE></TD></TR></TABLE><BR><IMG SRC=http://image.rakuten.co.jp/auc-automax/cabinet/03561925/img63193783.gif WIDTH=600><BR><BR></CENTER><center><BR><BR><img src=http://image.rakuten.co.jp/auc-automax/cabinet/03619501/cuttingsheet-cate/imgrc0068742328.gif width=195 alt=A4> <img src=http://image.rakuten.co.jp/auc-automax/cabinet/03619501/cuttingsheet-cate/imgrc0068742325.gif width=195 alt=65x50> <img src=http://image.rakuten.co.jp/auc-automax/cabinet/03619501/cuttingsheet-cate/imgrc0068742326.gif width=195 alt=135x100><BR><br>

<img src=http://image.rakuten.co.jp/auc-automax/cabinet/03619501/cuttingsheet-cate/imgrc0068742261.jpg width=195 alt=黒> 
<img src=http://image.rakuten.co.jp/auc-automax/cabinet/03619501/cuttingsheet-cate/imgrc0068742260.jpg width=195 alt=肌> 
<img src=http://image.rakuten.co.jp/auc-automax/cabinet/03619501/cuttingsheet-cate/imgrc0068742262.jpg width=195 alt=青><BR>
<img src=http://image.rakuten.co.jp/auc-automax/cabinet/03619501/cuttingsheet-cate/imgrc0068742263.jpg width=195 alt=茶> 
<img src=http://image.rakuten.co.jp/auc-automax/cabinet/03619501/cuttingsheet-cate/imgrc0068742264.jpg width=195 alt=灰> 
<img src=http://image.rakuten.co.jp/auc-automax/cabinet/03619501/cuttingsheet-cate/imgrc0068742265.jpg width=195 alt=緑><BR>
<img src=http://image.rakuten.co.jp/auc-automax/cabinet/03619501/cuttingsheet-cate/imgrc0068742266.jpg width=195 alt=紺> 
<img src=http://image.rakuten.co.jp/auc-automax/cabinet/03619501/cuttingsheet-cate/imgrc0068742267.jpg width=195 alt=柿> 
<img src=http://image.rakuten.co.jp/auc-automax/cabinet/03619501/cuttingsheet-cate/imgrc0068742268.jpg width=195 alt=桃><BR>
<img src=http://image.rakuten.co.jp/auc-automax/cabinet/03619501/cuttingsheet-cate/imgrc0068742269.jpg width=195> 
<img src=http://image.rakuten.co.jp/auc-automax/cabinet/03619501/cuttingsheet-cate/imgrc0068742270.jpg width=195> 
<img src=http://image.rakuten.co.jp/auc-automax/cabinet/03619501/cuttingsheet-cate/imgrc0068742271.jpg width=195><BR>
<img src=http://image.rakuten.co.jp/auc-automax/cabinet/03619501/cuttingsheet-cate/imgrc0068742276.jpg width=195> 
<img src=http://image.rakuten.co.jp/auc-automax/cabinet/03619501/cuttingsheet-cate/imgrc0068742277.jpg width=195> </center><center>
<br>
<img SRC=http://image.rakuten.co.jp/auc-automax/cabinet/imgrc0067382276.gif width=670 height=400><BR>
<br>
<img SRC=http://image.rakuten.co.jp/auc-automax/cabinet/img60333004.gif width=670 height=120><BR>
<br>

<br></center>",スエード(A4) 黒■【メール便 送料無料】スエード生地シート　糊付き ブラック アルカンターラ調 30cm&times;20cmスエードシート バックスキン曲面対応 カッティング可能シート状 インテリア ウォールクロス 革 レザー検シール【RCP】：AUTOMAX izumi,カッティングシートモニタースタンドアルカンターラ調スエード生地シート汎用パーツ自動車アクセサリーメッキモール送料無料ステッカーカー用品バイク用品ドレスアップラグジュアリー内装外装カット済みカーフィルム大阪通販激安格安施工スエード(A4) 黒■【メール便 送料無料】スエード生地シート　糊付き ブラック アルカンターラ調 30cm&times;20cmスエードシート バックスキン曲面対応 カッティング可能シート状 インテリア ウォールクロス 革 レザー検シール【RCP】,メール便送料無料。代引の場合は宅急便送料に変更し発送致します。スエード(A4) 黒■【メール便 送料無料】スエード生地シート　糊付き ブラック アルカンターラ調 30cm&times;20cmスエードシート バックスキン曲面対応 カッティング可能シート状 インテリア ウォールクロス 革 レザー検シール【RCP】
