8-90006,http://tshop.r10s.jp/kintsu/cabinet/plus-s/diary/plus-diary-1116a2.jpg?fitin=700:700,1836.8000,,スマートフォン・タブレット > スマートフォンアクセサリー > スマートフォンケース,Galaxy A8 SCV32 ケース フラワー Galaxy A8 SCV32 ギャラクシー GalaxyA8SCV32 ケース カバー SCV32ケース SCV32カバー 手帳 au 手帳型 ギャラクシー サムスン,Galaxy A8 SCV32 手帳型カバー,"<font color=""#ff0000""><b>※ 画像はイメージです。<br>
機種やカメラの位置等によって、デザインの見え方が異ったり<br>絵柄が切れる場合がございます。
<br>
予めご了承ください。</b></font><br><br>
フラワー柄をプリントした♪手帳型 ダイアリーケース。バラエティも豊富☆ Galaxy A8 SCV32 ケース<br>
<br><table border=""0"" cellpadding=""2"" cellspacing=""0"" width=""400""><tbody> <tr>
      <td bgcolor=""#cccccc"">　商品特長</td>
    </tr>
    <tr>
      <td><br>
      <font size=""2"">Plus-s(プラスエス)シリーズは、手帳型製カバーをベースに、高品質UV硬化型インクにてプリント！商品加工すべてを日本国内の熟練した職人の手作業で行われます。made in japan<br>
      <br>
      しっかりと装着出来、端末を傷から守る事ができる機能性にも優れたケースです。合皮素材で、UV硬化型インクにて高品質プリントを施すことにより、高級感ある仕上がりとなっております。<BR>
      <br>
      </font></td>
    </tr>
    <tr>
      <td align=""center"">&nbsp;<img src=""http://image.rakuten.co.jp/kintsu/cabinet/plus-s/explanation_plus-s.jpg"" /><br>
      <br>
      </td>
    </tr>
    <tr><td align=""left"" bgcolor=""cccccc"">　商品説明</td></tr><tr><td align=""left""><br><font size=""2"" color=""#404040"">
      ・装着したまま充電可能（一部非対応）（卓上ホルダには対応しません）<br>
      ・ベースの手帳型ケースは、複数の仕入れ先より入手しており、入荷時期によって形状が若干変わる事があります。<br>
      </font>
      <hr>
      <font size=""2"" color=""#404040"">素材：手帳ケース本体／合皮　<br>ハードケース／ポリカーボネート(ブラックケース)<br>
      加工：UV硬化型インク<br>
      対応機種：Galaxy A8 SCV32<br>
      </font>
      <hr>
      <font size=""2"" color=""#404040"">※機種本体は含まれておりません。<br>
      ※仕様は予告なく変更する場合がございます。
<br>
      ※実物の色に近づけるように努めていますが、ご利用のモニター、PCやスマートフォンの環境により掲載写真の色が実物の色と違って見える場合がございます。
</font></td></tr></tbody></table><style type=""text/css"">
span.unit {
	background: url(http://www.rakuten.ne.jp/gold/kintsu/images/cart_up_send.png) no-repeat left top;
	text-indent: -9999;
	display: block;
	width: 325px;
	height: 80;
	margin: 15px 0;
}
span.choice {
	display: inline-block;
	font-size: 15px;
	margin: 5px auto;
	width: 112px;
}
select[name=""choice""] {
	font-size: 15px;
	max-width: 200px;
}
td.inventory_choice_name {
	background-color: #F7F7F7;
}
/***買い物かごまわり全ボタン・入力欄共通***/
input[value=""買い物かごに入れる""] {
	background: url(""http://www.rakuten.ne.jp/gold/kintsu/images/cart04.png"") no-repeat;
	/*border: 1px solid #930;*/
	border: 0;
	height: 45px;
	text-indent: -9999px;
	cursor: pointer !important;
	width: 250px;
	margin-top: 10px;
	display: block;
}
input[value=""買い物かごに入れる""]:not(:target) {
	background-size: cover\9; /* IE9 */
	height: 45px\9;
	width: 250px\9;
}

@media screen and (-ms-high-contrast: active), (-ms-high-contrast: none) {
input[value=""買い物かごに入れる""] {
	background-size: cover;     /* IE10 */
	height: 45px;
	width: 250px;
}
}
input[value=""買い物かごに入れる""]:hover {
	opacity: 0.8;
}
/***「お問合せ」ボタン***/
font input[value=""商品についての問合わせ""] {
	background: url(""http://www.rakuten.ne.jp/gold/kintsu/images/toiawase01.png"") no-repeat;
	/*border: 1px solid #930;*/
	border: 0;
	height: 35px;
	text-indent: -9999px;
	cursor: pointer !important;
	width: 250px;
	margin-top: 10px;
}
font input[value=""商品についての問合わせ""]:hover {
	opacity: 0.7;
}
/***「商品お気に入り」ボタン***/

#rakutenLimitedId_aroundCart div.bkm {
	width: 250px !important;
	height: 35px !important;
}
#rakutenLimitedId_aroundCart div.bkm {
	float: none;
	padding-bottom: 0 !important;
}
#rakutenLimitedId_aroundCart div.bookmarkArea div.bkm a.addBkm span.bkmStar {
	background: url(""http://www.rakuten.ne.jp/gold/kintsu/images/okini01.jpg"") no-repeat scroll 0 0 rgba(0, 0, 0, 0) !important;
	display: inline-block !important;
	height: 35px !important;
	margin: 0 0 10px !important;
	width: 250px !important;
}
/***「店舗お気に入り」ボタン***/

#rakutenLimitedId_aroundCart div.shopBkm {
	float: none !important;
	width: 250px !important;
	height: 35px !important;
}
#rakutenLimitedId_aroundCart div.shopBkm {
	padding-left: 0 !important;
}
#rakutenLimitedId_aroundCart div.shopBookmarkArea div.shopBkm a.addShopBkm span.shopBkmStar {
	background: url(""http://www.rakuten.ne.jp/gold/kintsu/images/okini02.jpg"") no-repeat scroll 0 0 rgba(0, 0, 0, 0) !important;
	display: inline-block !important;
	height: 35px !important;
	margin-right: 0 !important;
	width: 250px !important;
}
#rnkInShopPartsArea {
	margin: 0;
	padding: 0;		
}
#rnkInShopMain {
	margin: 0;
	padding: 0;		
}
</style>

<table width=""630"" border=""0"" cellpadding=""0"" cellspacing=""0"" style=""margin: 0 auto;"">
<tr>
<td valign=""top"" align=""left"">

</td>
</tr>
</table>",Galaxy A8 SCV32 ケース フラワー Galaxy A8 SCV32 ギャラクシー GalaxyA8SCV32 ケース カバー SCV32ケース SCV32カバー 手帳 au 手帳型 ギャラクシー サムスン：ケータイ屋24　楽天市場店,スマートフォンアクセサリー携帯ストラップストラップスマホケーススマートフォン ケーススマホピアスイヤホンジャック アクセサリースマートフォンピアスネックストラップスワロフスキー ピアススワロフスキー ストラップスマホカバースマートフォン カバーGalaxy A8 SCV32 ケース フラワー Galaxy A8 SCV32 ギャラクシー GalaxyA8SCV32 ケース カバー SCV32ケース SCV32カバー 手帳 au 手帳型 ギャラクシー サムスン,Galaxy A8 SCV32 手帳型カバー。Galaxy A8 SCV32 ケース フラワー Galaxy A8 SCV32 ギャラクシー GalaxyA8SCV32 ケース カバー SCV32ケース SCV32カバー 手帳 au 手帳型 ギャラクシー サムスン[rn]
8-90007,http://tshop.r10s.jp/kintsu/cabinet/plus-s/m/scv32/ps-scv32-0027a.jpg?fitin=700:700,1600.0000,,スマートフォン・タブレット > スマートフォンアクセサリー > スマートフォンケース,ギャラクシー A8 カバー 輝く星とバタフライ au Galaxy A8 SCV32 カバー ケース スマホケース スマホカバー,au Galaxy A8 SCV32 カバー ケース,"輝く星とバタフライの au Galaxy A8 SCV32 クリア ケース。裏側が透けているクリアケースなので、スマホ本体のデザインも活かされます♪<br><br><table border=""0"" cellpadding=""2"" cellspacing=""0"" width=""400""><tbody> <tr>
      <td bgcolor=""#cccccc"">　商品特長</td>
    </tr>
    <tr>
      <td><br>
      <font size=""2"">Plus-s(プラスエス)シリーズは、ポリカーボネイト製カバーをベースに、高品質UV硬化型インクにてプリント！商品加工すべてを日本国内の熟練した職人の手作業で行われます。made in japan<br>
      <br>
      しっかりと装着出来、端末を傷から守る事ができる機能性にも優れたケースです。ハードケース素材で、UV硬化型インクにて高品質プリントを施すことにより、高級感ある仕上がりとなっております。<BR>
      <BR>
      ジャケットを装着したままで、イヤホンや充電コネクターの接続、タッチパネルの使用など操作性も確保しております。 <BR>
      <br>
      </font></td>
    </tr>
    <tr>
      <td align=""center"">&nbsp;<img src=""http://image.rakuten.co.jp/kintsu/cabinet/plus-s/explanation_plus-s.jpg"" /><br>
      <br>
      </td>
    </tr>
    <tr><td align=""left"" bgcolor=""cccccc"">　商品説明</td></tr><tr><td align=""left""><br><font size=""2"" color=""#404040"">・スマートフォンケース側面への印刷は入りません。<br>
      ・装着したまま充電可能（卓上ホルダには対応しません）です。<br>
      ・ベースのスマートフォンケースは、複数の仕入れ先より入手しており、入荷時期によって形状が若干変わる事があります。<br>
      </font>
      <hr>
      <font size=""2"" color=""#404040"">素材：ケース本体／ポリカーボネート(クリアケース)<br>
      加工：UV硬化型インク（側面にプリントは入りません）<br>
      対応機種・サイズ：au Galaxy A8 SCV32 専用<br>
      </font>
      <hr>
      <font size=""2"" color=""#404040"">※機種本体は含まれておりません。<br>
      ※仕様は予告なく変更する場合がございます。</font></td></tr></tbody></table><style type=""text/css"">
span.unit {
	background: url(http://www.rakuten.ne.jp/gold/kintsu/images/cart_up_send.png) no-repeat left top;
	text-indent: -9999;
	display: block;
	width: 325px;
	height: 80;
	margin: 15px 0;
}
span.choice {
	display: inline-block;
	font-size: 15px;
	margin: 5px auto;
	width: 112px;
}
select[name=""choice""] {
	font-size: 15px;
	max-width: 200px;
}
td.inventory_choice_name {
	background-color: #F7F7F7;
}
/***買い物かごまわり全ボタン・入力欄共通***/
input[value=""買い物かごに入れる""] {
	background: url(""http://www.rakuten.ne.jp/gold/kintsu/images/cart04.png"") no-repeat;
	/*border: 1px solid #930;*/
	border: 0;
	height: 45px;
	text-indent: -9999px;
	cursor: pointer !important;
	width: 250px;
	margin-top: 10px;
	display: block;
}
input[value=""買い物かごに入れる""]:not(:target) {
	background-size: cover\9; /* IE9 */
	height: 45px\9;
	width: 250px\9;
}

@media screen and (-ms-high-contrast: active), (-ms-high-contrast: none) {
input[value=""買い物かごに入れる""] {
	background-size: cover;     /* IE10 */
	height: 45px;
	width: 250px;
}
}
input[value=""買い物かごに入れる""]:hover {
	opacity: 0.8;
}
/***「お問合せ」ボタン***/
font input[value=""商品についての問合わせ""] {
	background: url(""http://www.rakuten.ne.jp/gold/kintsu/images/toiawase01.png"") no-repeat;
	/*border: 1px solid #930;*/
	border: 0;
	height: 35px;
	text-indent: -9999px;
	cursor: pointer !important;
	width: 250px;
	margin-top: 10px;
}
font input[value=""商品についての問合わせ""]:hover {
	opacity: 0.7;
}
/***「商品お気に入り」ボタン***/

#rakutenLimitedId_aroundCart div.bkm {
	width: 250px !important;
	height: 35px !important;
}
#rakutenLimitedId_aroundCart div.bkm {
	float: none;
	padding-bottom: 0 !important;
}
#rakutenLimitedId_aroundCart div.bookmarkArea div.bkm a.addBkm span.bkmStar {
	background: url(""http://www.rakuten.ne.jp/gold/kintsu/images/okini01.jpg"") no-repeat scroll 0 0 rgba(0, 0, 0, 0) !important;
	display: inline-block !important;
	height: 35px !important;
	margin: 0 0 10px !important;
	width: 250px !important;
}
/***「店舗お気に入り」ボタン***/

#rakutenLimitedId_aroundCart div.shopBkm {
	float: none !important;
	width: 250px !important;
	height: 35px !important;
}
#rakutenLimitedId_aroundCart div.shopBkm {
	padding-left: 0 !important;
}
#rakutenLimitedId_aroundCart div.shopBookmarkArea div.shopBkm a.addShopBkm span.shopBkmStar {
	background: url(""http://www.rakuten.ne.jp/gold/kintsu/images/okini02.jpg"") no-repeat scroll 0 0 rgba(0, 0, 0, 0) !important;
	display: inline-block !important;
	height: 35px !important;
	margin-right: 0 !important;
	width: 250px !important;
}
#rnkInShopPartsArea {
	margin: 0;
	padding: 0;		
}
#rnkInShopMain {
	margin: 0;
	padding: 0;		
}
</style>

<table width=""630"" border=""0"" cellpadding=""0"" cellspacing=""0"" style=""margin: 0 auto;"">
<tr>
<td valign=""top"" align=""left"">

</td>
</tr>
</table>",ギャラクシー A8 カバー 輝く星とバタフライ au Galaxy A8 SCV32 カバー ケース スマホケース スマホカバー：ケータイ屋24　楽天市場店,スマートフォンアクセサリー携帯ストラップストラップスマホケーススマートフォン ケーススマホピアスイヤホンジャック アクセサリースマートフォンピアスネックストラップスワロフスキー ピアススワロフスキー ストラップスマホカバースマートフォン カバーギャラクシー A8 カバー 輝く星とバタフライ au Galaxy A8 SCV32 カバー ケース スマホケース スマホカバー,au Galaxy A8 SCV32 カバー ケース。ギャラクシー A8 カバー 輝く星とバタフライ au Galaxy A8 SCV32 カバー ケース スマホケース スマホカバー[rn]
8-90008,http://tshop.r10s.jp/kintsu/cabinet/plus-s/m/scv32/ps-scv32-0079a.jpg?fitin=700:700,1600.0000,,スマートフォン・タブレット > スマートフォンアクセサリー > スマートフォンケース,ギャラクシー A8 カバー ペイズリー TYPE1 au Galaxy A8 SCV32 カバー ケース スマホケース スマホカバー,au Galaxy A8 SCV32 カバー ケース,"ファッションとして人気のある美しいペイズリー柄をプリントしたau Galaxy A8 SCV32 クリア ケース。<br><br><table border=""0"" cellpadding=""2"" cellspacing=""0"" width=""400""><tbody> <tr>
      <td bgcolor=""#cccccc"">　商品特長</td>
    </tr>
    <tr>
      <td><br>
      <font size=""2"">Plus-s(プラスエス)シリーズは、ポリカーボネイト製カバーをベースに、高品質UV硬化型インクにてプリント！商品加工すべてを日本国内の熟練した職人の手作業で行われます。made in japan<br>
      <br>
      しっかりと装着出来、端末を傷から守る事ができる機能性にも優れたケースです。ハードケース素材で、UV硬化型インクにて高品質プリントを施すことにより、高級感ある仕上がりとなっております。<BR>
      <BR>
      ジャケットを装着したままで、イヤホンや充電コネクターの接続、タッチパネルの使用など操作性も確保しております。 <BR>
      <br>
      </font></td>
    </tr>
    <tr>
      <td align=""center"">&nbsp;<img src=""http://image.rakuten.co.jp/kintsu/cabinet/plus-s/explanation_plus-s.jpg"" /><br>
      <br>
      </td>
    </tr>
    <tr><td align=""left"" bgcolor=""cccccc"">　商品説明</td></tr><tr><td align=""left""><br><font size=""2"" color=""#404040"">・スマートフォンケース側面への印刷は入りません。<br>
      ・装着したまま充電可能（卓上ホルダには対応しません）です。<br>
      ・ベースのスマートフォンケースは、複数の仕入れ先より入手しており、入荷時期によって形状が若干変わる事があります。<br>
      </font>
      <hr>
      <font size=""2"" color=""#404040"">素材：ケース本体／ポリカーボネート(クリアケース)<br>
      加工：UV硬化型インク（側面にプリントは入りません）<br>
      対応機種・サイズ：au Galaxy A8 SCV32 専用<br>
      </font>
      <hr>
      <font size=""2"" color=""#404040"">※機種本体は含まれておりません。<br>
      ※仕様は予告なく変更する場合がございます。</font></td></tr></tbody></table><style type=""text/css"">
span.unit {
	background: url(http://www.rakuten.ne.jp/gold/kintsu/images/cart_up_send.png) no-repeat left top;
	text-indent: -9999;
	display: block;
	width: 325px;
	height: 80;
	margin: 15px 0;
}
span.choice {
	display: inline-block;
	font-size: 15px;
	margin: 5px auto;
	width: 112px;
}
select[name=""choice""] {
	font-size: 15px;
	max-width: 200px;
}
td.inventory_choice_name {
	background-color: #F7F7F7;
}
/***買い物かごまわり全ボタン・入力欄共通***/
input[value=""買い物かごに入れる""] {
	background: url(""http://www.rakuten.ne.jp/gold/kintsu/images/cart04.png"") no-repeat;
	/*border: 1px solid #930;*/
	border: 0;
	height: 45px;
	text-indent: -9999px;
	cursor: pointer !important;
	width: 250px;
	margin-top: 10px;
	display: block;
}
input[value=""買い物かごに入れる""]:not(:target) {
	background-size: cover\9; /* IE9 */
	height: 45px\9;
	width: 250px\9;
}

@media screen and (-ms-high-contrast: active), (-ms-high-contrast: none) {
input[value=""買い物かごに入れる""] {
	background-size: cover;     /* IE10 */
	height: 45px;
	width: 250px;
}
}
input[value=""買い物かごに入れる""]:hover {
	opacity: 0.8;
}
/***「お問合せ」ボタン***/
font input[value=""商品についての問合わせ""] {
	background: url(""http://www.rakuten.ne.jp/gold/kintsu/images/toiawase01.png"") no-repeat;
	/*border: 1px solid #930;*/
	border: 0;
	height: 35px;
	text-indent: -9999px;
	cursor: pointer !important;
	width: 250px;
	margin-top: 10px;
}
font input[value=""商品についての問合わせ""]:hover {
	opacity: 0.7;
}
/***「商品お気に入り」ボタン***/

#rakutenLimitedId_aroundCart div.bkm {
	width: 250px !important;
	height: 35px !important;
}
#rakutenLimitedId_aroundCart div.bkm {
	float: none;
	padding-bottom: 0 !important;
}
#rakutenLimitedId_aroundCart div.bookmarkArea div.bkm a.addBkm span.bkmStar {
	background: url(""http://www.rakuten.ne.jp/gold/kintsu/images/okini01.jpg"") no-repeat scroll 0 0 rgba(0, 0, 0, 0) !important;
	display: inline-block !important;
	height: 35px !important;
	margin: 0 0 10px !important;
	width: 250px !important;
}
/***「店舗お気に入り」ボタン***/

#rakutenLimitedId_aroundCart div.shopBkm {
	float: none !important;
	width: 250px !important;
	height: 35px !important;
}
#rakutenLimitedId_aroundCart div.shopBkm {
	padding-left: 0 !important;
}
#rakutenLimitedId_aroundCart div.shopBookmarkArea div.shopBkm a.addShopBkm span.shopBkmStar {
	background: url(""http://www.rakuten.ne.jp/gold/kintsu/images/okini02.jpg"") no-repeat scroll 0 0 rgba(0, 0, 0, 0) !important;
	display: inline-block !important;
	height: 35px !important;
	margin-right: 0 !important;
	width: 250px !important;
}
#rnkInShopPartsArea {
	margin: 0;
	padding: 0;		
}
#rnkInShopMain {
	margin: 0;
	padding: 0;		
}
</style>

<table width=""630"" border=""0"" cellpadding=""0"" cellspacing=""0"" style=""margin: 0 auto;"">
<tr>
<td valign=""top"" align=""left"">

</td>
</tr>
</table>",ギャラクシー A8 カバー ペイズリー TYPE1 au Galaxy A8 SCV32 カバー ケース スマホケース スマホカバー：ケータイ屋24　楽天市場店,スマートフォンアクセサリー携帯ストラップストラップスマホケーススマートフォン ケーススマホピアスイヤホンジャック アクセサリースマートフォンピアスネックストラップスワロフスキー ピアススワロフスキー ストラップスマホカバースマートフォン カバーギャラクシー A8 カバー ペイズリー TYPE1 au Galaxy A8 SCV32 カバー ケース スマホケース スマホカバー,au Galaxy A8 SCV32 カバー ケース。ギャラクシー A8 カバー ペイズリー TYPE1 au Galaxy A8 SCV32 カバー ケース スマホケース スマホカバー[rn]
8-90009,http://tshop.r10s.jp/kintsu/cabinet/plus-s/diary/plus-diary-0080a2.jpg?fitin=700:700,1836.8000,,スマートフォン・タブレット > スマートフォンアクセサリー > スマートフォンケース,Galaxy A8 SCV32 ケース ペイズリー Galaxy A8 SCV32 ギャラクシー GalaxyA8SCV32 ケース カバー SCV32ケース SCV32カバー 手帳 au 手帳型 ギャラクシー サムスン,Galaxy A8 SCV32 手帳型カバー,"<font color=""#ff0000""><b>※ 画像はイメージです。<br>
機種やカメラの位置等によって、デザインの見え方が異ったり<br>絵柄が切れる場合がございます。
<br>
予めご了承ください。</b></font><br><br>
ファッションとして人気のある美しいペイズリー柄をプリントした♪手帳型 ダイアリーケース。バラエティも豊富☆ Galaxy A8 SCV32 ケース<br>
<br><table border=""0"" cellpadding=""2"" cellspacing=""0"" width=""400""><tbody> <tr>
      <td bgcolor=""#cccccc"">　商品特長</td>
    </tr>
    <tr>
      <td><br>
      <font size=""2"">Plus-s(プラスエス)シリーズは、手帳型カバーをベースに、高品質UV硬化型インクにてプリント！商品加工すべてを日本国内の熟練した職人の手作業で行われます。made in japan<br>
      <br>
      しっかりと装着出来、端末を傷から守る事ができる機能性にも優れたケースです。合皮素材で、UV硬化型インクにて高品質プリントを施すことにより、高級感ある仕上がりとなっております。<BR>
      <br>
      </font></td>
    </tr>
    <tr>
      <td align=""center"">&nbsp;<img src=""http://image.rakuten.co.jp/kintsu/cabinet/plus-s/explanation_plus-s.jpg"" /><br>
      <br>
      </td>
    </tr>
    <tr><td align=""left"" bgcolor=""cccccc"">　商品説明</td></tr><tr><td align=""left""><br><font size=""2"" color=""#404040"">
      ・装着したまま充電可能（一部非対応）（卓上ホルダには対応しません）です。<br>
      ・ベースの手帳型ケースは、複数の仕入れ先より入手しており、入荷時期によって形状が若干変わる事があります。<br>
      </font>
      <hr>
      <font size=""2"" color=""#404040"">素材：手帳ケース本体／合皮　<br>ハードケース／ポリカーボネート(ブラックケース)<br>
      加工：UV硬化型インク<br>
      対応機種：Galaxy A8 SCV32<br>
      </font>
      <hr>
      <font size=""2"" color=""#404040"">※機種本体は含まれておりません。<br>
      ※仕様は予告なく変更する場合がございます。
<br>
      ※ 実物の色に近づけるように努めていますが、ご利用のモニター、PCやスマートフォンの環境により掲載写真の色が実物の色と違って見える場合がございます。
</font></td></tr></tbody></table><style type=""text/css"">
span.unit {
	background: url(http://www.rakuten.ne.jp/gold/kintsu/images/cart_up_send.png) no-repeat left top;
	text-indent: -9999;
	display: block;
	width: 325px;
	height: 80;
	margin: 15px 0;
}
span.choice {
	display: inline-block;
	font-size: 15px;
	margin: 5px auto;
	width: 112px;
}
select[name=""choice""] {
	font-size: 15px;
	max-width: 200px;
}
td.inventory_choice_name {
	background-color: #F7F7F7;
}
/***買い物かごまわり全ボタン・入力欄共通***/
input[value=""買い物かごに入れる""] {
	background: url(""http://www.rakuten.ne.jp/gold/kintsu/images/cart04.png"") no-repeat;
	/*border: 1px solid #930;*/
	border: 0;
	height: 45px;
	text-indent: -9999px;
	cursor: pointer !important;
	width: 250px;
	margin-top: 10px;
	display: block;
}
input[value=""買い物かごに入れる""]:not(:target) {
	background-size: cover\9; /* IE9 */
	height: 45px\9;
	width: 250px\9;
}

@media screen and (-ms-high-contrast: active), (-ms-high-contrast: none) {
input[value=""買い物かごに入れる""] {
	background-size: cover;     /* IE10 */
	height: 45px;
	width: 250px;
}
}
input[value=""買い物かごに入れる""]:hover {
	opacity: 0.8;
}
/***「お問合せ」ボタン***/
font input[value=""商品についての問合わせ""] {
	background: url(""http://www.rakuten.ne.jp/gold/kintsu/images/toiawase01.png"") no-repeat;
	/*border: 1px solid #930;*/
	border: 0;
	height: 35px;
	text-indent: -9999px;
	cursor: pointer !important;
	width: 250px;
	margin-top: 10px;
}
font input[value=""商品についての問合わせ""]:hover {
	opacity: 0.7;
}
/***「商品お気に入り」ボタン***/

#rakutenLimitedId_aroundCart div.bkm {
	width: 250px !important;
	height: 35px !important;
}
#rakutenLimitedId_aroundCart div.bkm {
	float: none;
	padding-bottom: 0 !important;
}
#rakutenLimitedId_aroundCart div.bookmarkArea div.bkm a.addBkm span.bkmStar {
	background: url(""http://www.rakuten.ne.jp/gold/kintsu/images/okini01.jpg"") no-repeat scroll 0 0 rgba(0, 0, 0, 0) !important;
	display: inline-block !important;
	height: 35px !important;
	margin: 0 0 10px !important;
	width: 250px !important;
}
/***「店舗お気に入り」ボタン***/

#rakutenLimitedId_aroundCart div.shopBkm {
	float: none !important;
	width: 250px !important;
	height: 35px !important;
}
#rakutenLimitedId_aroundCart div.shopBkm {
	padding-left: 0 !important;
}
#rakutenLimitedId_aroundCart div.shopBookmarkArea div.shopBkm a.addShopBkm span.shopBkmStar {
	background: url(""http://www.rakuten.ne.jp/gold/kintsu/images/okini02.jpg"") no-repeat scroll 0 0 rgba(0, 0, 0, 0) !important;
	display: inline-block !important;
	height: 35px !important;
	margin-right: 0 !important;
	width: 250px !important;
}
#rnkInShopPartsArea {
	margin: 0;
	padding: 0;		
}
#rnkInShopMain {
	margin: 0;
	padding: 0;		
}
</style>

<table width=""630"" border=""0"" cellpadding=""0"" cellspacing=""0"" style=""margin: 0 auto;"">
<tr>
<td valign=""top"" align=""left"">

</td>
</tr>
</table>",Galaxy A8 SCV32 ケース ペイズリー Galaxy A8 SCV32 ギャラクシー GalaxyA8SCV32 ケース カバー SCV32ケース SCV32カバー 手帳 au 手帳型 ギャラクシー サムスン：ケータイ屋24　楽天市場店,スマートフォンアクセサリー携帯ストラップストラップスマホケーススマートフォン ケーススマホピアスイヤホンジャック アクセサリースマートフォンピアスネックストラップスワロフスキー ピアススワロフスキー ストラップスマホカバースマートフォン カバーGalaxy A8 SCV32 ケース ペイズリー Galaxy A8 SCV32 ギャラクシー GalaxyA8SCV32 ケース カバー SCV32ケース SCV32カバー 手帳 au 手帳型 ギャラクシー サムスン,Galaxy A8 SCV32 手帳型カバー。Galaxy A8 SCV32 ケース ペイズリー Galaxy A8 SCV32 ギャラクシー GalaxyA8SCV32 ケース カバー SCV32ケース SCV32カバー 手帳 au 手帳型 ギャラクシー サムスン[rn]
8-90010,http://tshop.r10s.jp/kintsu/cabinet/plus-s/m/scv32/ps-scv32-0117a.jpg?fitin=700:700,1600.0000,,スマートフォン・タブレット > スマートフォンアクセサリー > スマートフォンケース,スノウクリスタル 雪の結晶 TYPE2 au Galaxy A8 SCV32 ケース カバー　ギャラクシー A8 カバー ケース ケース クリア ハードケース スマホケース スマホカバー,au Galaxy A8 SCV32 カバー ケース,"美しい雪の結晶がプリントデザインされたau Galaxy A8 SCV32 クリア ケース。<br><br><table border=""0"" cellpadding=""2"" cellspacing=""0"" width=""400""><tbody> <tr>
      <td bgcolor=""#cccccc"">　商品特長</td>
    </tr>
    <tr>
      <td><br>
      <font size=""2"">Plus-s(プラスエス)シリーズは、ポリカーボネイト製カバーをベースに、高品質UV硬化型インクにてプリント！商品加工すべてを日本国内の熟練した職人の手作業で行われます。made in japan<br>
      <br>
      しっかりと装着出来、端末を傷から守る事ができる機能性にも優れたケースです。ハードケース素材で、UV硬化型インクにて高品質プリントを施すことにより、高級感ある仕上がりとなっております。<BR>
      <BR>
      ジャケットを装着したままで、イヤホンや充電コネクターの接続、タッチパネルの使用など操作性も確保しております。 <BR>
      <br>
      </font></td>
    </tr>
    <tr>
      <td align=""center"">&nbsp;<img src=""http://image.rakuten.co.jp/kintsu/cabinet/plus-s/explanation_plus-s.jpg"" /><br>
      <br>
      </td>
    </tr>
    <tr><td align=""left"" bgcolor=""cccccc"">　商品説明</td></tr><tr><td align=""left""><br><font size=""2"" color=""#404040"">・スマートフォンケース側面への印刷は入りません。<br>
      ・装着したまま充電可能（卓上ホルダには対応しません）です。<br>
      ・ベースのスマートフォンケースは、複数の仕入れ先より入手しており、入荷時期によって形状が若干変わる事があります。<br>
      </font>
      <hr>
      <font size=""2"" color=""#404040"">素材：ケース本体／ポリカーボネート(クリアケース)<br>
      加工：UV硬化型インク（側面にプリントは入りません）<br>
      対応機種・サイズ：au Galaxy A8 SCV32 専用<br>
      </font>
      <hr>
      <font size=""2"" color=""#404040"">※機種本体は含まれておりません。<br>
      ※仕様は予告なく変更する場合がございます。</font></td></tr></tbody></table><style type=""text/css"">
span.unit {
	background: url(http://www.rakuten.ne.jp/gold/kintsu/images/cart_up_send.png) no-repeat left top;
	text-indent: -9999;
	display: block;
	width: 325px;
	height: 80;
	margin: 15px 0;
}
span.choice {
	display: inline-block;
	font-size: 15px;
	margin: 5px auto;
	width: 112px;
}
select[name=""choice""] {
	font-size: 15px;
	max-width: 200px;
}
td.inventory_choice_name {
	background-color: #F7F7F7;
}
/***買い物かごまわり全ボタン・入力欄共通***/
input[value=""買い物かごに入れる""] {
	background: url(""http://www.rakuten.ne.jp/gold/kintsu/images/cart04.png"") no-repeat;
	/*border: 1px solid #930;*/
	border: 0;
	height: 45px;
	text-indent: -9999px;
	cursor: pointer !important;
	width: 250px;
	margin-top: 10px;
	display: block;
}
input[value=""買い物かごに入れる""]:not(:target) {
	background-size: cover\9; /* IE9 */
	height: 45px\9;
	width: 250px\9;
}

@media screen and (-ms-high-contrast: active), (-ms-high-contrast: none) {
input[value=""買い物かごに入れる""] {
	background-size: cover;     /* IE10 */
	height: 45px;
	width: 250px;
}
}
input[value=""買い物かごに入れる""]:hover {
	opacity: 0.8;
}
/***「お問合せ」ボタン***/
font input[value=""商品についての問合わせ""] {
	background: url(""http://www.rakuten.ne.jp/gold/kintsu/images/toiawase01.png"") no-repeat;
	/*border: 1px solid #930;*/
	border: 0;
	height: 35px;
	text-indent: -9999px;
	cursor: pointer !important;
	width: 250px;
	margin-top: 10px;
}
font input[value=""商品についての問合わせ""]:hover {
	opacity: 0.7;
}
/***「商品お気に入り」ボタン***/

#rakutenLimitedId_aroundCart div.bkm {
	width: 250px !important;
	height: 35px !important;
}
#rakutenLimitedId_aroundCart div.bkm {
	float: none;
	padding-bottom: 0 !important;
}
#rakutenLimitedId_aroundCart div.bookmarkArea div.bkm a.addBkm span.bkmStar {
	background: url(""http://www.rakuten.ne.jp/gold/kintsu/images/okini01.jpg"") no-repeat scroll 0 0 rgba(0, 0, 0, 0) !important;
	display: inline-block !important;
	height: 35px !important;
	margin: 0 0 10px !important;
	width: 250px !important;
}
/***「店舗お気に入り」ボタン***/

#rakutenLimitedId_aroundCart div.shopBkm {
	float: none !important;
	width: 250px !important;
	height: 35px !important;
}
#rakutenLimitedId_aroundCart div.shopBkm {
	padding-left: 0 !important;
}
#rakutenLimitedId_aroundCart div.shopBookmarkArea div.shopBkm a.addShopBkm span.shopBkmStar {
	background: url(""http://www.rakuten.ne.jp/gold/kintsu/images/okini02.jpg"") no-repeat scroll 0 0 rgba(0, 0, 0, 0) !important;
	display: inline-block !important;
	height: 35px !important;
	margin-right: 0 !important;
	width: 250px !important;
}
#rnkInShopPartsArea {
	margin: 0;
	padding: 0;		
}
#rnkInShopMain {
	margin: 0;
	padding: 0;		
}
</style>

<table width=""630"" border=""0"" cellpadding=""0"" cellspacing=""0"" style=""margin: 0 auto;"">
<tr>
<td valign=""top"" align=""left"">

</td>
</tr>
</table>",スノウクリスタル 雪の結晶 TYPE2 au Galaxy A8 SCV32 ケース カバー　ギャラクシー A8 カバー ケース ケース クリア ハードケース スマホケース スマホカバー：ケータイ屋24　楽天市場店,スマートフォンアクセサリー携帯ストラップストラップスマホケーススマートフォン ケーススマホピアスイヤホンジャック アクセサリースマートフォンピアスネックストラップスワロフスキー ピアススワロフスキー ストラップスマホカバースマートフォン カバースノウクリスタル 雪の結晶 TYPE2 au Galaxy A8 SCV32 ケース カバー　ギャラクシー A8 カバー ケース ケース クリア ハードケース スマホケース スマホカバー,au Galaxy A8 SCV32 カバー ケース。スノウクリスタル 雪の結晶 TYPE2 au Galaxy A8 SCV32 ケース カバー　ギャラクシー A8 カバー ケース ケース クリア ハードケース スマホケース スマホカバー[rn]
8-90011,http://tshop.r10s.jp/kintsu/cabinet/plus-s/m/scv32/ps-scv32-0339a.jpg?fitin=700:700,1600.0000,,スマートフォン・タブレット > スマートフォンアクセサリー > スマートフォンケース,ギャラクシー A8 カバー コークスクリュー スノーボード スノボー クリア au Galaxy A8 SCV32 カバー ケース スマホケース スマホカバー,au Galaxy A8 SCV32 カバー ケース,"グラトリやハーフパイプを決めるスノーボーダーのau Galaxy A8 SCV32 クリア ケース。裏側が透けるデザインなので、機種本体のデザインが活かされます♪<br><br>
<table border=""0"" cellpadding=""2"" cellspacing=""0"" width=""400"">
 <tbody>
  <tr>
   <td bgcolor=""#cccccc"">　商品特長</td>
  </tr>
  <tr>
   <td><br><font size=""2"">Plus-s(プラスエス)シリーズは、ポリカーボネイト製カバーをベースに、高品質UV硬化型インクにてプリント！商品加工すべてを日本国内の熟練した職人の手作業で行われます。made in japan<br><br>しっかりと装着出来、端末を傷から守る事ができる機能性にも優れたケースです。ハードケース素材で、UV硬化型インクにて高品質プリントを施すことにより、高級感ある仕上がりとなっております。<BR><BR>ジャケットを装着したままで、イヤホンや充電コネクターの接続、タッチパネルの使用など操作性も確保しております。<BR><br></font>
   </td>
  </tr>
  <tr>
   <td align=""center"">&nbsp;<img src=""http://image.rakuten.co.jp/kintsu/cabinet/plus-s/explanation_plus-s.jpg"" /><br><br>
   </td>
  </tr>
  <tr>
   <td align=""left"" bgcolor=""cccccc"">　商品説明</td></tr><tr><td align=""left""><br><font size=""2"" color=""#404040"">・スマートフォンケース側面への印刷は入りません。<br>
      ・装着したまま充電可能（卓上ホルダには対応しません）です。<br>
      ・ベースのスマートフォンケースは、複数の仕入れ先より入手しており、入荷時期によって形状が若干変わる事があります。<br></font>
    <hr>
     <font size=""2"" color=""#404040"">素材：ケース本体／ポリカーボネート(クリアケース)<br>加工：UV硬化型インク（側面にプリントは入りません）<br>対応機種・サイズ：au Galaxy A8 SCV32 専用<br></font>
    <hr>
     <font size=""2"" color=""#404040"">※機種本体は含まれておりません。<br>※仕様は予告なく変更する場合がございます。</font>
   </td>
  </tr>
 </tbody>
</table><style type=""text/css"">
span.unit {
	background: url(http://www.rakuten.ne.jp/gold/kintsu/images/cart_up_send.png) no-repeat left top;
	text-indent: -9999;
	display: block;
	width: 325px;
	height: 80;
	margin: 15px 0;
}
span.choice {
	display: inline-block;
	font-size: 15px;
	margin: 5px auto;
	width: 112px;
}
select[name=""choice""] {
	font-size: 15px;
	max-width: 200px;
}
td.inventory_choice_name {
	background-color: #F7F7F7;
}
/***買い物かごまわり全ボタン・入力欄共通***/
input[value=""買い物かごに入れる""] {
	background: url(""http://www.rakuten.ne.jp/gold/kintsu/images/cart04.png"") no-repeat;
	/*border: 1px solid #930;*/
	border: 0;
	height: 45px;
	text-indent: -9999px;
	cursor: pointer !important;
	width: 250px;
	margin-top: 10px;
	display: block;
}
input[value=""買い物かごに入れる""]:not(:target) {
	background-size: cover\9; /* IE9 */
	height: 45px\9;
	width: 250px\9;
}

@media screen and (-ms-high-contrast: active), (-ms-high-contrast: none) {
input[value=""買い物かごに入れる""] {
	background-size: cover;     /* IE10 */
	height: 45px;
	width: 250px;
}
}
input[value=""買い物かごに入れる""]:hover {
	opacity: 0.8;
}
/***「お問合せ」ボタン***/
font input[value=""商品についての問合わせ""] {
	background: url(""http://www.rakuten.ne.jp/gold/kintsu/images/toiawase01.png"") no-repeat;
	/*border: 1px solid #930;*/
	border: 0;
	height: 35px;
	text-indent: -9999px;
	cursor: pointer !important;
	width: 250px;
	margin-top: 10px;
}
font input[value=""商品についての問合わせ""]:hover {
	opacity: 0.7;
}
/***「商品お気に入り」ボタン***/

#rakutenLimitedId_aroundCart div.bkm {
	width: 250px !important;
	height: 35px !important;
}
#rakutenLimitedId_aroundCart div.bkm {
	float: none;
	padding-bottom: 0 !important;
}
#rakutenLimitedId_aroundCart div.bookmarkArea div.bkm a.addBkm span.bkmStar {
	background: url(""http://www.rakuten.ne.jp/gold/kintsu/images/okini01.jpg"") no-repeat scroll 0 0 rgba(0, 0, 0, 0) !important;
	display: inline-block !important;
	height: 35px !important;
	margin: 0 0 10px !important;
	width: 250px !important;
}
/***「店舗お気に入り」ボタン***/

#rakutenLimitedId_aroundCart div.shopBkm {
	float: none !important;
	width: 250px !important;
	height: 35px !important;
}
#rakutenLimitedId_aroundCart div.shopBkm {
	padding-left: 0 !important;
}
#rakutenLimitedId_aroundCart div.shopBookmarkArea div.shopBkm a.addShopBkm span.shopBkmStar {
	background: url(""http://www.rakuten.ne.jp/gold/kintsu/images/okini02.jpg"") no-repeat scroll 0 0 rgba(0, 0, 0, 0) !important;
	display: inline-block !important;
	height: 35px !important;
	margin-right: 0 !important;
	width: 250px !important;
}
#rnkInShopPartsArea {
	margin: 0;
	padding: 0;		
}
#rnkInShopMain {
	margin: 0;
	padding: 0;		
}
</style>

<table width=""630"" border=""0"" cellpadding=""0"" cellspacing=""0"" style=""margin: 0 auto;"">
<tr>
<td valign=""top"" align=""left"">

</td>
</tr>
</table>",ギャラクシー A8 カバー コークスクリュー スノーボード スノボー クリア au Galaxy A8 SCV32 カバー ケース スマホケース スマホカバー：ケータイ屋24　楽天市場店,スマートフォンアクセサリー携帯ストラップストラップスマホケーススマートフォン ケーススマホピアスイヤホンジャック アクセサリースマートフォンピアスネックストラップスワロフスキー ピアススワロフスキー ストラップスマホカバースマートフォン カバーギャラクシー A8 カバー コークスクリュー スノーボード スノボー クリア au Galaxy A8 SCV32 カバー ケース スマホケース スマホカバー,au Galaxy A8 SCV32 カバー ケース。ギャラクシー A8 カバー コークスクリュー スノーボード スノボー クリア au Galaxy A8 SCV32 カバー ケース スマホケース スマホカバー[rn]
8-90012,http://tshop.r10s.jp/kintsu/cabinet/plus-s/diary/plus-diary-mud0024a2.jpg?fitin=700:700,1836.8000,,スマートフォン・タブレット > スマートフォンアクセサリー > スマートフォンケース,urbano v02 ケース 手帳型 出席簿 ノート おもしろ  v02ケース v02ケース v02ケース v02ケース v02ケース v02ケース v02ケース v02ケース v02ケース v02ケース アルバーノ v02 カバー,アルバーノ v02 カバー 手帳型,"<font color=""#ff0000""><b>※ 画像はイメージです。<br>
機種やカメラの位置等によって、デザインの見え方が異ったり<br>絵柄が切れる場合がございます。
<br>
予めご了承ください。</b></font><br><br>ちょっと懐かしくておもしろユニークなデザインの 手帳型 ダイアリーケース。バラエティも豊富☆ URBANO V02ケース<br>
<br><table border=""0"" cellpadding=""2"" cellspacing=""0"" width=""400""><tbody> <tr>
      <td bgcolor=""#cccccc"">　商品特長</td>
    </tr>
    <tr>
      <td><br>
      <font size=""2"">Plus-s(プラスエス)シリーズは、手帳型カバーをベースに、高品質UV硬化型インクにてプリント！商品加工すべてを日本国内の熟練した職人の手作業で行われます。made in japan<br>
      <br>
      しっかりと装着出来、端末を傷から守る事ができる機能性にも優れたケースです。合皮素材で、UV硬化型インクにて高品質プリントを施すことにより、高級感ある仕上がりとなっております。<BR>
      <br>
      </font></td>
    </tr>
    <tr>
      <td align=""center"">&nbsp;<img src=""http://image.rakuten.co.jp/kintsu/cabinet/plus-s/explanation_plus-s.jpg"" /><br>
      <br>
      </td>
    </tr>
    <tr><td align=""left"" bgcolor=""cccccc"">　商品説明</td></tr><tr><td align=""left""><br><font size=""2"" color=""#404040"">
      ・装着したまま充電可能（一部非対応）（卓上ホルダには対応しません）<br>
      ・ベースの手帳型ケースは、複数の仕入れ先より入手しており、入荷時期によって形状が若干変わる事があります。<br>
      </font>
      <hr>
      <font size=""2"" color=""#404040"">素材：手帳ケース本体／合皮　<br>ハードケース／ポリカーボネート(ブラックケース)<br>
      加工：UV硬化型インク<br>
      対応機種：URBANO V02<br>
      </font>
      <hr>
      <font size=""2"" color=""#404040"">※機種本体は含まれておりません。<br>
      ※仕様は予告なく変更する場合がございます。
<br>
      ※ 実物の色に近づけるように努めていますが、ご利用のモニター、PCやスマートフォンの環境により掲載写真の色が実物の色と違って見える場合がございます。
</font></td></tr></tbody></table><style type=""text/css"">
span.unit {
	background: url(http://www.rakuten.ne.jp/gold/kintsu/images/cart_up_send.png) no-repeat left top;
	text-indent: -9999;
	display: block;
	width: 325px;
	height: 80;
	margin: 15px 0;
}
span.choice {
	display: inline-block;
	font-size: 15px;
	margin: 5px auto;
	width: 112px;
}
select[name=""choice""] {
	font-size: 15px;
	max-width: 200px;
}
td.inventory_choice_name {
	background-color: #F7F7F7;
}
/***買い物かごまわり全ボタン・入力欄共通***/
input[value=""買い物かごに入れる""] {
	background: url(""http://www.rakuten.ne.jp/gold/kintsu/images/cart04.png"") no-repeat;
	/*border: 1px solid #930;*/
	border: 0;
	height: 45px;
	text-indent: -9999px;
	cursor: pointer !important;
	width: 250px;
	margin-top: 10px;
	display: block;
}
input[value=""買い物かごに入れる""]:not(:target) {
	background-size: cover\9; /* IE9 */
	height: 45px\9;
	width: 250px\9;
}

@media screen and (-ms-high-contrast: active), (-ms-high-contrast: none) {
input[value=""買い物かごに入れる""] {
	background-size: cover;     /* IE10 */
	height: 45px;
	width: 250px;
}
}
input[value=""買い物かごに入れる""]:hover {
	opacity: 0.8;
}
/***「お問合せ」ボタン***/
font input[value=""商品についての問合わせ""] {
	background: url(""http://www.rakuten.ne.jp/gold/kintsu/images/toiawase01.png"") no-repeat;
	/*border: 1px solid #930;*/
	border: 0;
	height: 35px;
	text-indent: -9999px;
	cursor: pointer !important;
	width: 250px;
	margin-top: 10px;
}
font input[value=""商品についての問合わせ""]:hover {
	opacity: 0.7;
}
/***「商品お気に入り」ボタン***/

#rakutenLimitedId_aroundCart div.bkm {
	width: 250px !important;
	height: 35px !important;
}
#rakutenLimitedId_aroundCart div.bkm {
	float: none;
	padding-bottom: 0 !important;
}
#rakutenLimitedId_aroundCart div.bookmarkArea div.bkm a.addBkm span.bkmStar {
	background: url(""http://www.rakuten.ne.jp/gold/kintsu/images/okini01.jpg"") no-repeat scroll 0 0 rgba(0, 0, 0, 0) !important;
	display: inline-block !important;
	height: 35px !important;
	margin: 0 0 10px !important;
	width: 250px !important;
}
/***「店舗お気に入り」ボタン***/

#rakutenLimitedId_aroundCart div.shopBkm {
	float: none !important;
	width: 250px !important;
	height: 35px !important;
}
#rakutenLimitedId_aroundCart div.shopBkm {
	padding-left: 0 !important;
}
#rakutenLimitedId_aroundCart div.shopBookmarkArea div.shopBkm a.addShopBkm span.shopBkmStar {
	background: url(""http://www.rakuten.ne.jp/gold/kintsu/images/okini02.jpg"") no-repeat scroll 0 0 rgba(0, 0, 0, 0) !important;
	display: inline-block !important;
	height: 35px !important;
	margin-right: 0 !important;
	width: 250px !important;
}
#rnkInShopPartsArea {
	margin: 0;
	padding: 0;		
}
#rnkInShopMain {
	margin: 0;
	padding: 0;		
}
</style>

<table width=""630"" border=""0"" cellpadding=""0"" cellspacing=""0"" style=""margin: 0 auto;"">
<tr>
<td valign=""top"" align=""left"">

</td>
</tr>
</table>",urbano v02 ケース 手帳型 出席簿 ノート おもしろ  v02ケース v02ケース v02ケース v02ケース v02ケース v02ケース v02ケース v02ケース v02ケース v02ケース アルバーノ v02 カバー：ケータイ屋24　楽天市場店,スマートフォンアクセサリー携帯ストラップストラップスマホケーススマートフォン ケーススマホピアスイヤホンジャック アクセサリースマートフォンピアスネックストラップスワロフスキー ピアススワロフスキー ストラップスマホカバースマートフォン カバーurbano v02 ケース 手帳型 出席簿 ノート おもしろ  v02ケース v02ケース v02ケース v02ケース v02ケース v02ケース v02ケース v02ケース v02ケース v02ケース アルバーノ v02 カバー,アルバーノ v02 カバー 手帳型。urbano v02 ケース 手帳型 出席簿 ノート おもしろ  v02ケース v02ケース v02ケース v02ケース v02ケース v02ケース v02ケース v02ケース v02ケース v02ケース アルバーノ v02 カバー[rn]
8-90013,http://tshop.r10s.jp/kintsu/cabinet/plus-s/n/kyv36/ps-kyv36-1068a.jpg?fitin=700:700,1600.0000,,スマートフォン・タブレット > スマートフォンアクセサリー > スマートフォンケース,黄金の昇鯉 ディグノ カバー DIGNO(R) rafre KYV36 ケース KYV36カバー KYV36ケース DIGNO(R) rafre ケース クリア ハードケース スマホケース スマホカバー 携帯カバー,DIGNO(R) rafre KYV36 2個以上で送料無料！,"美しい昇鯉がプリントデザインされたDIGNO(R) rafre KYV36 クリア ケース。<br><br><table border=""0"" cellpadding=""2"" cellspacing=""0"" width=""400""><tbody> <tr>
      <td bgcolor=""#cccccc"">　商品特長</td>
    </tr>
    <tr>
      <td><br>
      <font size=""2"">Plus-s(プラスエス)シリーズは、ポリカーボネイト製カバーをベースに、高品質UV硬化型インクにてプリント！商品加工すべてを日本国内の熟練した職人の手作業で行われます。made in japan<br>
      <br>
      しっかりと装着出来、端末を傷から守る事ができる機能性にも優れたケースです。ハードケース素材で、UV硬化型インクにて高品質プリントを施すことにより、高級感ある仕上がりとなっております。<BR>
      <BR>
      ジャケットを装着したままで、イヤホンや充電コネクターの接続、タッチパネルの使用など操作性も確保しております。 <BR>
      <br>
      </font></td>
    </tr>
    <tr>
      <td align=""center"">&nbsp;<img src=""http://image.rakuten.co.jp/kintsu/cabinet/plus-s/explanation_plus-s.jpg"" /><br>
      <br>
      </td>
    </tr>
    <tr><td align=""left"" bgcolor=""cccccc"">　商品説明</td></tr><tr><td align=""left""><br><font size=""2"" color=""#404040"">・スマートフォンケース側面への印刷は入りません。<br>
      ・装着したまま充電可能（卓上ホルダには対応しません）です。<br>
      ・ベースのスマートフォンケースは、複数の仕入れ先より入手しており、入荷時期によって形状が若干変わる事があります。<br>
      </font>
      <hr>
      <font size=""2"" color=""#404040"">素材：ケース本体／ポリカーボネート(クリアケース)<br>
      加工：UV硬化型インク（側面にプリントは入りません）<br>
      対応機種・サイズ：DIGNO(R) rafre KYV36 専用<br>
      </font>
      <hr>
      <font size=""2"" color=""#404040"">※機種本体は含まれておりません。<br>
      ※仕様は予告なく変更する場合がございます。</font></td></tr></tbody></table><style type=""text/css"">
span.unit {
	background: url(http://www.rakuten.ne.jp/gold/kintsu/images/cart_up_send.png) no-repeat left top;
	text-indent: -9999;
	display: block;
	width: 325px;
	height: 80;
	margin: 15px 0;
}
span.choice {
	display: inline-block;
	font-size: 15px;
	margin: 5px auto;
	width: 112px;
}
select[name=""choice""] {
	font-size: 15px;
	max-width: 200px;
}
td.inventory_choice_name {
	background-color: #F7F7F7;
}
/***買い物かごまわり全ボタン・入力欄共通***/
input[value=""買い物かごに入れる""] {
	background: url(""http://www.rakuten.ne.jp/gold/kintsu/images/cart04.png"") no-repeat;
	/*border: 1px solid #930;*/
	border: 0;
	height: 45px;
	text-indent: -9999px;
	cursor: pointer !important;
	width: 250px;
	margin-top: 10px;
	display: block;
}
input[value=""買い物かごに入れる""]:not(:target) {
	background-size: cover\9; /* IE9 */
	height: 45px\9;
	width: 250px\9;
}

@media screen and (-ms-high-contrast: active), (-ms-high-contrast: none) {
input[value=""買い物かごに入れる""] {
	background-size: cover;     /* IE10 */
	height: 45px;
	width: 250px;
}
}
input[value=""買い物かごに入れる""]:hover {
	opacity: 0.8;
}
/***「お問合せ」ボタン***/
font input[value=""商品についての問合わせ""] {
	background: url(""http://www.rakuten.ne.jp/gold/kintsu/images/toiawase01.png"") no-repeat;
	/*border: 1px solid #930;*/
	border: 0;
	height: 35px;
	text-indent: -9999px;
	cursor: pointer !important;
	width: 250px;
	margin-top: 10px;
}
font input[value=""商品についての問合わせ""]:hover {
	opacity: 0.7;
}
/***「商品お気に入り」ボタン***/

#rakutenLimitedId_aroundCart div.bkm {
	width: 250px !important;
	height: 35px !important;
}
#rakutenLimitedId_aroundCart div.bkm {
	float: none;
	padding-bottom: 0 !important;
}
#rakutenLimitedId_aroundCart div.bookmarkArea div.bkm a.addBkm span.bkmStar {
	background: url(""http://www.rakuten.ne.jp/gold/kintsu/images/okini01.jpg"") no-repeat scroll 0 0 rgba(0, 0, 0, 0) !important;
	display: inline-block !important;
	height: 35px !important;
	margin: 0 0 10px !important;
	width: 250px !important;
}
/***「店舗お気に入り」ボタン***/

#rakutenLimitedId_aroundCart div.shopBkm {
	float: none !important;
	width: 250px !important;
	height: 35px !important;
}
#rakutenLimitedId_aroundCart div.shopBkm {
	padding-left: 0 !important;
}
#rakutenLimitedId_aroundCart div.shopBookmarkArea div.shopBkm a.addShopBkm span.shopBkmStar {
	background: url(""http://www.rakuten.ne.jp/gold/kintsu/images/okini02.jpg"") no-repeat scroll 0 0 rgba(0, 0, 0, 0) !important;
	display: inline-block !important;
	height: 35px !important;
	margin-right: 0 !important;
	width: 250px !important;
}
#rnkInShopPartsArea {
	margin: 0;
	padding: 0;		
}
#rnkInShopMain {
	margin: 0;
	padding: 0;		
}
</style>

<table width=""630"" border=""0"" cellpadding=""0"" cellspacing=""0"" style=""margin: 0 auto;"">
<tr>
<td valign=""top"" align=""left"">

</td>
</tr>
</table>",黄金の昇鯉 ディグノ カバー DIGNO(R) rafre KYV36 ケース KYV36カバー KYV36ケース DIGNO(R) rafre ケース クリア ハードケース スマホケース スマホカバー 携帯カバー：ケータイ屋24　楽天市場店,スマートフォンアクセサリー携帯ストラップストラップスマホケーススマートフォン ケーススマホピアスイヤホンジャック アクセサリースマートフォンピアスネックストラップスワロフスキー ピアススワロフスキー ストラップスマホカバースマートフォン カバー黄金の昇鯉 ディグノ カバー DIGNO(R) rafre KYV36 ケース KYV36カバー KYV36ケース DIGNO(R) rafre ケース クリア ハードケース スマホケース スマホカバー 携帯カバー,DIGNO(R) rafre KYV36 2個以上で送料無料！。黄金の昇鯉 ディグノ カバー DIGNO(R) rafre KYV36 ケース KYV36カバー KYV36ケース DIGNO(R) rafre ケース クリア ハードケース スマホケース スマホカバー 携帯カバー[rn]
8-90014,http://tshop.r10s.jp/kintsu/cabinet/plus-s/n/kyv36/ps-kyv36-1157a.jpg?fitin=700:700,1600.0000,,スマートフォン・タブレット > スマートフォンアクセサリー > スマートフォンケース,不思議の国のアリス お茶会 顔ちかシリーズ ディグノ カバー DIGNO(R) rafre KYV36 ケース KYV36カバー KYV36ケース DIGNO(R) rafre ケース クリア ハードケース スマホケース スマホカバー 携帯カバー,DIGNO(R) rafre KYV36 2個以上で送料無料！,"顔ちかシリーズ　アリスとお茶会♪ DIGNO(R) rafre KYV36 クリア ケース。裏側が透けるデザインなので、機種本体のデザインが活かされます♪<br><br><table border=""0"" cellpadding=""2"" cellspacing=""0"" width=""400""><tbody> <tr>
      <td bgcolor=""#cccccc"">　商品特長</td>
    </tr>
    <tr>
      <td><br>
      <font size=""2"">Plus-s(プラスエス)シリーズは、ポリカーボネイト製カバーをベースに、高品質UV硬化型インクにてプリント！商品加工すべてを日本国内の熟練した職人の手作業で行われます。made in japan<br>
      <br>
      しっかりと装着出来、端末を傷から守る事ができる機能性にも優れたケースです。ハードケース素材で、UV硬化型インクにて高品質プリントを施すことにより、高級感ある仕上がりとなっております。<BR>
      <BR>
      ジャケットを装着したままで、イヤホンや充電コネクターの接続、タッチパネルの使用など操作性も確保しております。 <BR>
      <br>
      </font></td>
    </tr>
    <tr>
      <td align=""center"">&nbsp;<img src=""http://image.rakuten.co.jp/kintsu/cabinet/plus-s/explanation_plus-s.jpg"" /><br>
      <br>
      </td>
    </tr>
    <tr><td align=""left"" bgcolor=""cccccc"">　商品説明</td></tr><tr><td align=""left""><br><font size=""2"" color=""#404040"">・スマートフォンケース側面への印刷は入りません。<br>
      ・装着したまま充電可能（卓上ホルダには対応しません）です。<br>
      ・ベースのスマートフォンケースは、複数の仕入れ先より入手しており、入荷時期によって形状が若干変わる事があります。<br>
      </font>
      <hr>
      <font size=""2"" color=""#404040"">素材：ケース本体／ポリカーボネート(クリアケース)<br>
      加工：UV硬化型インク（側面にプリントは入りません）<br>
      対応機種・サイズ：DIGNO(R) rafre KYV36 専用<br>
      </font>
      <hr>
      <font size=""2"" color=""#404040"">※機種本体は含まれておりません。<br>
      ※仕様は予告なく変更する場合がございます。</font></td></tr></tbody></table><style type=""text/css"">
span.unit {
	background: url(http://www.rakuten.ne.jp/gold/kintsu/images/cart_up_send.png) no-repeat left top;
	text-indent: -9999;
	display: block;
	width: 325px;
	height: 80;
	margin: 15px 0;
}
span.choice {
	display: inline-block;
	font-size: 15px;
	margin: 5px auto;
	width: 112px;
}
select[name=""choice""] {
	font-size: 15px;
	max-width: 200px;
}
td.inventory_choice_name {
	background-color: #F7F7F7;
}
/***買い物かごまわり全ボタン・入力欄共通***/
input[value=""買い物かごに入れる""] {
	background: url(""http://www.rakuten.ne.jp/gold/kintsu/images/cart04.png"") no-repeat;
	/*border: 1px solid #930;*/
	border: 0;
	height: 45px;
	text-indent: -9999px;
	cursor: pointer !important;
	width: 250px;
	margin-top: 10px;
	display: block;
}
input[value=""買い物かごに入れる""]:not(:target) {
	background-size: cover\9; /* IE9 */
	height: 45px\9;
	width: 250px\9;
}

@media screen and (-ms-high-contrast: active), (-ms-high-contrast: none) {
input[value=""買い物かごに入れる""] {
	background-size: cover;     /* IE10 */
	height: 45px;
	width: 250px;
}
}
input[value=""買い物かごに入れる""]:hover {
	opacity: 0.8;
}
/***「お問合せ」ボタン***/
font input[value=""商品についての問合わせ""] {
	background: url(""http://www.rakuten.ne.jp/gold/kintsu/images/toiawase01.png"") no-repeat;
	/*border: 1px solid #930;*/
	border: 0;
	height: 35px;
	text-indent: -9999px;
	cursor: pointer !important;
	width: 250px;
	margin-top: 10px;
}
font input[value=""商品についての問合わせ""]:hover {
	opacity: 0.7;
}
/***「商品お気に入り」ボタン***/

#rakutenLimitedId_aroundCart div.bkm {
	width: 250px !important;
	height: 35px !important;
}
#rakutenLimitedId_aroundCart div.bkm {
	float: none;
	padding-bottom: 0 !important;
}
#rakutenLimitedId_aroundCart div.bookmarkArea div.bkm a.addBkm span.bkmStar {
	background: url(""http://www.rakuten.ne.jp/gold/kintsu/images/okini01.jpg"") no-repeat scroll 0 0 rgba(0, 0, 0, 0) !important;
	display: inline-block !important;
	height: 35px !important;
	margin: 0 0 10px !important;
	width: 250px !important;
}
/***「店舗お気に入り」ボタン***/

#rakutenLimitedId_aroundCart div.shopBkm {
	float: none !important;
	width: 250px !important;
	height: 35px !important;
}
#rakutenLimitedId_aroundCart div.shopBkm {
	padding-left: 0 !important;
}
#rakutenLimitedId_aroundCart div.shopBookmarkArea div.shopBkm a.addShopBkm span.shopBkmStar {
	background: url(""http://www.rakuten.ne.jp/gold/kintsu/images/okini02.jpg"") no-repeat scroll 0 0 rgba(0, 0, 0, 0) !important;
	display: inline-block !important;
	height: 35px !important;
	margin-right: 0 !important;
	width: 250px !important;
}
#rnkInShopPartsArea {
	margin: 0;
	padding: 0;		
}
#rnkInShopMain {
	margin: 0;
	padding: 0;		
}
</style>

<table width=""630"" border=""0"" cellpadding=""0"" cellspacing=""0"" style=""margin: 0 auto;"">
<tr>
<td valign=""top"" align=""left"">

</td>
</tr>
</table>",不思議の国のアリス お茶会 顔ちかシリーズ ディグノ カバー DIGNO(R) rafre KYV36 ケース KYV36カバー KYV36ケース DIGNO(R) rafre ケース クリア ハードケース スマホケース スマホカバー 携帯カバー：ケータイ屋24　楽天市場店,スマートフォンアクセサリー携帯ストラップストラップスマホケーススマートフォン ケーススマホピアスイヤホンジャック アクセサリースマートフォンピアスネックストラップスワロフスキー ピアススワロフスキー ストラップスマホカバースマートフォン カバー不思議の国のアリス お茶会 顔ちかシリーズ ディグノ カバー DIGNO(R) rafre KYV36 ケース KYV36カバー KYV36ケース DIGNO(R) rafre ケース クリア ハードケース スマホケース スマホカバー 携帯カバー,DIGNO(R) rafre KYV36 2個以上で送料無料！。不思議の国のアリス お茶会 顔ちかシリーズ ディグノ カバー DIGNO(R) rafre KYV36 ケース KYV36カバー KYV36ケース DIGNO(R) rafre ケース クリア ハードケース スマホケース スマホカバー 携帯カバー[rn]
8-90015,http://tshop.r10s.jp/kintsu/cabinet/plus-s/diary/plus-diary-ikd0002a2.jpg?fitin=700:700,1836.8000,,スマートフォン・タブレット > スマートフォンアクセサリー > スマートフォンケース,urbano v02 ケース 手帳型 アニマル 迷彩 カモフラージュ v02ケース v02ケース v02ケース v02ケース v02ケース v02ケース v02ケース v02ケース v02ケース v02ケース アルバーノ v02 カバー,V02 ケース 手帳型 スマホケース 手帳ケース☆,"<font color=""#ff0000""><b>※ 画像はイメージです。<br>
機種やカメラの位置等によって、デザインの見え方が異ったり<br>絵柄が切れる場合がございます。
<br>
予めご了承ください。</b></font><br><br>
アニマル 迷彩 カモフラージュ 手帳型 ダイアリーケース。バラエティも豊富☆ URBANO V02ケース<br>
<br><table border=""0"" cellpadding=""2"" cellspacing=""0"" width=""400""><tbody> <tr>
      <td bgcolor=""#cccccc"">　商品特長</td>
    </tr>
    <tr>
      <td><br>
      <font size=""2"">Plus-s(プラスエス)シリーズは、手帳型カバーをベースに、高品質UV硬化型インクにてプリント！商品加工すべてを日本国内の熟練した職人の手作業で行われます。made in japan<br>
      <br>
      しっかりと装着出来、端末を傷から守る事ができる機能性にも優れたケースです。合皮素材で、UV硬化型インクにて高品質プリントを施すことにより、高級感ある仕上がりとなっております。<BR>
      <br>
      </font></td>
    </tr>
    <tr>
      <td align=""center"">&nbsp;<img src=""http://image.rakuten.co.jp/kintsu/cabinet/plus-s/explanation_plus-s.jpg"" /><br>
      <br>
      </td>
    </tr>
    <tr><td align=""left"" bgcolor=""cccccc"">　商品説明</td></tr><tr><td align=""left""><br><font size=""2"" color=""#404040"">
      ・装着したまま充電可能（一部非対応）（卓上ホルダには対応しません）<br>
      ・ベースの手帳型ケースは、複数の仕入れ先より入手しており、入荷時期によって形状が若干変わる事があります。<br>
      </font>
      <hr>
      <font size=""2"" color=""#404040"">素材：手帳ケース本体／合皮　<br>ハードケース／ポリカーボネート(ブラックケース)<br>
      加工：UV硬化型インク<br>
      対応機種：URBANO V02<br>
      </font>
      <hr>
      <font size=""2"" color=""#404040"">※機種本体は含まれておりません。<br>
      ※仕様は予告なく変更する場合がございます。
<br>
      ※ 実物の色に近づけるように努めていますが、ご利用のモニター、PCやスマートフォンの環境により掲載写真の色が実物の色と違って見える場合がございます。
</font></td></tr></tbody></table><style type=""text/css"">
span.unit {
	background: url(http://www.rakuten.ne.jp/gold/kintsu/images/cart_up_send.png) no-repeat left top;
	text-indent: -9999;
	display: block;
	width: 325px;
	height: 80;
	margin: 15px 0;
}
span.choice {
	display: inline-block;
	font-size: 15px;
	margin: 5px auto;
	width: 112px;
}
select[name=""choice""] {
	font-size: 15px;
	max-width: 200px;
}
td.inventory_choice_name {
	background-color: #F7F7F7;
}
/***買い物かごまわり全ボタン・入力欄共通***/
input[value=""買い物かごに入れる""] {
	background: url(""http://www.rakuten.ne.jp/gold/kintsu/images/cart04.png"") no-repeat;
	/*border: 1px solid #930;*/
	border: 0;
	height: 45px;
	text-indent: -9999px;
	cursor: pointer !important;
	width: 250px;
	margin-top: 10px;
	display: block;
}
input[value=""買い物かごに入れる""]:not(:target) {
	background-size: cover\9; /* IE9 */
	height: 45px\9;
	width: 250px\9;
}

@media screen and (-ms-high-contrast: active), (-ms-high-contrast: none) {
input[value=""買い物かごに入れる""] {
	background-size: cover;     /* IE10 */
	height: 45px;
	width: 250px;
}
}
input[value=""買い物かごに入れる""]:hover {
	opacity: 0.8;
}
/***「お問合せ」ボタン***/
font input[value=""商品についての問合わせ""] {
	background: url(""http://www.rakuten.ne.jp/gold/kintsu/images/toiawase01.png"") no-repeat;
	/*border: 1px solid #930;*/
	border: 0;
	height: 35px;
	text-indent: -9999px;
	cursor: pointer !important;
	width: 250px;
	margin-top: 10px;
}
font input[value=""商品についての問合わせ""]:hover {
	opacity: 0.7;
}
/***「商品お気に入り」ボタン***/

#rakutenLimitedId_aroundCart div.bkm {
	width: 250px !important;
	height: 35px !important;
}
#rakutenLimitedId_aroundCart div.bkm {
	float: none;
	padding-bottom: 0 !important;
}
#rakutenLimitedId_aroundCart div.bookmarkArea div.bkm a.addBkm span.bkmStar {
	background: url(""http://www.rakuten.ne.jp/gold/kintsu/images/okini01.jpg"") no-repeat scroll 0 0 rgba(0, 0, 0, 0) !important;
	display: inline-block !important;
	height: 35px !important;
	margin: 0 0 10px !important;
	width: 250px !important;
}
/***「店舗お気に入り」ボタン***/

#rakutenLimitedId_aroundCart div.shopBkm {
	float: none !important;
	width: 250px !important;
	height: 35px !important;
}
#rakutenLimitedId_aroundCart div.shopBkm {
	padding-left: 0 !important;
}
#rakutenLimitedId_aroundCart div.shopBookmarkArea div.shopBkm a.addShopBkm span.shopBkmStar {
	background: url(""http://www.rakuten.ne.jp/gold/kintsu/images/okini02.jpg"") no-repeat scroll 0 0 rgba(0, 0, 0, 0) !important;
	display: inline-block !important;
	height: 35px !important;
	margin-right: 0 !important;
	width: 250px !important;
}
#rnkInShopPartsArea {
	margin: 0;
	padding: 0;		
}
#rnkInShopMain {
	margin: 0;
	padding: 0;		
}
</style>

<table width=""630"" border=""0"" cellpadding=""0"" cellspacing=""0"" style=""margin: 0 auto;"">
<tr>
<td valign=""top"" align=""left"">

</td>
</tr>
</table>",urbano v02 ケース 手帳型 アニマル 迷彩 カモフラージュ v02ケース v02ケース v02ケース v02ケース v02ケース v02ケース v02ケース v02ケース v02ケース v02ケース アルバーノ v02 カバー：ケータイ屋24　楽天市場店,スマートフォンアクセサリー携帯ストラップストラップスマホケーススマートフォン ケーススマホピアスイヤホンジャック アクセサリースマートフォンピアスネックストラップスワロフスキー ピアススワロフスキー ストラップスマホカバースマートフォン カバーurbano v02 ケース 手帳型 アニマル 迷彩 カモフラージュ v02ケース v02ケース v02ケース v02ケース v02ケース v02ケース v02ケース v02ケース v02ケース v02ケース アルバーノ v02 カバー,V02 ケース 手帳型 スマホケース 手帳ケース☆。urbano v02 ケース 手帳型 アニマル 迷彩 カモフラージュ v02ケース v02ケース v02ケース v02ケース v02ケース v02ケース v02ケース v02ケース v02ケース v02ケース アルバーノ v02 カバー[rn]
8-90016,http://tshop.r10s.jp/kintsu/cabinet/plus-s/m/kyv36/ps-kyv36-0115a.jpg?fitin=700:700,1600.0000,,スマートフォン・タブレット > スマートフォンアクセサリー > スマートフォンケース,ワレワレハ‥宇宙人 ディグノ カバー DIGNO(R) rafre KYV36 ケース KYV36カバー KYV36ケース DIGNO(R) rafre ケース クリア ハードケース スマホケース スマホカバー 携帯カバー,DIGNO(R) rafre KYV36 2個以上で送料無料！,"ワレワレハ‥宇宙人 DIGNO(R) rafre KYV36 クリア ケース。<br><br><table border=""0"" cellpadding=""2"" cellspacing=""0"" width=""400""><tbody> <tr>
      <td bgcolor=""#cccccc"">　商品特長</td>
    </tr>
    <tr>
      <td><br>
      <font size=""2"">Plus-s(プラスエス)シリーズは、ポリカーボネイト製カバーをベースに、高品質UV硬化型インクにてプリント！商品加工すべてを日本国内の熟練した職人の手作業で行われます。made in japan<br>
      <br>
      しっかりと装着出来、端末を傷から守る事ができる機能性にも優れたケースです。ハードケース素材で、UV硬化型インクにて高品質プリントを施すことにより、高級感ある仕上がりとなっております。<BR>
      <BR>
      ジャケットを装着したままで、イヤホンや充電コネクターの接続、タッチパネルの使用など操作性も確保しております。 <BR>
      <br>
      </font></td>
    </tr>
    <tr>
      <td align=""center"">&nbsp;<img src=""http://image.rakuten.co.jp/kintsu/cabinet/plus-s/explanation_plus-s.jpg"" /><br>
      <br>
      </td>
    </tr>
    <tr><td align=""left"" bgcolor=""cccccc"">　商品説明</td></tr><tr><td align=""left""><br><font size=""2"" color=""#404040"">・スマートフォンケース側面への印刷は入りません。<br>
      ・装着したまま充電可能（卓上ホルダには対応しません）です。<br>
      ・ベースのスマートフォンケースは、複数の仕入れ先より入手しており、入荷時期によって形状が若干変わる事があります。<br>
      </font>
      <hr>
      <font size=""2"" color=""#404040"">素材：ケース本体／ポリカーボネート(クリアケース)<br>
      加工：UV硬化型インク（側面にプリントは入りません）<br>
      対応機種・サイズ：DIGNO(R) rafre KYV36 専用<br>
      </font>
      <hr>
      <font size=""2"" color=""#404040"">※機種本体は含まれておりません。<br>
      ※仕様は予告なく変更する場合がございます。</font></td></tr></tbody></table><style type=""text/css"">
span.unit {
	background: url(http://www.rakuten.ne.jp/gold/kintsu/images/cart_up_send.png) no-repeat left top;
	text-indent: -9999;
	display: block;
	width: 325px;
	height: 80;
	margin: 15px 0;
}
span.choice {
	display: inline-block;
	font-size: 15px;
	margin: 5px auto;
	width: 112px;
}
select[name=""choice""] {
	font-size: 15px;
	max-width: 200px;
}
td.inventory_choice_name {
	background-color: #F7F7F7;
}
/***買い物かごまわり全ボタン・入力欄共通***/
input[value=""買い物かごに入れる""] {
	background: url(""http://www.rakuten.ne.jp/gold/kintsu/images/cart04.png"") no-repeat;
	/*border: 1px solid #930;*/
	border: 0;
	height: 45px;
	text-indent: -9999px;
	cursor: pointer !important;
	width: 250px;
	margin-top: 10px;
	display: block;
}
input[value=""買い物かごに入れる""]:not(:target) {
	background-size: cover\9; /* IE9 */
	height: 45px\9;
	width: 250px\9;
}

@media screen and (-ms-high-contrast: active), (-ms-high-contrast: none) {
input[value=""買い物かごに入れる""] {
	background-size: cover;     /* IE10 */
	height: 45px;
	width: 250px;
}
}
input[value=""買い物かごに入れる""]:hover {
	opacity: 0.8;
}
/***「お問合せ」ボタン***/
font input[value=""商品についての問合わせ""] {
	background: url(""http://www.rakuten.ne.jp/gold/kintsu/images/toiawase01.png"") no-repeat;
	/*border: 1px solid #930;*/
	border: 0;
	height: 35px;
	text-indent: -9999px;
	cursor: pointer !important;
	width: 250px;
	margin-top: 10px;
}
font input[value=""商品についての問合わせ""]:hover {
	opacity: 0.7;
}
/***「商品お気に入り」ボタン***/

#rakutenLimitedId_aroundCart div.bkm {
	width: 250px !important;
	height: 35px !important;
}
#rakutenLimitedId_aroundCart div.bkm {
	float: none;
	padding-bottom: 0 !important;
}
#rakutenLimitedId_aroundCart div.bookmarkArea div.bkm a.addBkm span.bkmStar {
	background: url(""http://www.rakuten.ne.jp/gold/kintsu/images/okini01.jpg"") no-repeat scroll 0 0 rgba(0, 0, 0, 0) !important;
	display: inline-block !important;
	height: 35px !important;
	margin: 0 0 10px !important;
	width: 250px !important;
}
/***「店舗お気に入り」ボタン***/

#rakutenLimitedId_aroundCart div.shopBkm {
	float: none !important;
	width: 250px !important;
	height: 35px !important;
}
#rakutenLimitedId_aroundCart div.shopBkm {
	padding-left: 0 !important;
}
#rakutenLimitedId_aroundCart div.shopBookmarkArea div.shopBkm a.addShopBkm span.shopBkmStar {
	background: url(""http://www.rakuten.ne.jp/gold/kintsu/images/okini02.jpg"") no-repeat scroll 0 0 rgba(0, 0, 0, 0) !important;
	display: inline-block !important;
	height: 35px !important;
	margin-right: 0 !important;
	width: 250px !important;
}
#rnkInShopPartsArea {
	margin: 0;
	padding: 0;		
}
#rnkInShopMain {
	margin: 0;
	padding: 0;		
}
</style>

<table width=""630"" border=""0"" cellpadding=""0"" cellspacing=""0"" style=""margin: 0 auto;"">
<tr>
<td valign=""top"" align=""left"">

</td>
</tr>
</table>",ワレワレハ‥宇宙人 ディグノ カバー DIGNO(R) rafre KYV36 ケース KYV36カバー KYV36ケース DIGNO(R) rafre ケース クリア ハードケース スマホケース スマホカバー 携帯カバー：ケータイ屋24　楽天市場店,スマートフォンアクセサリー携帯ストラップストラップスマホケーススマートフォン ケーススマホピアスイヤホンジャック アクセサリースマートフォンピアスネックストラップスワロフスキー ピアススワロフスキー ストラップスマホカバースマートフォン カバーワレワレハ‥宇宙人 ディグノ カバー DIGNO(R) rafre KYV36 ケース KYV36カバー KYV36ケース DIGNO(R) rafre ケース クリア ハードケース スマホケース スマホカバー 携帯カバー,DIGNO(R) rafre KYV36 2個以上で送料無料！。ワレワレハ‥宇宙人 ディグノ カバー DIGNO(R) rafre KYV36 ケース KYV36カバー KYV36ケース DIGNO(R) rafre ケース クリア ハードケース スマホケース スマホカバー 携帯カバー[rn]
8-90017,http://tshop.r10s.jp/kintsu/cabinet/plus-s/diary/plus-diary-icd0036a2.jpg?fitin=700:700,1836.8000,,スマートフォン・タブレット > スマートフォンアクセサリー > スマートフォンケース,DIGNO(R) rafre KYV36 手帳型ケース au 手帳型ケース ディグノ ケース 手帳型 サングラス ハワイ ビーチ 南国 カバー kyv36 ケース kyv36 カバー ディグノ ケース カバー おしゃれ かわいい 手帳型スマホケース スマホケース スマホカバー,KYV36 ケース 手帳型 スマホケース 手帳ケース☆,"<font color=""#ff0000""><b>※ 画像はイメージです。<br>
機種やカメラの位置等によって、デザインの見え方が異ったり<br>絵柄が切れる場合がございます。
<br>
予めご了承ください。</b></font><br><br>
様々なハワイの美しい景色が写るサングラスの 手帳型 ダイアリーケース。バラエティも豊富☆ DIGNO(R) rafre KYV36ケース<br>
<br><table border=""0"" cellpadding=""2"" cellspacing=""0"" width=""400""><tbody> <tr>
      <td bgcolor=""#cccccc"">　商品特長</td>
    </tr>
    <tr>
      <td><br>
      <font size=""2"">Plus-s(プラスエス)シリーズは、手帳型カバーをベースに、高品質UV硬化型インクにてプリント！商品加工すべてを日本国内の熟練した職人の手作業で行われます。made in japan<br>
      <br>
      しっかりと装着出来、端末を傷から守る事ができる機能性にも優れたケースです。合皮素材で、UV硬化型インクにて高品質プリントを施すことにより、高級感ある仕上がりとなっております。<BR>
      <br>
      </font></td>
    </tr>
    <tr>
      <td align=""center"">&nbsp;<img src=""http://image.rakuten.co.jp/kintsu/cabinet/plus-s/explanation_plus-s.jpg"" /><br>
      <br>
      </td>
    </tr>
    <tr><td align=""left"" bgcolor=""cccccc"">　商品説明</td></tr><tr><td align=""left""><br><font size=""2"" color=""#404040"">
      ・装着したまま充電可能（一部非対応）（卓上ホルダには対応しません）<br>
      ・ベースの手帳型ケースは、複数の仕入れ先より入手しており、入荷時期によって形状が若干変わる事があります。<br>
      </font>
      <hr>
      <font size=""2"" color=""#404040"">素材：手帳ケース本体／合皮　<br>ハードケース／ポリカーボネート(ブラックケース)<br>
      加工：UV硬化型インク<br>
      対応機種：DIGNO(R) rafre KYV36<br>
      </font>
      <hr>
      <font size=""2"" color=""#404040"">※機種本体は含まれておりません。<br>
      ※仕様は予告なく変更する場合がございます。
<br>
      ※ 実物の色に近づけるように努めていますが、ご利用のモニター、PCやスマートフォンの環境により掲載写真の色が実物の色と違って見える場合がございます。
</font></td></tr></tbody></table><style type=""text/css"">
span.unit {
	background: url(http://www.rakuten.ne.jp/gold/kintsu/images/cart_up_send.png) no-repeat left top;
	text-indent: -9999;
	display: block;
	width: 325px;
	height: 80;
	margin: 15px 0;
}
span.choice {
	display: inline-block;
	font-size: 15px;
	margin: 5px auto;
	width: 112px;
}
select[name=""choice""] {
	font-size: 15px;
	max-width: 200px;
}
td.inventory_choice_name {
	background-color: #F7F7F7;
}
/***買い物かごまわり全ボタン・入力欄共通***/
input[value=""買い物かごに入れる""] {
	background: url(""http://www.rakuten.ne.jp/gold/kintsu/images/cart04.png"") no-repeat;
	/*border: 1px solid #930;*/
	border: 0;
	height: 45px;
	text-indent: -9999px;
	cursor: pointer !important;
	width: 250px;
	margin-top: 10px;
	display: block;
}
input[value=""買い物かごに入れる""]:not(:target) {
	background-size: cover\9; /* IE9 */
	height: 45px\9;
	width: 250px\9;
}

@media screen and (-ms-high-contrast: active), (-ms-high-contrast: none) {
input[value=""買い物かごに入れる""] {
	background-size: cover;     /* IE10 */
	height: 45px;
	width: 250px;
}
}
input[value=""買い物かごに入れる""]:hover {
	opacity: 0.8;
}
/***「お問合せ」ボタン***/
font input[value=""商品についての問合わせ""] {
	background: url(""http://www.rakuten.ne.jp/gold/kintsu/images/toiawase01.png"") no-repeat;
	/*border: 1px solid #930;*/
	border: 0;
	height: 35px;
	text-indent: -9999px;
	cursor: pointer !important;
	width: 250px;
	margin-top: 10px;
}
font input[value=""商品についての問合わせ""]:hover {
	opacity: 0.7;
}
/***「商品お気に入り」ボタン***/

#rakutenLimitedId_aroundCart div.bkm {
	width: 250px !important;
	height: 35px !important;
}
#rakutenLimitedId_aroundCart div.bkm {
	float: none;
	padding-bottom: 0 !important;
}
#rakutenLimitedId_aroundCart div.bookmarkArea div.bkm a.addBkm span.bkmStar {
	background: url(""http://www.rakuten.ne.jp/gold/kintsu/images/okini01.jpg"") no-repeat scroll 0 0 rgba(0, 0, 0, 0) !important;
	display: inline-block !important;
	height: 35px !important;
	margin: 0 0 10px !important;
	width: 250px !important;
}
/***「店舗お気に入り」ボタン***/

#rakutenLimitedId_aroundCart div.shopBkm {
	float: none !important;
	width: 250px !important;
	height: 35px !important;
}
#rakutenLimitedId_aroundCart div.shopBkm {
	padding-left: 0 !important;
}
#rakutenLimitedId_aroundCart div.shopBookmarkArea div.shopBkm a.addShopBkm span.shopBkmStar {
	background: url(""http://www.rakuten.ne.jp/gold/kintsu/images/okini02.jpg"") no-repeat scroll 0 0 rgba(0, 0, 0, 0) !important;
	display: inline-block !important;
	height: 35px !important;
	margin-right: 0 !important;
	width: 250px !important;
}
#rnkInShopPartsArea {
	margin: 0;
	padding: 0;		
}
#rnkInShopMain {
	margin: 0;
	padding: 0;		
}
</style>

<table width=""630"" border=""0"" cellpadding=""0"" cellspacing=""0"" style=""margin: 0 auto;"">
<tr>
<td valign=""top"" align=""left"">

</td>
</tr>
</table>",DIGNO(R) rafre KYV36 手帳型ケース au 手帳型ケース ディグノ ケース 手帳型 サングラス ハワイ ビーチ 南国 カバー kyv36 ケース kyv36 カバー ディグノ ケース カバー おしゃれ かわいい 手帳型スマホケース スマホケース スマホカバー：ケータイ屋24　楽天市場店,スマートフォンアクセサリー携帯ストラップストラップスマホケーススマートフォン ケーススマホピアスイヤホンジャック アクセサリースマートフォンピアスネックストラップスワロフスキー ピアススワロフスキー ストラップスマホカバースマートフォン カバーDIGNO(R) rafre KYV36 手帳型ケース au 手帳型ケース ディグノ ケース 手帳型 サングラス ハワイ ビーチ 南国 カバー kyv36 ケース kyv36 カバー ディグノ ケース カバー おしゃれ かわいい 手帳型スマホケース スマホケース スマホカバー,KYV36 ケース 手帳型 スマホケース 手帳ケース☆。DIGNO(R) rafre KYV36 手帳型ケース au 手帳型ケース ディグノ ケース 手帳型 サングラス ハワイ ビーチ 南国 カバー kyv36 ケース kyv36 カバー ディグノ ケース カバー おしゃれ かわいい 手帳型スマホケース スマホケース スマホカバー[rn]
8-90018,http://tshop.r10s.jp/kintsu/cabinet/plus-s/m/kyv36/ps-kyv36-0049a.jpg?fitin=700:700,1600.0000,,スマートフォン・タブレット > スマートフォンアクセサリー > スマートフォンケース,ディグノ カバー 非情口 COOL EXIT 非常口 KYV36 ケース KYV36 ケース KYV36 ケース KYV36 ケース KYV36 ケース KYV36 ケース ディグノ スマホケース スマホカバー,DIGNO(R) rafre KYV36 2個以上で送料無料！,"パロディ非情口のロゴDIGNO(R) rafre KYV36 クリア ケース。インパクト大！<br><br><table border=""0"" cellpadding=""2"" cellspacing=""0"" width=""400""><tbody> <tr>
      <td bgcolor=""#cccccc"">　商品特長</td>
    </tr>
    <tr>
      <td><br>
      <font size=""2"">Plus-s(プラスエス)シリーズは、ポリカーボネイト製カバーをベースに、高品質UV硬化型インクにてプリント！商品加工すべてを日本国内の熟練した職人の手作業で行われます。made in japan<br>
      <br>
      しっかりと装着出来、端末を傷から守る事ができる機能性にも優れたケースです。ハードケース素材で、UV硬化型インクにて高品質プリントを施すことにより、高級感ある仕上がりとなっております。<BR>
      <BR>
      ジャケットを装着したままで、イヤホンや充電コネクターの接続、タッチパネルの使用など操作性も確保しております。 <BR>
      <br>
      </font></td>
    </tr>
    <tr>
      <td align=""center"">&nbsp;<img src=""http://image.rakuten.co.jp/kintsu/cabinet/plus-s/explanation_plus-s.jpg"" /><br>
      <br>
      </td>
    </tr>
    <tr><td align=""left"" bgcolor=""cccccc"">　商品説明</td></tr><tr><td align=""left""><br><font size=""2"" color=""#404040"">・スマートフォンケース側面への印刷は入りません。<br>
      ・装着したまま充電可能（卓上ホルダには対応しません）です。<br>
      ・ベースのスマートフォンケースは、複数の仕入れ先より入手しており、入荷時期によって形状が若干変わる事があります。<br>
      </font>
      <hr>
      <font size=""2"" color=""#404040"">素材：ケース本体／ポリカーボネート(クリアケース)<br>
      加工：UV硬化型インク（側面にプリントは入りません）<br>
      対応機種・サイズ：DIGNO(R) rafre KYV36 専用<br>
      </font>
      <hr>
      <font size=""2"" color=""#404040"">※機種本体は含まれておりません。<br>
      ※仕様は予告なく変更する場合がございます。</font></td></tr></tbody></table><style type=""text/css"">
span.unit {
	background: url(http://www.rakuten.ne.jp/gold/kintsu/images/cart_up_send.png) no-repeat left top;
	text-indent: -9999;
	display: block;
	width: 325px;
	height: 80;
	margin: 15px 0;
}
span.choice {
	display: inline-block;
	font-size: 15px;
	margin: 5px auto;
	width: 112px;
}
select[name=""choice""] {
	font-size: 15px;
	max-width: 200px;
}
td.inventory_choice_name {
	background-color: #F7F7F7;
}
/***買い物かごまわり全ボタン・入力欄共通***/
input[value=""買い物かごに入れる""] {
	background: url(""http://www.rakuten.ne.jp/gold/kintsu/images/cart04.png"") no-repeat;
	/*border: 1px solid #930;*/
	border: 0;
	height: 45px;
	text-indent: -9999px;
	cursor: pointer !important;
	width: 250px;
	margin-top: 10px;
	display: block;
}
input[value=""買い物かごに入れる""]:not(:target) {
	background-size: cover\9; /* IE9 */
	height: 45px\9;
	width: 250px\9;
}

@media screen and (-ms-high-contrast: active), (-ms-high-contrast: none) {
input[value=""買い物かごに入れる""] {
	background-size: cover;     /* IE10 */
	height: 45px;
	width: 250px;
}
}
input[value=""買い物かごに入れる""]:hover {
	opacity: 0.8;
}
/***「お問合せ」ボタン***/
font input[value=""商品についての問合わせ""] {
	background: url(""http://www.rakuten.ne.jp/gold/kintsu/images/toiawase01.png"") no-repeat;
	/*border: 1px solid #930;*/
	border: 0;
	height: 35px;
	text-indent: -9999px;
	cursor: pointer !important;
	width: 250px;
	margin-top: 10px;
}
font input[value=""商品についての問合わせ""]:hover {
	opacity: 0.7;
}
/***「商品お気に入り」ボタン***/

#rakutenLimitedId_aroundCart div.bkm {
	width: 250px !important;
	height: 35px !important;
}
#rakutenLimitedId_aroundCart div.bkm {
	float: none;
	padding-bottom: 0 !important;
}
#rakutenLimitedId_aroundCart div.bookmarkArea div.bkm a.addBkm span.bkmStar {
	background: url(""http://www.rakuten.ne.jp/gold/kintsu/images/okini01.jpg"") no-repeat scroll 0 0 rgba(0, 0, 0, 0) !important;
	display: inline-block !important;
	height: 35px !important;
	margin: 0 0 10px !important;
	width: 250px !important;
}
/***「店舗お気に入り」ボタン***/

#rakutenLimitedId_aroundCart div.shopBkm {
	float: none !important;
	width: 250px !important;
	height: 35px !important;
}
#rakutenLimitedId_aroundCart div.shopBkm {
	padding-left: 0 !important;
}
#rakutenLimitedId_aroundCart div.shopBookmarkArea div.shopBkm a.addShopBkm span.shopBkmStar {
	background: url(""http://www.rakuten.ne.jp/gold/kintsu/images/okini02.jpg"") no-repeat scroll 0 0 rgba(0, 0, 0, 0) !important;
	display: inline-block !important;
	height: 35px !important;
	margin-right: 0 !important;
	width: 250px !important;
}
#rnkInShopPartsArea {
	margin: 0;
	padding: 0;		
}
#rnkInShopMain {
	margin: 0;
	padding: 0;		
}
</style>

<table width=""630"" border=""0"" cellpadding=""0"" cellspacing=""0"" style=""margin: 0 auto;"">
<tr>
<td valign=""top"" align=""left"">

</td>
</tr>
</table>",ディグノ カバー 非情口 COOL EXIT 非常口 KYV36 ケース KYV36 ケース KYV36 ケース KYV36 ケース KYV36 ケース KYV36 ケース ディグノ スマホケース スマホカバー：ケータイ屋24　楽天市場店,スマートフォンアクセサリー携帯ストラップストラップスマホケーススマートフォン ケーススマホピアスイヤホンジャック アクセサリースマートフォンピアスネックストラップスワロフスキー ピアススワロフスキー ストラップスマホカバースマートフォン カバーディグノ カバー 非情口 COOL EXIT 非常口 KYV36 ケース KYV36 ケース KYV36 ケース KYV36 ケース KYV36 ケース KYV36 ケース ディグノ スマホケース スマホカバー,DIGNO(R) rafre KYV36 2個以上で送料無料！。ディグノ カバー 非情口 COOL EXIT 非常口 KYV36 ケース KYV36 ケース KYV36 ケース KYV36 ケース KYV36 ケース KYV36 ケース ディグノ スマホケース スマホカバー[rn]
8-90019,http://tshop.r10s.jp/kintsu/cabinet/plus-s/diary/plus-diary-icd0025a2.jpg?fitin=700:700,1836.8000,,スマートフォン・タブレット > スマートフォンアクセサリー > スマートフォンケース,urbano v02 ケース 手帳型 ブックカバー 文庫本 書籍 v02ケース v02ケース v02ケース v02ケース v02ケース v02ケース v02ケース v02ケース v02ケース v02ケース アルバーノ v02 カバー,V02 ケース 手帳型 スマホケース 手帳ケース☆,"<font color=""#ff0000""><b>※ 画像はイメージです。<br>
機種やカメラの位置等によって、デザインの見え方が異ったり<br>絵柄が切れる場合がございます。
<br>
予めご了承ください。</b></font><br><br>
まるで文庫本にブックカバーを着けているような 手帳型 ダイアリーケース。バラエティも豊富☆ URBANO V02ケース<br>
<br><table border=""0"" cellpadding=""2"" cellspacing=""0"" width=""400""><tbody> <tr>
      <td bgcolor=""#cccccc"">　商品特長</td>
    </tr>
    <tr>
      <td><br>
      <font size=""2"">Plus-s(プラスエス)シリーズは、手帳型カバーをベースに、高品質UV硬化型インクにてプリント！商品加工すべてを日本国内の熟練した職人の手作業で行われます。made in japan<br>
      <br>
      しっかりと装着出来、端末を傷から守る事ができる機能性にも優れたケースです。合皮素材で、UV硬化型インクにて高品質プリントを施すことにより、高級感ある仕上がりとなっております。<BR>
      <br>
      </font></td>
    </tr>
    <tr>
      <td align=""center"">&nbsp;<img src=""http://image.rakuten.co.jp/kintsu/cabinet/plus-s/explanation_plus-s.jpg"" /><br>
      <br>
      </td>
    </tr>
    <tr><td align=""left"" bgcolor=""cccccc"">　商品説明</td></tr><tr><td align=""left""><br><font size=""2"" color=""#404040"">
      ・装着したまま充電可能（一部非対応）（卓上ホルダには対応しません）<br>
      ・ベースの手帳型ケースは、複数の仕入れ先より入手しており、入荷時期によって形状が若干変わる事があります。<br>
      </font>
      <hr>
      <font size=""2"" color=""#404040"">素材：手帳ケース本体／合皮　<br>ハードケース／ポリカーボネート(ブラックケース)<br>
      加工：UV硬化型インク<br>
      対応機種：URBANO V02<br>
      </font>
      <hr>
      <font size=""2"" color=""#404040"">※機種本体は含まれておりません。<br>
      ※仕様は予告なく変更する場合がございます。
<br>
      ※ 実物の色に近づけるように努めていますが、ご利用のモニター、PCやスマートフォンの環境により掲載写真の色が実物の色と違って見える場合がございます。
</font></td></tr></tbody></table><style type=""text/css"">
span.unit {
	background: url(http://www.rakuten.ne.jp/gold/kintsu/images/cart_up_send.png) no-repeat left top;
	text-indent: -9999;
	display: block;
	width: 325px;
	height: 80;
	margin: 15px 0;
}
span.choice {
	display: inline-block;
	font-size: 15px;
	margin: 5px auto;
	width: 112px;
}
select[name=""choice""] {
	font-size: 15px;
	max-width: 200px;
}
td.inventory_choice_name {
	background-color: #F7F7F7;
}
/***買い物かごまわり全ボタン・入力欄共通***/
input[value=""買い物かごに入れる""] {
	background: url(""http://www.rakuten.ne.jp/gold/kintsu/images/cart04.png"") no-repeat;
	/*border: 1px solid #930;*/
	border: 0;
	height: 45px;
	text-indent: -9999px;
	cursor: pointer !important;
	width: 250px;
	margin-top: 10px;
	display: block;
}
input[value=""買い物かごに入れる""]:not(:target) {
	background-size: cover\9; /* IE9 */
	height: 45px\9;
	width: 250px\9;
}

@media screen and (-ms-high-contrast: active), (-ms-high-contrast: none) {
input[value=""買い物かごに入れる""] {
	background-size: cover;     /* IE10 */
	height: 45px;
	width: 250px;
}
}
input[value=""買い物かごに入れる""]:hover {
	opacity: 0.8;
}
/***「お問合せ」ボタン***/
font input[value=""商品についての問合わせ""] {
	background: url(""http://www.rakuten.ne.jp/gold/kintsu/images/toiawase01.png"") no-repeat;
	/*border: 1px solid #930;*/
	border: 0;
	height: 35px;
	text-indent: -9999px;
	cursor: pointer !important;
	width: 250px;
	margin-top: 10px;
}
font input[value=""商品についての問合わせ""]:hover {
	opacity: 0.7;
}
/***「商品お気に入り」ボタン***/

#rakutenLimitedId_aroundCart div.bkm {
	width: 250px !important;
	height: 35px !important;
}
#rakutenLimitedId_aroundCart div.bkm {
	float: none;
	padding-bottom: 0 !important;
}
#rakutenLimitedId_aroundCart div.bookmarkArea div.bkm a.addBkm span.bkmStar {
	background: url(""http://www.rakuten.ne.jp/gold/kintsu/images/okini01.jpg"") no-repeat scroll 0 0 rgba(0, 0, 0, 0) !important;
	display: inline-block !important;
	height: 35px !important;
	margin: 0 0 10px !important;
	width: 250px !important;
}
/***「店舗お気に入り」ボタン***/

#rakutenLimitedId_aroundCart div.shopBkm {
	float: none !important;
	width: 250px !important;
	height: 35px !important;
}
#rakutenLimitedId_aroundCart div.shopBkm {
	padding-left: 0 !important;
}
#rakutenLimitedId_aroundCart div.shopBookmarkArea div.shopBkm a.addShopBkm span.shopBkmStar {
	background: url(""http://www.rakuten.ne.jp/gold/kintsu/images/okini02.jpg"") no-repeat scroll 0 0 rgba(0, 0, 0, 0) !important;
	display: inline-block !important;
	height: 35px !important;
	margin-right: 0 !important;
	width: 250px !important;
}
#rnkInShopPartsArea {
	margin: 0;
	padding: 0;		
}
#rnkInShopMain {
	margin: 0;
	padding: 0;		
}
</style>

<table width=""630"" border=""0"" cellpadding=""0"" cellspacing=""0"" style=""margin: 0 auto;"">
<tr>
<td valign=""top"" align=""left"">

</td>
</tr>
</table>",urbano v02 ケース 手帳型 ブックカバー 文庫本 書籍 v02ケース v02ケース v02ケース v02ケース v02ケース v02ケース v02ケース v02ケース v02ケース v02ケース アルバーノ v02 カバー：ケータイ屋24　楽天市場店,スマートフォンアクセサリー携帯ストラップストラップスマホケーススマートフォン ケーススマホピアスイヤホンジャック アクセサリースマートフォンピアスネックストラップスワロフスキー ピアススワロフスキー ストラップスマホカバースマートフォン カバーurbano v02 ケース 手帳型 ブックカバー 文庫本 書籍 v02ケース v02ケース v02ケース v02ケース v02ケース v02ケース v02ケース v02ケース v02ケース v02ケース アルバーノ v02 カバー,V02 ケース 手帳型 スマホケース 手帳ケース☆。urbano v02 ケース 手帳型 ブックカバー 文庫本 書籍 v02ケース v02ケース v02ケース v02ケース v02ケース v02ケース v02ケース v02ケース v02ケース v02ケース アルバーノ v02 カバー[rn]
8-90020,http://tshop.r10s.jp/kintsu/cabinet/plus-s/m/kyv36/ps-kyv36-0168a.jpg?fitin=700:700,1600.0000,,スマートフォン・タブレット > スマートフォンアクセサリー > スマートフォンケース,ディグノ カバー 幻想的なコスモ　スペース　SPACE　宇宙 KYV36 ケース KYV36 ケース KYV36 ケース KYV36 ケース KYV36 ケース KYV36 ケース ディグノ スマホケース スマホカバー,DIGNO(R) rafre KYV36 2個以上で送料無料！,"コスモ（宇宙）をテーマにした幻想的なデザインの DIGNO(R) rafre KYV36 クリア ケース。種類も豊富♪<br><br><table border=""0"" cellpadding=""2"" cellspacing=""0"" width=""400""><tbody> <tr>
      <td bgcolor=""#cccccc"">　商品特長</td>
    </tr>
    <tr>
      <td><br>
      <font size=""2"">Plus-s(プラスエス)シリーズは、ポリカーボネイト製カバーをベースに、高品質UV硬化型インクにてプリント！商品加工すべてを日本国内の熟練した職人の手作業で行われます。made in japan<br>
      <br>
      しっかりと装着出来、端末を傷から守る事ができる機能性にも優れたケースです。ハードケース素材で、UV硬化型インクにて高品質プリントを施すことにより、高級感ある仕上がりとなっております。<BR>
      <BR>
      ジャケットを装着したままで、イヤホンや充電コネクターの接続、タッチパネルの使用など操作性も確保しております。 <BR>
      <br>
      </font></td>
    </tr>
    <tr>
      <td align=""center"">&nbsp;<img src=""http://image.rakuten.co.jp/kintsu/cabinet/plus-s/explanation_plus-s.jpg"" /><br>
      <br>
      </td>
    </tr>
    <tr><td align=""left"" bgcolor=""cccccc"">　商品説明</td></tr><tr><td align=""left""><br><font size=""2"" color=""#404040"">・スマートフォンケース側面への印刷は入りません。<br>
      ・装着したまま充電可能（卓上ホルダには対応しません）です。<br>
      ・ベースのスマートフォンケースは、複数の仕入れ先より入手しており、入荷時期によって形状が若干変わる事があります。<br>
      </font>
      <hr>
      <font size=""2"" color=""#404040"">素材：ケース本体／ポリカーボネート(クリアケース)<br>
      加工：UV硬化型インク（側面にプリントは入りません）<br>
      対応機種・サイズ：DIGNO(R) rafre KYV36 専用<br>
      </font>
      <hr>
      <font size=""2"" color=""#404040"">※機種本体は含まれておりません。<br>
      ※仕様は予告なく変更する場合がございます。</font></td></tr></tbody></table><style type=""text/css"">
span.unit {
	background: url(http://www.rakuten.ne.jp/gold/kintsu/images/cart_up_send.png) no-repeat left top;
	text-indent: -9999;
	display: block;
	width: 325px;
	height: 80;
	margin: 15px 0;
}
span.choice {
	display: inline-block;
	font-size: 15px;
	margin: 5px auto;
	width: 112px;
}
select[name=""choice""] {
	font-size: 15px;
	max-width: 200px;
}
td.inventory_choice_name {
	background-color: #F7F7F7;
}
/***買い物かごまわり全ボタン・入力欄共通***/
input[value=""買い物かごに入れる""] {
	background: url(""http://www.rakuten.ne.jp/gold/kintsu/images/cart04.png"") no-repeat;
	/*border: 1px solid #930;*/
	border: 0;
	height: 45px;
	text-indent: -9999px;
	cursor: pointer !important;
	width: 250px;
	margin-top: 10px;
	display: block;
}
input[value=""買い物かごに入れる""]:not(:target) {
	background-size: cover\9; /* IE9 */
	height: 45px\9;
	width: 250px\9;
}

@media screen and (-ms-high-contrast: active), (-ms-high-contrast: none) {
input[value=""買い物かごに入れる""] {
	background-size: cover;     /* IE10 */
	height: 45px;
	width: 250px;
}
}
input[value=""買い物かごに入れる""]:hover {
	opacity: 0.8;
}
/***「お問合せ」ボタン***/
font input[value=""商品についての問合わせ""] {
	background: url(""http://www.rakuten.ne.jp/gold/kintsu/images/toiawase01.png"") no-repeat;
	/*border: 1px solid #930;*/
	border: 0;
	height: 35px;
	text-indent: -9999px;
	cursor: pointer !important;
	width: 250px;
	margin-top: 10px;
}
font input[value=""商品についての問合わせ""]:hover {
	opacity: 0.7;
}
/***「商品お気に入り」ボタン***/

#rakutenLimitedId_aroundCart div.bkm {
	width: 250px !important;
	height: 35px !important;
}
#rakutenLimitedId_aroundCart div.bkm {
	float: none;
	padding-bottom: 0 !important;
}
#rakutenLimitedId_aroundCart div.bookmarkArea div.bkm a.addBkm span.bkmStar {
	background: url(""http://www.rakuten.ne.jp/gold/kintsu/images/okini01.jpg"") no-repeat scroll 0 0 rgba(0, 0, 0, 0) !important;
	display: inline-block !important;
	height: 35px !important;
	margin: 0 0 10px !important;
	width: 250px !important;
}
/***「店舗お気に入り」ボタン***/

#rakutenLimitedId_aroundCart div.shopBkm {
	float: none !important;
	width: 250px !important;
	height: 35px !important;
}
#rakutenLimitedId_aroundCart div.shopBkm {
	padding-left: 0 !important;
}
#rakutenLimitedId_aroundCart div.shopBookmarkArea div.shopBkm a.addShopBkm span.shopBkmStar {
	background: url(""http://www.rakuten.ne.jp/gold/kintsu/images/okini02.jpg"") no-repeat scroll 0 0 rgba(0, 0, 0, 0) !important;
	display: inline-block !important;
	height: 35px !important;
	margin-right: 0 !important;
	width: 250px !important;
}
#rnkInShopPartsArea {
	margin: 0;
	padding: 0;		
}
#rnkInShopMain {
	margin: 0;
	padding: 0;		
}
</style>

<table width=""630"" border=""0"" cellpadding=""0"" cellspacing=""0"" style=""margin: 0 auto;"">
<tr>
<td valign=""top"" align=""left"">

</td>
</tr>
</table>",ディグノ カバー 幻想的なコスモ　スペース　SPACE　宇宙 KYV36 ケース KYV36 ケース KYV36 ケース KYV36 ケース KYV36 ケース KYV36 ケース ディグノ スマホケース スマホカバー：ケータイ屋24　楽天市場店,スマートフォンアクセサリー携帯ストラップストラップスマホケーススマートフォン ケーススマホピアスイヤホンジャック アクセサリースマートフォンピアスネックストラップスワロフスキー ピアススワロフスキー ストラップスマホカバースマートフォン カバーディグノ カバー 幻想的なコスモ　スペース　SPACE　宇宙 KYV36 ケース KYV36 ケース KYV36 ケース KYV36 ケース KYV36 ケース KYV36 ケース ディグノ スマホケース スマホカバー,DIGNO(R) rafre KYV36 2個以上で送料無料！。ディグノ カバー 幻想的なコスモ　スペース　SPACE　宇宙 KYV36 ケース KYV36 ケース KYV36 ケース KYV36 ケース KYV36 ケース KYV36 ケース ディグノ スマホケース スマホカバー[rn]
8-90021,http://tshop.r10s.jp/kintsu/cabinet/plus-s/m/kyv36/ps-kyv36-0345a.jpg?fitin=700:700,1600.0000,,スマートフォン・タブレット > スマートフォンアクセサリー > スマートフォンケース,ディグノ カバー えいっ！ KYV36 ケース KYV36 ケース KYV36 ケース KYV36 ケース KYV36 ケース KYV36 ケース ディグノ スマホケース スマホカバー,DIGNO(R) rafre KYV36 2個以上で送料無料！,"ユニークな面白いパロディデザイン DIGNO(R) rafre KYV36 クリア ケース。裏側が透けるデザインなので、機種本体のデザインが活かされます♪<br><br>
<table border=""0"" cellpadding=""2"" cellspacing=""0"" width=""400"">
 <tbody>
  <tr>
   <td bgcolor=""#cccccc"">　商品特長</td>
  </tr>
  <tr>
   <td><br><font size=""2"">Plus-s(プラスエス)シリーズは、ポリカーボネイト製カバーをベースに、高品質UV硬化型インクにてプリント！商品加工すべてを日本国内の熟練した職人の手作業で行われます。made in japan<br><br>しっかりと装着出来、端末を傷から守る事ができる機能性にも優れたケースです。ハードケース素材で、UV硬化型インクにて高品質プリントを施すことにより、高級感ある仕上がりとなっております。<BR><BR>ジャケットを装着したままで、イヤホンや充電コネクターの接続、タッチパネルの使用など操作性も確保しております。<BR><br></font>
   </td>
  </tr>
  <tr>
   <td align=""center"">&nbsp;<img src=""http://image.rakuten.co.jp/kintsu/cabinet/plus-s/explanation_plus-s.jpg"" /><br><br>
   </td>
  </tr>
  <tr>
   <td align=""left"" bgcolor=""cccccc"">　商品説明</td></tr><tr><td align=""left""><br><font size=""2"" color=""#404040"">・スマートフォンケース側面への印刷は入りません。<br>
      ・装着したまま充電可能（卓上ホルダには対応しません）です。<br>
      ・ベースのスマートフォンケースは、複数の仕入れ先より入手しており、入荷時期によって形状が若干変わる事があります。<br></font>
    <hr>
     <font size=""2"" color=""#404040"">素材：ケース本体／ポリカーボネート(クリアケース)<br>加工：UV硬化型インク（側面にプリントは入りません）<br>対応機種・サイズ：DIGNO(R) rafre KYV36 専用<br></font>
    <hr>
     <font size=""2"" color=""#404040"">※機種本体は含まれておりません。<br>※仕様は予告なく変更する場合がございます。</font>
   </td>
  </tr>
 </tbody>
</table><style type=""text/css"">
span.unit {
	background: url(http://www.rakuten.ne.jp/gold/kintsu/images/cart_up_send.png) no-repeat left top;
	text-indent: -9999;
	display: block;
	width: 325px;
	height: 80;
	margin: 15px 0;
}
span.choice {
	display: inline-block;
	font-size: 15px;
	margin: 5px auto;
	width: 112px;
}
select[name=""choice""] {
	font-size: 15px;
	max-width: 200px;
}
td.inventory_choice_name {
	background-color: #F7F7F7;
}
/***買い物かごまわり全ボタン・入力欄共通***/
input[value=""買い物かごに入れる""] {
	background: url(""http://www.rakuten.ne.jp/gold/kintsu/images/cart04.png"") no-repeat;
	/*border: 1px solid #930;*/
	border: 0;
	height: 45px;
	text-indent: -9999px;
	cursor: pointer !important;
	width: 250px;
	margin-top: 10px;
	display: block;
}
input[value=""買い物かごに入れる""]:not(:target) {
	background-size: cover\9; /* IE9 */
	height: 45px\9;
	width: 250px\9;
}

@media screen and (-ms-high-contrast: active), (-ms-high-contrast: none) {
input[value=""買い物かごに入れる""] {
	background-size: cover;     /* IE10 */
	height: 45px;
	width: 250px;
}
}
input[value=""買い物かごに入れる""]:hover {
	opacity: 0.8;
}
/***「お問合せ」ボタン***/
font input[value=""商品についての問合わせ""] {
	background: url(""http://www.rakuten.ne.jp/gold/kintsu/images/toiawase01.png"") no-repeat;
	/*border: 1px solid #930;*/
	border: 0;
	height: 35px;
	text-indent: -9999px;
	cursor: pointer !important;
	width: 250px;
	margin-top: 10px;
}
font input[value=""商品についての問合わせ""]:hover {
	opacity: 0.7;
}
/***「商品お気に入り」ボタン***/

#rakutenLimitedId_aroundCart div.bkm {
	width: 250px !important;
	height: 35px !important;
}
#rakutenLimitedId_aroundCart div.bkm {
	float: none;
	padding-bottom: 0 !important;
}
#rakutenLimitedId_aroundCart div.bookmarkArea div.bkm a.addBkm span.bkmStar {
	background: url(""http://www.rakuten.ne.jp/gold/kintsu/images/okini01.jpg"") no-repeat scroll 0 0 rgba(0, 0, 0, 0) !important;
	display: inline-block !important;
	height: 35px !important;
	margin: 0 0 10px !important;
	width: 250px !important;
}
/***「店舗お気に入り」ボタン***/

#rakutenLimitedId_aroundCart div.shopBkm {
	float: none !important;
	width: 250px !important;
	height: 35px !important;
}
#rakutenLimitedId_aroundCart div.shopBkm {
	padding-left: 0 !important;
}
#rakutenLimitedId_aroundCart div.shopBookmarkArea div.shopBkm a.addShopBkm span.shopBkmStar {
	background: url(""http://www.rakuten.ne.jp/gold/kintsu/images/okini02.jpg"") no-repeat scroll 0 0 rgba(0, 0, 0, 0) !important;
	display: inline-block !important;
	height: 35px !important;
	margin-right: 0 !important;
	width: 250px !important;
}
#rnkInShopPartsArea {
	margin: 0;
	padding: 0;		
}
#rnkInShopMain {
	margin: 0;
	padding: 0;		
}
</style>

<table width=""630"" border=""0"" cellpadding=""0"" cellspacing=""0"" style=""margin: 0 auto;"">
<tr>
<td valign=""top"" align=""left"">

</td>
</tr>
</table>",ディグノ カバー えいっ！ KYV36 ケース KYV36 ケース KYV36 ケース KYV36 ケース KYV36 ケース KYV36 ケース ディグノ スマホケース スマホカバー：ケータイ屋24　楽天市場店,スマートフォンアクセサリー携帯ストラップストラップスマホケーススマートフォン ケーススマホピアスイヤホンジャック アクセサリースマートフォンピアスネックストラップスワロフスキー ピアススワロフスキー ストラップスマホカバースマートフォン カバーディグノ カバー えいっ！ KYV36 ケース KYV36 ケース KYV36 ケース KYV36 ケース KYV36 ケース KYV36 ケース ディグノ スマホケース スマホカバー,DIGNO(R) rafre KYV36 2個以上で送料無料！。ディグノ カバー えいっ！ KYV36 ケース KYV36 ケース KYV36 ケース KYV36 ケース KYV36 ケース KYV36 ケース ディグノ スマホケース スマホカバー[rn]
8-90022,http://tshop.r10s.jp/kintsu/cabinet/plus-s/n/kyv36/ps-kyv36-1008a.jpg?fitin=700:700,1600.0000,,スマートフォン・タブレット > スマートフォンアクセサリー > スマートフォンケース,スマートキャット ねこ ネコ 居眠り TYPE2 ディグノ カバー DIGNO(R) rafre KYV36 ケース KYV36カバー KYV36ケース DIGNO(R) rafre ケース クリア ハードケース スマホケース スマホカバー 携帯カバー,DIGNO(R) rafre KYV36 2個以上で送料無料！,"スマートなネコさんの DIGNO(R) rafre KYV36 クリア ケース。種類も豊富♪<br><br><table border=""0"" cellpadding=""2"" cellspacing=""0"" width=""400""><tbody> <tr>
      <td bgcolor=""#cccccc"">　商品特長</td>
    </tr>
    <tr>
      <td><br>
      <font size=""2"">Plus-s(プラスエス)シリーズは、ポリカーボネイト製カバーをベースに、高品質UV硬化型インクにてプリント！商品加工すべてを日本国内の熟練した職人の手作業で行われます。made in japan<br>
      <br>
      しっかりと装着出来、端末を傷から守る事ができる機能性にも優れたケースです。ハードケース素材で、UV硬化型インクにて高品質プリントを施すことにより、高級感ある仕上がりとなっております。<BR>
      <BR>
      ジャケットを装着したままで、イヤホンや充電コネクターの接続、タッチパネルの使用など操作性も確保しております。 <BR>
      <br>
      </font></td>
    </tr>
    <tr>
      <td align=""center"">&nbsp;<img src=""http://image.rakuten.co.jp/kintsu/cabinet/plus-s/explanation_plus-s.jpg"" /><br>
      <br>
      </td>
    </tr>
    <tr><td align=""left"" bgcolor=""cccccc"">　商品説明</td></tr><tr><td align=""left""><br><font size=""2"" color=""#404040"">・スマートフォンケース側面への印刷は入りません。<br>
      ・装着したまま充電可能（卓上ホルダには対応しません）です。<br>
      ・ベースのスマートフォンケースは、複数の仕入れ先より入手しており、入荷時期によって形状が若干変わる事があります。<br>
      </font>
      <hr>
      <font size=""2"" color=""#404040"">素材：ケース本体／ポリカーボネート(クリアケース)<br>
      加工：UV硬化型インク（側面にプリントは入りません）<br>
      対応機種・サイズ：DIGNO(R) rafre KYV36 専用<br>
      </font>
      <hr>
      <font size=""2"" color=""#404040"">※機種本体は含まれておりません。<br>
      ※仕様は予告なく変更する場合がございます。</font></td></tr></tbody></table><style type=""text/css"">
span.unit {
	background: url(http://www.rakuten.ne.jp/gold/kintsu/images/cart_up_send.png) no-repeat left top;
	text-indent: -9999;
	display: block;
	width: 325px;
	height: 80;
	margin: 15px 0;
}
span.choice {
	display: inline-block;
	font-size: 15px;
	margin: 5px auto;
	width: 112px;
}
select[name=""choice""] {
	font-size: 15px;
	max-width: 200px;
}
td.inventory_choice_name {
	background-color: #F7F7F7;
}
/***買い物かごまわり全ボタン・入力欄共通***/
input[value=""買い物かごに入れる""] {
	background: url(""http://www.rakuten.ne.jp/gold/kintsu/images/cart04.png"") no-repeat;
	/*border: 1px solid #930;*/
	border: 0;
	height: 45px;
	text-indent: -9999px;
	cursor: pointer !important;
	width: 250px;
	margin-top: 10px;
	display: block;
}
input[value=""買い物かごに入れる""]:not(:target) {
	background-size: cover\9; /* IE9 */
	height: 45px\9;
	width: 250px\9;
}

@media screen and (-ms-high-contrast: active), (-ms-high-contrast: none) {
input[value=""買い物かごに入れる""] {
	background-size: cover;     /* IE10 */
	height: 45px;
	width: 250px;
}
}
input[value=""買い物かごに入れる""]:hover {
	opacity: 0.8;
}
/***「お問合せ」ボタン***/
font input[value=""商品についての問合わせ""] {
	background: url(""http://www.rakuten.ne.jp/gold/kintsu/images/toiawase01.png"") no-repeat;
	/*border: 1px solid #930;*/
	border: 0;
	height: 35px;
	text-indent: -9999px;
	cursor: pointer !important;
	width: 250px;
	margin-top: 10px;
}
font input[value=""商品についての問合わせ""]:hover {
	opacity: 0.7;
}
/***「商品お気に入り」ボタン***/

#rakutenLimitedId_aroundCart div.bkm {
	width: 250px !important;
	height: 35px !important;
}
#rakutenLimitedId_aroundCart div.bkm {
	float: none;
	padding-bottom: 0 !important;
}
#rakutenLimitedId_aroundCart div.bookmarkArea div.bkm a.addBkm span.bkmStar {
	background: url(""http://www.rakuten.ne.jp/gold/kintsu/images/okini01.jpg"") no-repeat scroll 0 0 rgba(0, 0, 0, 0) !important;
	display: inline-block !important;
	height: 35px !important;
	margin: 0 0 10px !important;
	width: 250px !important;
}
/***「店舗お気に入り」ボタン***/

#rakutenLimitedId_aroundCart div.shopBkm {
	float: none !important;
	width: 250px !important;
	height: 35px !important;
}
#rakutenLimitedId_aroundCart div.shopBkm {
	padding-left: 0 !important;
}
#rakutenLimitedId_aroundCart div.shopBookmarkArea div.shopBkm a.addShopBkm span.shopBkmStar {
	background: url(""http://www.rakuten.ne.jp/gold/kintsu/images/okini02.jpg"") no-repeat scroll 0 0 rgba(0, 0, 0, 0) !important;
	display: inline-block !important;
	height: 35px !important;
	margin-right: 0 !important;
	width: 250px !important;
}
#rnkInShopPartsArea {
	margin: 0;
	padding: 0;		
}
#rnkInShopMain {
	margin: 0;
	padding: 0;		
}
</style>

<table width=""630"" border=""0"" cellpadding=""0"" cellspacing=""0"" style=""margin: 0 auto;"">
<tr>
<td valign=""top"" align=""left"">

</td>
</tr>
</table>",スマートキャット ねこ ネコ 居眠り TYPE2 ディグノ カバー DIGNO(R) rafre KYV36 ケース KYV36カバー KYV36ケース DIGNO(R) rafre ケース クリア ハードケース スマホケース スマホカバー 携帯カバー：ケータイ屋24　楽天市場店,スマートフォンアクセサリー携帯ストラップストラップスマホケーススマートフォン ケーススマホピアスイヤホンジャック アクセサリースマートフォンピアスネックストラップスワロフスキー ピアススワロフスキー ストラップスマホカバースマートフォン カバースマートキャット ねこ ネコ 居眠り TYPE2 ディグノ カバー DIGNO(R) rafre KYV36 ケース KYV36カバー KYV36ケース DIGNO(R) rafre ケース クリア ハードケース スマホケース スマホカバー 携帯カバー,DIGNO(R) rafre KYV36 2個以上で送料無料！。スマートキャット ねこ ネコ 居眠り TYPE2 ディグノ カバー DIGNO(R) rafre KYV36 ケース KYV36カバー KYV36ケース DIGNO(R) rafre ケース クリア ハードケース スマホケース スマホカバー 携帯カバー[rn]
8-90023,http://tshop.r10s.jp/kintsu/cabinet/plus-s/diary/plus-diary-mud0003i.jpg?fitin=700:700,1836.8000,,スマートフォン・タブレット > スマートフォンアクセサリー > スマートフォンケース,urbano v02 ケース 手帳型 パロディ カバー  v02ケース v02ケース v02ケース v02ケース v02ケース v02ケース v02ケース v02ケース v02ケース v02ケース アルバーノ v02 カバー,アルバーノ v02 カバー 手帳型,"<font color=""#ff0000""><b>※ 画像はイメージです。<br>
機種やカメラの位置等によって、デザインの見え方が異ったり<br>絵柄が切れる場合がございます。
<br>
予めご了承ください。</b></font><br><br>
注目度ナンバー1！おもしろユニークな 手帳型 ダイアリーケース。バラエティも豊富☆ URBANO V02ケース<br>
<br><table border=""0"" cellpadding=""2"" cellspacing=""0"" width=""400""><tbody> <tr>
      <td bgcolor=""#cccccc"">　商品特長</td>
    </tr>
    <tr>
      <td><br>
      <font size=""2"">Plus-s(プラスエス)シリーズは、手帳型カバーをベースに、高品質UV硬化型インクにてプリント！商品加工すべてを日本国内の熟練した職人の手作業で行われます。made in japan<br>
      <br>
      しっかりと装着出来、端末を傷から守る事ができる機能性にも優れたケースです。合皮素材で、UV硬化型インクにて高品質プリントを施すことにより、高級感ある仕上がりとなっております。<BR>
      <br>
      </font></td>
    </tr>
    <tr>
      <td align=""center"">&nbsp;<img src=""http://image.rakuten.co.jp/kintsu/cabinet/plus-s/explanation_plus-s.jpg"" /><br>
      <br>
      </td>
    </tr>
    <tr><td align=""left"" bgcolor=""cccccc"">　商品説明</td></tr><tr><td align=""left""><br><font size=""2"" color=""#404040"">
      ・装着したまま充電可能（一部非対応）（卓上ホルダには対応しません）<br>
      ・ベースの手帳型ケースは、複数の仕入れ先より入手しており、入荷時期によって形状が若干変わる事があります。<br>
      </font>
      <hr>
      <font size=""2"" color=""#404040"">素材：手帳ケース本体／合皮　<br>ハードケース／ポリカーボネート(ブラックケース)<br>
      加工：UV硬化型インク<br>
      対応機種：URBANO V02<br>
      </font>
      <hr>
      <font size=""2"" color=""#404040"">※機種本体は含まれておりません。<br>
      ※仕様は予告なく変更する場合がございます。
<br>
      ※ 実物の色に近づけるように努めていますが、ご利用のモニター、PCやスマートフォンの環境により掲載写真の色が実物の色と違って見える場合がございます。
</font></td></tr></tbody></table><style type=""text/css"">
span.unit {
	background: url(http://www.rakuten.ne.jp/gold/kintsu/images/cart_up_send.png) no-repeat left top;
	text-indent: -9999;
	display: block;
	width: 325px;
	height: 80;
	margin: 15px 0;
}
span.choice {
	display: inline-block;
	font-size: 15px;
	margin: 5px auto;
	width: 112px;
}
select[name=""choice""] {
	font-size: 15px;
	max-width: 200px;
}
td.inventory_choice_name {
	background-color: #F7F7F7;
}
/***買い物かごまわり全ボタン・入力欄共通***/
input[value=""買い物かごに入れる""] {
	background: url(""http://www.rakuten.ne.jp/gold/kintsu/images/cart04.png"") no-repeat;
	/*border: 1px solid #930;*/
	border: 0;
	height: 45px;
	text-indent: -9999px;
	cursor: pointer !important;
	width: 250px;
	margin-top: 10px;
	display: block;
}
input[value=""買い物かごに入れる""]:not(:target) {
	background-size: cover\9; /* IE9 */
	height: 45px\9;
	width: 250px\9;
}

@media screen and (-ms-high-contrast: active), (-ms-high-contrast: none) {
input[value=""買い物かごに入れる""] {
	background-size: cover;     /* IE10 */
	height: 45px;
	width: 250px;
}
}
input[value=""買い物かごに入れる""]:hover {
	opacity: 0.8;
}
/***「お問合せ」ボタン***/
font input[value=""商品についての問合わせ""] {
	background: url(""http://www.rakuten.ne.jp/gold/kintsu/images/toiawase01.png"") no-repeat;
	/*border: 1px solid #930;*/
	border: 0;
	height: 35px;
	text-indent: -9999px;
	cursor: pointer !important;
	width: 250px;
	margin-top: 10px;
}
font input[value=""商品についての問合わせ""]:hover {
	opacity: 0.7;
}
/***「商品お気に入り」ボタン***/

#rakutenLimitedId_aroundCart div.bkm {
	width: 250px !important;
	height: 35px !important;
}
#rakutenLimitedId_aroundCart div.bkm {
	float: none;
	padding-bottom: 0 !important;
}
#rakutenLimitedId_aroundCart div.bookmarkArea div.bkm a.addBkm span.bkmStar {
	background: url(""http://www.rakuten.ne.jp/gold/kintsu/images/okini01.jpg"") no-repeat scroll 0 0 rgba(0, 0, 0, 0) !important;
	display: inline-block !important;
	height: 35px !important;
	margin: 0 0 10px !important;
	width: 250px !important;
}
/***「店舗お気に入り」ボタン***/

#rakutenLimitedId_aroundCart div.shopBkm {
	float: none !important;
	width: 250px !important;
	height: 35px !important;
}
#rakutenLimitedId_aroundCart div.shopBkm {
	padding-left: 0 !important;
}
#rakutenLimitedId_aroundCart div.shopBookmarkArea div.shopBkm a.addShopBkm span.shopBkmStar {
	background: url(""http://www.rakuten.ne.jp/gold/kintsu/images/okini02.jpg"") no-repeat scroll 0 0 rgba(0, 0, 0, 0) !important;
	display: inline-block !important;
	height: 35px !important;
	margin-right: 0 !important;
	width: 250px !important;
}
#rnkInShopPartsArea {
	margin: 0;
	padding: 0;		
}
#rnkInShopMain {
	margin: 0;
	padding: 0;		
}
</style>

<table width=""630"" border=""0"" cellpadding=""0"" cellspacing=""0"" style=""margin: 0 auto;"">
<tr>
<td valign=""top"" align=""left"">

</td>
</tr>
</table>",urbano v02 ケース 手帳型 パロディ カバー  v02ケース v02ケース v02ケース v02ケース v02ケース v02ケース v02ケース v02ケース v02ケース v02ケース アルバーノ v02 カバー：ケータイ屋24　楽天市場店,スマートフォンアクセサリー携帯ストラップストラップスマホケーススマートフォン ケーススマホピアスイヤホンジャック アクセサリースマートフォンピアスネックストラップスワロフスキー ピアススワロフスキー ストラップスマホカバースマートフォン カバーurbano v02 ケース 手帳型 パロディ カバー  v02ケース v02ケース v02ケース v02ケース v02ケース v02ケース v02ケース v02ケース v02ケース v02ケース アルバーノ v02 カバー,アルバーノ v02 カバー 手帳型。urbano v02 ケース 手帳型 パロディ カバー  v02ケース v02ケース v02ケース v02ケース v02ケース v02ケース v02ケース v02ケース v02ケース v02ケース アルバーノ v02 カバー[rn]
8-90024,http://tshop.r10s.jp/kintsu/cabinet/plus-s/n/kyv36/ps-kyv36-1057a.jpg?fitin=700:700,1600.0000,,スマートフォン・タブレット > スマートフォンアクセサリー > スマートフォンケース,デビル 小悪魔 ディグノ カバー DIGNO(R) rafre KYV36 ケース KYV36カバー KYV36ケース DIGNO(R) rafre ケース クリア ハードケース スマホケース スマホカバー 携帯カバー,DIGNO(R) rafre KYV36 2個以上で送料無料！,"可愛いデビル 小悪魔のDIGNO(R) rafre KYV36 クリア ケース。<br><br><table border=""0"" cellpadding=""2"" cellspacing=""0"" width=""400""><tbody> <tr>
      <td bgcolor=""#cccccc"">　商品特長</td>
    </tr>
    <tr>
      <td><br>
      <font size=""2"">Plus-s(プラスエス)シリーズは、ポリカーボネイト製カバーをベースに、高品質UV硬化型インクにてプリント！商品加工すべてを日本国内の熟練した職人の手作業で行われます。made in japan<br>
      <br>
      しっかりと装着出来、端末を傷から守る事ができる機能性にも優れたケースです。ハードケース素材で、UV硬化型インクにて高品質プリントを施すことにより、高級感ある仕上がりとなっております。<BR>
      <BR>
      ジャケットを装着したままで、イヤホンや充電コネクターの接続、タッチパネルの使用など操作性も確保しております。 <BR>
      <br>
      </font></td>
    </tr>
    <tr>
      <td align=""center"">&nbsp;<img src=""http://image.rakuten.co.jp/kintsu/cabinet/plus-s/explanation_plus-s.jpg"" /><br>
      <br>
      </td>
    </tr>
    <tr><td align=""left"" bgcolor=""cccccc"">　商品説明</td></tr><tr><td align=""left""><br><font size=""2"" color=""#404040"">・スマートフォンケース側面への印刷は入りません。<br>
      ・装着したまま充電可能（卓上ホルダには対応しません）です。<br>
      ・ベースのスマートフォンケースは、複数の仕入れ先より入手しており、入荷時期によって形状が若干変わる事があります。<br>
      </font>
      <hr>
      <font size=""2"" color=""#404040"">素材：ケース本体／ポリカーボネート(クリアケース)<br>
      加工：UV硬化型インク（側面にプリントは入りません）<br>
      対応機種・サイズ：DIGNO(R) rafre KYV36 専用<br>
      </font>
      <hr>
      <font size=""2"" color=""#404040"">※機種本体は含まれておりません。<br>
      ※仕様は予告なく変更する場合がございます。</font></td></tr></tbody></table><style type=""text/css"">
span.unit {
	background: url(http://www.rakuten.ne.jp/gold/kintsu/images/cart_up_send.png) no-repeat left top;
	text-indent: -9999;
	display: block;
	width: 325px;
	height: 80;
	margin: 15px 0;
}
span.choice {
	display: inline-block;
	font-size: 15px;
	margin: 5px auto;
	width: 112px;
}
select[name=""choice""] {
	font-size: 15px;
	max-width: 200px;
}
td.inventory_choice_name {
	background-color: #F7F7F7;
}
/***買い物かごまわり全ボタン・入力欄共通***/
input[value=""買い物かごに入れる""] {
	background: url(""http://www.rakuten.ne.jp/gold/kintsu/images/cart04.png"") no-repeat;
	/*border: 1px solid #930;*/
	border: 0;
	height: 45px;
	text-indent: -9999px;
	cursor: pointer !important;
	width: 250px;
	margin-top: 10px;
	display: block;
}
input[value=""買い物かごに入れる""]:not(:target) {
	background-size: cover\9; /* IE9 */
	height: 45px\9;
	width: 250px\9;
}

@media screen and (-ms-high-contrast: active), (-ms-high-contrast: none) {
input[value=""買い物かごに入れる""] {
	background-size: cover;     /* IE10 */
	height: 45px;
	width: 250px;
}
}
input[value=""買い物かごに入れる""]:hover {
	opacity: 0.8;
}
/***「お問合せ」ボタン***/
font input[value=""商品についての問合わせ""] {
	background: url(""http://www.rakuten.ne.jp/gold/kintsu/images/toiawase01.png"") no-repeat;
	/*border: 1px solid #930;*/
	border: 0;
	height: 35px;
	text-indent: -9999px;
	cursor: pointer !important;
	width: 250px;
	margin-top: 10px;
}
font input[value=""商品についての問合わせ""]:hover {
	opacity: 0.7;
}
/***「商品お気に入り」ボタン***/

#rakutenLimitedId_aroundCart div.bkm {
	width: 250px !important;
	height: 35px !important;
}
#rakutenLimitedId_aroundCart div.bkm {
	float: none;
	padding-bottom: 0 !important;
}
#rakutenLimitedId_aroundCart div.bookmarkArea div.bkm a.addBkm span.bkmStar {
	background: url(""http://www.rakuten.ne.jp/gold/kintsu/images/okini01.jpg"") no-repeat scroll 0 0 rgba(0, 0, 0, 0) !important;
	display: inline-block !important;
	height: 35px !important;
	margin: 0 0 10px !important;
	width: 250px !important;
}
/***「店舗お気に入り」ボタン***/

#rakutenLimitedId_aroundCart div.shopBkm {
	float: none !important;
	width: 250px !important;
	height: 35px !important;
}
#rakutenLimitedId_aroundCart div.shopBkm {
	padding-left: 0 !important;
}
#rakutenLimitedId_aroundCart div.shopBookmarkArea div.shopBkm a.addShopBkm span.shopBkmStar {
	background: url(""http://www.rakuten.ne.jp/gold/kintsu/images/okini02.jpg"") no-repeat scroll 0 0 rgba(0, 0, 0, 0) !important;
	display: inline-block !important;
	height: 35px !important;
	margin-right: 0 !important;
	width: 250px !important;
}
#rnkInShopPartsArea {
	margin: 0;
	padding: 0;		
}
#rnkInShopMain {
	margin: 0;
	padding: 0;		
}
</style>

<table width=""630"" border=""0"" cellpadding=""0"" cellspacing=""0"" style=""margin: 0 auto;"">
<tr>
<td valign=""top"" align=""left"">

</td>
</tr>
</table>",デビル 小悪魔 ディグノ カバー DIGNO(R) rafre KYV36 ケース KYV36カバー KYV36ケース DIGNO(R) rafre ケース クリア ハードケース スマホケース スマホカバー 携帯カバー：ケータイ屋24　楽天市場店,スマートフォンアクセサリー携帯ストラップストラップスマホケーススマートフォン ケーススマホピアスイヤホンジャック アクセサリースマートフォンピアスネックストラップスワロフスキー ピアススワロフスキー ストラップスマホカバースマートフォン カバーデビル 小悪魔 ディグノ カバー DIGNO(R) rafre KYV36 ケース KYV36カバー KYV36ケース DIGNO(R) rafre ケース クリア ハードケース スマホケース スマホカバー 携帯カバー,DIGNO(R) rafre KYV36 2個以上で送料無料！。デビル 小悪魔 ディグノ カバー DIGNO(R) rafre KYV36 ケース KYV36カバー KYV36ケース DIGNO(R) rafre ケース クリア ハードケース スマホケース スマホカバー 携帯カバー[rn]
8-90025,http://tshop.r10s.jp/kintsu/cabinet/plus-s/diary/plus-diary-mud0008a2.jpg?fitin=700:700,1836.8000,,スマートフォン・タブレット > スマートフォンアクセサリー > スマートフォンケース,DIGNO rafre KYV36 ケース 和柄 和風 日本的 DIGNO rafre KYV36 ディグノ DIGNOrafre ケース カバー kyv36ケース kyv36カバー 手帳 au 手帳型 ディグノ ラフレ,DIGNO rafre KYV36 手帳型カバー,"<font color=""#ff0000""><b>※ 画像はイメージです。<br>
機種やカメラの位置等によって、デザインの見え方が異ったり<br>絵柄が切れる場合がございます。
<br>
予めご了承ください。</b></font><br><br>
扇子、雪輪、千代紙風、烏揚羽、乱菊、桜、鶴亀の和風の 手帳型 ダイアリーケース。バラエティも豊富☆ DIGNO rafre KYV36 ケース<br>
<br><table border=""0"" cellpadding=""2"" cellspacing=""0"" width=""400""><tbody> <tr>
      <td bgcolor=""#cccccc"">　商品特長</td>
    </tr>
    <tr>
      <td><br>
      <font size=""2"">Plus-s(プラスエス)シリーズは、手帳型カバーをベースに、高品質UV硬化型インクにてプリント！商品加工すべてを日本国内の熟練した職人の手作業で行われます。made in japan<br>
      <br>
      しっかりと装着出来、端末を傷から守る事ができる機能性にも優れたケースです。合皮素材で、UV硬化型インクにて高品質プリントを施すことにより、高級感ある仕上がりとなっております。<BR>
      <br>
      </font></td>
    </tr>
    <tr>
      <td align=""center"">&nbsp;<img src=""http://image.rakuten.co.jp/kintsu/cabinet/plus-s/explanation_plus-s.jpg"" /><br>
      <br>
      </td>
    </tr>
    <tr><td align=""left"" bgcolor=""cccccc"">　商品説明</td></tr><tr><td align=""left""><br><font size=""2"" color=""#404040"">
      ・装着したまま充電可能（一部非対応）（卓上ホルダには対応しません）<br>
      ・ベースの手帳型ケースは、複数の仕入れ先より入手しており、入荷時期によって形状が若干変わる事があります。<br>
      </font>
      <hr>
      <font size=""2"" color=""#404040"">素材：手帳ケース本体／合皮　<br>ハードケース／ポリカーボネート(ブラックケース)<br>
      加工：UV硬化型インク<br>
      対応機種：DIGNO rafre KYV36<br>
      </font>
      <hr>
      <font size=""2"" color=""#404040"">※機種本体は含まれておりません。<br>
      ※仕様は予告なく変更する場合がございます。
<br>
      ※ 実物の色に近づけるように努めていますが、ご利用のモニター、PCやスマートフォンの環境により掲載写真の色が実物の色と違って見える場合がございます。
</font></td></tr></tbody></table><style type=""text/css"">
span.unit {
	background: url(http://www.rakuten.ne.jp/gold/kintsu/images/cart_up_send.png) no-repeat left top;
	text-indent: -9999;
	display: block;
	width: 325px;
	height: 80;
	margin: 15px 0;
}
span.choice {
	display: inline-block;
	font-size: 15px;
	margin: 5px auto;
	width: 112px;
}
select[name=""choice""] {
	font-size: 15px;
	max-width: 200px;
}
td.inventory_choice_name {
	background-color: #F7F7F7;
}
/***買い物かごまわり全ボタン・入力欄共通***/
input[value=""買い物かごに入れる""] {
	background: url(""http://www.rakuten.ne.jp/gold/kintsu/images/cart04.png"") no-repeat;
	/*border: 1px solid #930;*/
	border: 0;
	height: 45px;
	text-indent: -9999px;
	cursor: pointer !important;
	width: 250px;
	margin-top: 10px;
	display: block;
}
input[value=""買い物かごに入れる""]:not(:target) {
	background-size: cover\9; /* IE9 */
	height: 45px\9;
	width: 250px\9;
}

@media screen and (-ms-high-contrast: active), (-ms-high-contrast: none) {
input[value=""買い物かごに入れる""] {
	background-size: cover;     /* IE10 */
	height: 45px;
	width: 250px;
}
}
input[value=""買い物かごに入れる""]:hover {
	opacity: 0.8;
}
/***「お問合せ」ボタン***/
font input[value=""商品についての問合わせ""] {
	background: url(""http://www.rakuten.ne.jp/gold/kintsu/images/toiawase01.png"") no-repeat;
	/*border: 1px solid #930;*/
	border: 0;
	height: 35px;
	text-indent: -9999px;
	cursor: pointer !important;
	width: 250px;
	margin-top: 10px;
}
font input[value=""商品についての問合わせ""]:hover {
	opacity: 0.7;
}
/***「商品お気に入り」ボタン***/

#rakutenLimitedId_aroundCart div.bkm {
	width: 250px !important;
	height: 35px !important;
}
#rakutenLimitedId_aroundCart div.bkm {
	float: none;
	padding-bottom: 0 !important;
}
#rakutenLimitedId_aroundCart div.bookmarkArea div.bkm a.addBkm span.bkmStar {
	background: url(""http://www.rakuten.ne.jp/gold/kintsu/images/okini01.jpg"") no-repeat scroll 0 0 rgba(0, 0, 0, 0) !important;
	display: inline-block !important;
	height: 35px !important;
	margin: 0 0 10px !important;
	width: 250px !important;
}
/***「店舗お気に入り」ボタン***/

#rakutenLimitedId_aroundCart div.shopBkm {
	float: none !important;
	width: 250px !important;
	height: 35px !important;
}
#rakutenLimitedId_aroundCart div.shopBkm {
	padding-left: 0 !important;
}
#rakutenLimitedId_aroundCart div.shopBookmarkArea div.shopBkm a.addShopBkm span.shopBkmStar {
	background: url(""http://www.rakuten.ne.jp/gold/kintsu/images/okini02.jpg"") no-repeat scroll 0 0 rgba(0, 0, 0, 0) !important;
	display: inline-block !important;
	height: 35px !important;
	margin-right: 0 !important;
	width: 250px !important;
}
#rnkInShopPartsArea {
	margin: 0;
	padding: 0;		
}
#rnkInShopMain {
	margin: 0;
	padding: 0;		
}
</style>

<table width=""630"" border=""0"" cellpadding=""0"" cellspacing=""0"" style=""margin: 0 auto;"">
<tr>
<td valign=""top"" align=""left"">

</td>
</tr>
</table>",DIGNO rafre KYV36 ケース 和柄 和風 日本的 DIGNO rafre KYV36 ディグノ DIGNOrafre ケース カバー kyv36ケース kyv36カバー 手帳 au 手帳型 ディグノ ラフレ：ケータイ屋24　楽天市場店,スマートフォンアクセサリー携帯ストラップストラップスマホケーススマートフォン ケーススマホピアスイヤホンジャック アクセサリースマートフォンピアスネックストラップスワロフスキー ピアススワロフスキー ストラップスマホカバースマートフォン カバーDIGNO rafre KYV36 ケース 和柄 和風 日本的 DIGNO rafre KYV36 ディグノ DIGNOrafre ケース カバー kyv36ケース kyv36カバー 手帳 au 手帳型 ディグノ ラフレ,DIGNO rafre KYV36 手帳型カバー。DIGNO rafre KYV36 ケース 和柄 和風 日本的 DIGNO rafre KYV36 ディグノ DIGNOrafre ケース カバー kyv36ケース kyv36カバー 手帳 au 手帳型 ディグノ ラフレ[rn]
8-90026,http://tshop.r10s.jp/kintsu/cabinet/plus-s/diary/plus-diary-0133a2.jpg?fitin=700:700,1836.8000,,スマートフォン・タブレット > スマートフォンアクセサリー > スマートフォンケース,urbano v02 ケース 手帳型 星空 スターリストスカイ  v02ケース v02ケース v02ケース v02ケース v02ケース v02ケース v02ケース v02ケース v02ケース v02ケース アルバーノ v02 カバー,アルバーノ v02 カバー 手帳型,"<font color=""#ff0000""><b>※ 画像はイメージです。<br>
機種やカメラの位置等によって、デザインの見え方が異ったり<br>絵柄が切れる場合がございます。
<br>
予めご了承ください。</b></font><br><br>
美しく夜空に輝く星空の プリントした手帳型 ダイアリーケース。バラエティも豊富☆ URBANO V02ケース<br>
<br><table border=""0"" cellpadding=""2"" cellspacing=""0"" width=""400""><tbody> <tr>
      <td bgcolor=""#cccccc"">　商品特長</td>
    </tr>
    <tr>
      <td><br>
      <font size=""2"">Plus-s(プラスエス)シリーズは、手帳型製カバーをベースに、高品質UV硬化型インクにてプリント！商品加工すべてを日本国内の熟練した職人の手作業で行われます。made in japan<br>
      <br>
      しっかりと装着出来、端末を傷から守る事ができる機能性にも優れたケースです。合皮素材で、UV硬化型インクにて高品質プリントを施すことにより、高級感ある仕上がりとなっております。<BR>
      <br>
      </font></td>
    </tr>
    <tr>
      <td align=""center"">&nbsp;<img src=""http://image.rakuten.co.jp/kintsu/cabinet/plus-s/explanation_plus-s.jpg"" /><br>
      <br>
      </td>
    </tr>
    <tr><td align=""left"" bgcolor=""cccccc"">　商品説明</td></tr><tr><td align=""left""><br><font size=""2"" color=""#404040"">
      ・装着したまま充電可能（一部非対応）（卓上ホルダには対応しません）<br>
      ・ベースの手帳型ケースは、複数の仕入れ先より入手しており、入荷時期によって形状が若干変わる事があります。<br>
      </font>
      <hr>
      <font size=""2"" color=""#404040"">素材：手帳ケース本体／合皮　<br>ハードケース／ポリカーボネート(ブラックケース)<br>
      加工：UV硬化型インク<br>
      対応機種：URBANO V02<br>
      </font>
      <hr>
      <font size=""2"" color=""#404040"">※機種本体は含まれておりません。<br>
      ※仕様は予告なく変更する場合がございます。
<br>
      ※実物の色に近づけるように努めていますが、ご利用のモニター、PCやスマートフォンの環境により掲載写真の色が実物の色と違って見える場合がございます。
</font></td></tr></tbody></table><style type=""text/css"">
span.unit {
	background: url(http://www.rakuten.ne.jp/gold/kintsu/images/cart_up_send.png) no-repeat left top;
	text-indent: -9999;
	display: block;
	width: 325px;
	height: 80;
	margin: 15px 0;
}
span.choice {
	display: inline-block;
	font-size: 15px;
	margin: 5px auto;
	width: 112px;
}
select[name=""choice""] {
	font-size: 15px;
	max-width: 200px;
}
td.inventory_choice_name {
	background-color: #F7F7F7;
}
/***買い物かごまわり全ボタン・入力欄共通***/
input[value=""買い物かごに入れる""] {
	background: url(""http://www.rakuten.ne.jp/gold/kintsu/images/cart04.png"") no-repeat;
	/*border: 1px solid #930;*/
	border: 0;
	height: 45px;
	text-indent: -9999px;
	cursor: pointer !important;
	width: 250px;
	margin-top: 10px;
	display: block;
}
input[value=""買い物かごに入れる""]:not(:target) {
	background-size: cover\9; /* IE9 */
	height: 45px\9;
	width: 250px\9;
}

@media screen and (-ms-high-contrast: active), (-ms-high-contrast: none) {
input[value=""買い物かごに入れる""] {
	background-size: cover;     /* IE10 */
	height: 45px;
	width: 250px;
}
}
input[value=""買い物かごに入れる""]:hover {
	opacity: 0.8;
}
/***「お問合せ」ボタン***/
font input[value=""商品についての問合わせ""] {
	background: url(""http://www.rakuten.ne.jp/gold/kintsu/images/toiawase01.png"") no-repeat;
	/*border: 1px solid #930;*/
	border: 0;
	height: 35px;
	text-indent: -9999px;
	cursor: pointer !important;
	width: 250px;
	margin-top: 10px;
}
font input[value=""商品についての問合わせ""]:hover {
	opacity: 0.7;
}
/***「商品お気に入り」ボタン***/

#rakutenLimitedId_aroundCart div.bkm {
	width: 250px !important;
	height: 35px !important;
}
#rakutenLimitedId_aroundCart div.bkm {
	float: none;
	padding-bottom: 0 !important;
}
#rakutenLimitedId_aroundCart div.bookmarkArea div.bkm a.addBkm span.bkmStar {
	background: url(""http://www.rakuten.ne.jp/gold/kintsu/images/okini01.jpg"") no-repeat scroll 0 0 rgba(0, 0, 0, 0) !important;
	display: inline-block !important;
	height: 35px !important;
	margin: 0 0 10px !important;
	width: 250px !important;
}
/***「店舗お気に入り」ボタン***/

#rakutenLimitedId_aroundCart div.shopBkm {
	float: none !important;
	width: 250px !important;
	height: 35px !important;
}
#rakutenLimitedId_aroundCart div.shopBkm {
	padding-left: 0 !important;
}
#rakutenLimitedId_aroundCart div.shopBookmarkArea div.shopBkm a.addShopBkm span.shopBkmStar {
	background: url(""http://www.rakuten.ne.jp/gold/kintsu/images/okini02.jpg"") no-repeat scroll 0 0 rgba(0, 0, 0, 0) !important;
	display: inline-block !important;
	height: 35px !important;
	margin-right: 0 !important;
	width: 250px !important;
}
#rnkInShopPartsArea {
	margin: 0;
	padding: 0;		
}
#rnkInShopMain {
	margin: 0;
	padding: 0;		
}
</style>

<table width=""630"" border=""0"" cellpadding=""0"" cellspacing=""0"" style=""margin: 0 auto;"">
<tr>
<td valign=""top"" align=""left"">

</td>
</tr>
</table>",urbano v02 ケース 手帳型 星空 スターリストスカイ  v02ケース v02ケース v02ケース v02ケース v02ケース v02ケース v02ケース v02ケース v02ケース v02ケース アルバーノ v02 カバー：ケータイ屋24　楽天市場店,スマートフォンアクセサリー携帯ストラップストラップスマホケーススマートフォン ケーススマホピアスイヤホンジャック アクセサリースマートフォンピアスネックストラップスワロフスキー ピアススワロフスキー ストラップスマホカバースマートフォン カバーurbano v02 ケース 手帳型 星空 スターリストスカイ  v02ケース v02ケース v02ケース v02ケース v02ケース v02ケース v02ケース v02ケース v02ケース v02ケース アルバーノ v02 カバー,アルバーノ v02 カバー 手帳型。urbano v02 ケース 手帳型 星空 スターリストスカイ  v02ケース v02ケース v02ケース v02ケース v02ケース v02ケース v02ケース v02ケース v02ケース v02ケース アルバーノ v02 カバー[rn]
8-90027,http://tshop.r10s.jp/kintsu/cabinet/plus-s/diary/plus-diary-csd0005a2.jpg?fitin=700:700,1836.8000,,スマートフォン・タブレット > スマートフォンアクセサリー > スマートフォンケース,URBANO V02 手帳型ケース v02 手帳型ケース アルバーノ ケース 手帳型 ハワイ 夕焼け ハイビスカス カバー v02ケース v02カバー au ケース カバー おしゃれ かわいい 手帳型スマホケース スマホケース スマホカバー,V02 ケース 手帳型 スマホケース 手帳ケース☆,"<font color=""#ff0000""><b>※ 画像はイメージです。<br>
機種やカメラの位置等によって、デザインの見え方が異ったり<br>絵柄が切れる場合がございます。
<br>
予めご了承ください。</b></font><br><br>
ハワイアンフォトデザインの 手帳型 ダイアリーケース。バラエティも豊富☆ URBANO V02ケース<br>
<br><table border=""0"" cellpadding=""2"" cellspacing=""0"" width=""400""><tbody> <tr>
      <td bgcolor=""#cccccc"">　商品特長</td>
    </tr>
    <tr>
      <td><br>
      <font size=""2"">Plus-s(プラスエス)シリーズは、手帳型カバーをベースに、高品質UV硬化型インクにてプリント！商品加工すべてを日本国内の熟練した職人の手作業で行われます。made in japan<br>
      <br>
      しっかりと装着出来、端末を傷から守る事ができる機能性にも優れたケースです。合皮素材で、UV硬化型インクにて高品質プリントを施すことにより、高級感ある仕上がりとなっております。<BR>
      <br>
      </font></td>
    </tr>
    <tr>
      <td align=""center"">&nbsp;<img src=""http://image.rakuten.co.jp/kintsu/cabinet/plus-s/explanation_plus-s.jpg"" /><br>
      <br>
      </td>
    </tr>
    <tr><td align=""left"" bgcolor=""cccccc"">　商品説明</td></tr><tr><td align=""left""><br><font size=""2"" color=""#404040"">
      ・装着したまま充電可能（一部非対応）（卓上ホルダには対応しません）<br>
      ・ベースの手帳型ケースは、複数の仕入れ先より入手しており、入荷時期によって形状が若干変わる事があります。<br>
      </font>
      <hr>
      <font size=""2"" color=""#404040"">素材：手帳ケース本体／合皮　<br>ハードケース／ポリカーボネート(ブラックケース)<br>
      加工：UV硬化型インク<br>
      対応機種：URBANO V02<br>
      </font>
      <hr>
      <font size=""2"" color=""#404040"">※機種本体は含まれておりません。<br>
      ※仕様は予告なく変更する場合がございます。
<br>
      ※ 実物の色に近づけるように努めていますが、ご利用のモニター、PCやスマートフォンの環境により掲載写真の色が実物の色と違って見える場合がございます。
</font></td></tr></tbody></table><style type=""text/css"">
span.unit {
	background: url(http://www.rakuten.ne.jp/gold/kintsu/images/cart_up_send.png) no-repeat left top;
	text-indent: -9999;
	display: block;
	width: 325px;
	height: 80;
	margin: 15px 0;
}
span.choice {
	display: inline-block;
	font-size: 15px;
	margin: 5px auto;
	width: 112px;
}
select[name=""choice""] {
	font-size: 15px;
	max-width: 200px;
}
td.inventory_choice_name {
	background-color: #F7F7F7;
}
/***買い物かごまわり全ボタン・入力欄共通***/
input[value=""買い物かごに入れる""] {
	background: url(""http://www.rakuten.ne.jp/gold/kintsu/images/cart04.png"") no-repeat;
	/*border: 1px solid #930;*/
	border: 0;
	height: 45px;
	text-indent: -9999px;
	cursor: pointer !important;
	width: 250px;
	margin-top: 10px;
	display: block;
}
input[value=""買い物かごに入れる""]:not(:target) {
	background-size: cover\9; /* IE9 */
	height: 45px\9;
	width: 250px\9;
}

@media screen and (-ms-high-contrast: active), (-ms-high-contrast: none) {
input[value=""買い物かごに入れる""] {
	background-size: cover;     /* IE10 */
	height: 45px;
	width: 250px;
}
}
input[value=""買い物かごに入れる""]:hover {
	opacity: 0.8;
}
/***「お問合せ」ボタン***/
font input[value=""商品についての問合わせ""] {
	background: url(""http://www.rakuten.ne.jp/gold/kintsu/images/toiawase01.png"") no-repeat;
	/*border: 1px solid #930;*/
	border: 0;
	height: 35px;
	text-indent: -9999px;
	cursor: pointer !important;
	width: 250px;
	margin-top: 10px;
}
font input[value=""商品についての問合わせ""]:hover {
	opacity: 0.7;
}
/***「商品お気に入り」ボタン***/

#rakutenLimitedId_aroundCart div.bkm {
	width: 250px !important;
	height: 35px !important;
}
#rakutenLimitedId_aroundCart div.bkm {
	float: none;
	padding-bottom: 0 !important;
}
#rakutenLimitedId_aroundCart div.bookmarkArea div.bkm a.addBkm span.bkmStar {
	background: url(""http://www.rakuten.ne.jp/gold/kintsu/images/okini01.jpg"") no-repeat scroll 0 0 rgba(0, 0, 0, 0) !important;
	display: inline-block !important;
	height: 35px !important;
	margin: 0 0 10px !important;
	width: 250px !important;
}
/***「店舗お気に入り」ボタン***/

#rakutenLimitedId_aroundCart div.shopBkm {
	float: none !important;
	width: 250px !important;
	height: 35px !important;
}
#rakutenLimitedId_aroundCart div.shopBkm {
	padding-left: 0 !important;
}
#rakutenLimitedId_aroundCart div.shopBookmarkArea div.shopBkm a.addShopBkm span.shopBkmStar {
	background: url(""http://www.rakuten.ne.jp/gold/kintsu/images/okini02.jpg"") no-repeat scroll 0 0 rgba(0, 0, 0, 0) !important;
	display: inline-block !important;
	height: 35px !important;
	margin-right: 0 !important;
	width: 250px !important;
}
#rnkInShopPartsArea {
	margin: 0;
	padding: 0;		
}
#rnkInShopMain {
	margin: 0;
	padding: 0;		
}
</style>

<table width=""630"" border=""0"" cellpadding=""0"" cellspacing=""0"" style=""margin: 0 auto;"">
<tr>
<td valign=""top"" align=""left"">

</td>
</tr>
</table>",URBANO V02 手帳型ケース v02 手帳型ケース アルバーノ ケース 手帳型 ハワイ 夕焼け ハイビスカス カバー v02ケース v02カバー au ケース カバー おしゃれ かわいい 手帳型スマホケース スマホケース スマホカバー：ケータイ屋24　楽天市場店,スマートフォンアクセサリー携帯ストラップストラップスマホケーススマートフォン ケーススマホピアスイヤホンジャック アクセサリースマートフォンピアスネックストラップスワロフスキー ピアススワロフスキー ストラップスマホカバースマートフォン カバーURBANO V02 手帳型ケース v02 手帳型ケース アルバーノ ケース 手帳型 ハワイ 夕焼け ハイビスカス カバー v02ケース v02カバー au ケース カバー おしゃれ かわいい 手帳型スマホケース スマホケース スマホカバー,V02 ケース 手帳型 スマホケース 手帳ケース☆。URBANO V02 手帳型ケース v02 手帳型ケース アルバーノ ケース 手帳型 ハワイ 夕焼け ハイビスカス カバー v02ケース v02カバー au ケース カバー おしゃれ かわいい 手帳型スマホケース スマホケース スマホカバー[rn]
8-90028,http://tshop.r10s.jp/kintsu/cabinet/plus-s/n/kyv36/ps-kyv36-1066a.jpg?fitin=700:700,1600.0000,,スマートフォン・タブレット > スマートフォンアクセサリー > スマートフォンケース,スノウクリスタル 雪の結晶 TYPE6 ディグノ カバー DIGNO(R) rafre KYV36 ケース KYV36カバー KYV36ケース DIGNO(R) rafre ケース クリア ハードケース スマホケース スマホカバー 携帯カバー,DIGNO(R) rafre KYV36 2個以上で送料無料！,"美しい雪の結晶がプリントデザインされたDIGNO(R) rafre KYV36 クリア ケース。<br><br><table border=""0"" cellpadding=""2"" cellspacing=""0"" width=""400""><tbody> <tr>
      <td bgcolor=""#cccccc"">　商品特長</td>
    </tr>
    <tr>
      <td><br>
      <font size=""2"">Plus-s(プラスエス)シリーズは、ポリカーボネイト製カバーをベースに、高品質UV硬化型インクにてプリント！商品加工すべてを日本国内の熟練した職人の手作業で行われます。made in japan<br>
      <br>
      しっかりと装着出来、端末を傷から守る事ができる機能性にも優れたケースです。ハードケース素材で、UV硬化型インクにて高品質プリントを施すことにより、高級感ある仕上がりとなっております。<BR>
      <BR>
      ジャケットを装着したままで、イヤホンや充電コネクターの接続、タッチパネルの使用など操作性も確保しております。 <BR>
      <br>
      </font></td>
    </tr>
    <tr>
      <td align=""center"">&nbsp;<img src=""http://image.rakuten.co.jp/kintsu/cabinet/plus-s/explanation_plus-s.jpg"" /><br>
      <br>
      </td>
    </tr>
    <tr><td align=""left"" bgcolor=""cccccc"">　商品説明</td></tr><tr><td align=""left""><br><font size=""2"" color=""#404040"">・スマートフォンケース側面への印刷は入りません。<br>
      ・装着したまま充電可能（卓上ホルダには対応しません）です。<br>
      ・ベースのスマートフォンケースは、複数の仕入れ先より入手しており、入荷時期によって形状が若干変わる事があります。<br>
      </font>
      <hr>
      <font size=""2"" color=""#404040"">素材：ケース本体／ポリカーボネート(クリアケース)<br>
      加工：UV硬化型インク（側面にプリントは入りません）<br>
      対応機種・サイズ：DIGNO(R) rafre KYV36 専用<br>
      </font>
      <hr>
      <font size=""2"" color=""#404040"">※機種本体は含まれておりません。<br>
      ※仕様は予告なく変更する場合がございます。</font></td></tr></tbody></table><style type=""text/css"">
span.unit {
	background: url(http://www.rakuten.ne.jp/gold/kintsu/images/cart_up_send.png) no-repeat left top;
	text-indent: -9999;
	display: block;
	width: 325px;
	height: 80;
	margin: 15px 0;
}
span.choice {
	display: inline-block;
	font-size: 15px;
	margin: 5px auto;
	width: 112px;
}
select[name=""choice""] {
	font-size: 15px;
	max-width: 200px;
}
td.inventory_choice_name {
	background-color: #F7F7F7;
}
/***買い物かごまわり全ボタン・入力欄共通***/
input[value=""買い物かごに入れる""] {
	background: url(""http://www.rakuten.ne.jp/gold/kintsu/images/cart04.png"") no-repeat;
	/*border: 1px solid #930;*/
	border: 0;
	height: 45px;
	text-indent: -9999px;
	cursor: pointer !important;
	width: 250px;
	margin-top: 10px;
	display: block;
}
input[value=""買い物かごに入れる""]:not(:target) {
	background-size: cover\9; /* IE9 */
	height: 45px\9;
	width: 250px\9;
}

@media screen and (-ms-high-contrast: active), (-ms-high-contrast: none) {
input[value=""買い物かごに入れる""] {
	background-size: cover;     /* IE10 */
	height: 45px;
	width: 250px;
}
}
input[value=""買い物かごに入れる""]:hover {
	opacity: 0.8;
}
/***「お問合せ」ボタン***/
font input[value=""商品についての問合わせ""] {
	background: url(""http://www.rakuten.ne.jp/gold/kintsu/images/toiawase01.png"") no-repeat;
	/*border: 1px solid #930;*/
	border: 0;
	height: 35px;
	text-indent: -9999px;
	cursor: pointer !important;
	width: 250px;
	margin-top: 10px;
}
font input[value=""商品についての問合わせ""]:hover {
	opacity: 0.7;
}
/***「商品お気に入り」ボタン***/

#rakutenLimitedId_aroundCart div.bkm {
	width: 250px !important;
	height: 35px !important;
}
#rakutenLimitedId_aroundCart div.bkm {
	float: none;
	padding-bottom: 0 !important;
}
#rakutenLimitedId_aroundCart div.bookmarkArea div.bkm a.addBkm span.bkmStar {
	background: url(""http://www.rakuten.ne.jp/gold/kintsu/images/okini01.jpg"") no-repeat scroll 0 0 rgba(0, 0, 0, 0) !important;
	display: inline-block !important;
	height: 35px !important;
	margin: 0 0 10px !important;
	width: 250px !important;
}
/***「店舗お気に入り」ボタン***/

#rakutenLimitedId_aroundCart div.shopBkm {
	float: none !important;
	width: 250px !important;
	height: 35px !important;
}
#rakutenLimitedId_aroundCart div.shopBkm {
	padding-left: 0 !important;
}
#rakutenLimitedId_aroundCart div.shopBookmarkArea div.shopBkm a.addShopBkm span.shopBkmStar {
	background: url(""http://www.rakuten.ne.jp/gold/kintsu/images/okini02.jpg"") no-repeat scroll 0 0 rgba(0, 0, 0, 0) !important;
	display: inline-block !important;
	height: 35px !important;
	margin-right: 0 !important;
	width: 250px !important;
}
#rnkInShopPartsArea {
	margin: 0;
	padding: 0;		
}
#rnkInShopMain {
	margin: 0;
	padding: 0;		
}
</style>

<table width=""630"" border=""0"" cellpadding=""0"" cellspacing=""0"" style=""margin: 0 auto;"">
<tr>
<td valign=""top"" align=""left"">

</td>
</tr>
</table>",スノウクリスタル 雪の結晶 TYPE6 ディグノ カバー DIGNO(R) rafre KYV36 ケース KYV36カバー KYV36ケース DIGNO(R) rafre ケース クリア ハードケース スマホケース スマホカバー 携帯カバー：ケータイ屋24　楽天市場店,スマートフォンアクセサリー携帯ストラップストラップスマホケーススマートフォン ケーススマホピアスイヤホンジャック アクセサリースマートフォンピアスネックストラップスワロフスキー ピアススワロフスキー ストラップスマホカバースマートフォン カバースノウクリスタル 雪の結晶 TYPE6 ディグノ カバー DIGNO(R) rafre KYV36 ケース KYV36カバー KYV36ケース DIGNO(R) rafre ケース クリア ハードケース スマホケース スマホカバー 携帯カバー,DIGNO(R) rafre KYV36 2個以上で送料無料！。スノウクリスタル 雪の結晶 TYPE6 ディグノ カバー DIGNO(R) rafre KYV36 ケース KYV36カバー KYV36ケース DIGNO(R) rafre ケース クリア ハードケース スマホケース スマホカバー 携帯カバー[rn]
8-90029,http://tshop.r10s.jp/kintsu/cabinet/plus-s/m/v02/ps-v02-0055a.jpg?fitin=700:700,1600.0000,,スマートフォン・タブレット > スマートフォンアクセサリー > スマートフォンケース,urbano v02 ケース スパイダー 蜘蛛の巣 urbano v02 ケース urbano v02 ケース urbano v02 ケース urbano v02 ケース urbano v02 ケース urbano v02 ケース アルバーノ v02 カバー アルバーノ v02 カバー アルバーノ v02 カバー アルバーノ v02 カバー アルバーノ v02 カバー,V02 ケース カバー 2個以上で送料無料！,"蜘蛛の巣がカッコイイ URBANO V02 クリア ケース。裏側が透けているクリアケースなので、スマホ本体のデザインも活かされます♪<br><br><table border=""0"" cellpadding=""2"" cellspacing=""0"" width=""400""><tbody> <tr>
      <td bgcolor=""#cccccc"">　商品特長</td>
    </tr>
    <tr>
      <td><br>
      <font size=""2"">Plus-s(プラスエス)シリーズは、ポリカーボネイト製カバーをベースに、高品質UV硬化型インクにてプリント！商品加工すべてを日本国内の熟練した職人の手作業で行われます。made in japan<br>
      <br>
      しっかりと装着出来、端末を傷から守る事ができる機能性にも優れたケースです。ハードケース素材で、UV硬化型インクにて高品質プリントを施すことにより、高級感ある仕上がりとなっております。<BR>
      <BR>
      ジャケットを装着したままで、イヤホンや充電コネクターの接続、タッチパネルの使用など操作性も確保しております。 <BR>
      <br>
      </font></td>
    </tr>
    <tr>
      <td align=""center"">&nbsp;<img src=""http://image.rakuten.co.jp/kintsu/cabinet/plus-s/explanation_plus-s.jpg"" /><br>
      <br>
      </td>
    </tr>
    <tr><td align=""left"" bgcolor=""cccccc"">　商品説明</td></tr><tr><td align=""left""><br><font size=""2"" color=""#404040"">・スマートフォンケース側面への印刷は入りません。<br>
      ・装着したまま充電可能（卓上ホルダには対応しません）です。<br>
      ・ベースのスマートフォンケースは、複数の仕入れ先より入手しており、入荷時期によって形状が若干変わる事があります。<br>
      </font>
      <hr>
      <font size=""2"" color=""#404040"">素材：ケース本体／ポリカーボネート(クリアケース)<br>
      加工：UV硬化型インク（側面にプリントは入りません）<br>
      対応機種・サイズ：URBANO V02 専用<br>
      </font>
      <hr>
      <font size=""2"" color=""#404040"">※機種本体は含まれておりません。<br>
      ※仕様は予告なく変更する場合がございます。</font></td></tr></tbody></table><style type=""text/css"">
span.unit {
	background: url(http://www.rakuten.ne.jp/gold/kintsu/images/cart_up_send.png) no-repeat left top;
	text-indent: -9999;
	display: block;
	width: 325px;
	height: 80;
	margin: 15px 0;
}
span.choice {
	display: inline-block;
	font-size: 15px;
	margin: 5px auto;
	width: 112px;
}
select[name=""choice""] {
	font-size: 15px;
	max-width: 200px;
}
td.inventory_choice_name {
	background-color: #F7F7F7;
}
/***買い物かごまわり全ボタン・入力欄共通***/
input[value=""買い物かごに入れる""] {
	background: url(""http://www.rakuten.ne.jp/gold/kintsu/images/cart04.png"") no-repeat;
	/*border: 1px solid #930;*/
	border: 0;
	height: 45px;
	text-indent: -9999px;
	cursor: pointer !important;
	width: 250px;
	margin-top: 10px;
	display: block;
}
input[value=""買い物かごに入れる""]:not(:target) {
	background-size: cover\9; /* IE9 */
	height: 45px\9;
	width: 250px\9;
}

@media screen and (-ms-high-contrast: active), (-ms-high-contrast: none) {
input[value=""買い物かごに入れる""] {
	background-size: cover;     /* IE10 */
	height: 45px;
	width: 250px;
}
}
input[value=""買い物かごに入れる""]:hover {
	opacity: 0.8;
}
/***「お問合せ」ボタン***/
font input[value=""商品についての問合わせ""] {
	background: url(""http://www.rakuten.ne.jp/gold/kintsu/images/toiawase01.png"") no-repeat;
	/*border: 1px solid #930;*/
	border: 0;
	height: 35px;
	text-indent: -9999px;
	cursor: pointer !important;
	width: 250px;
	margin-top: 10px;
}
font input[value=""商品についての問合わせ""]:hover {
	opacity: 0.7;
}
/***「商品お気に入り」ボタン***/

#rakutenLimitedId_aroundCart div.bkm {
	width: 250px !important;
	height: 35px !important;
}
#rakutenLimitedId_aroundCart div.bkm {
	float: none;
	padding-bottom: 0 !important;
}
#rakutenLimitedId_aroundCart div.bookmarkArea div.bkm a.addBkm span.bkmStar {
	background: url(""http://www.rakuten.ne.jp/gold/kintsu/images/okini01.jpg"") no-repeat scroll 0 0 rgba(0, 0, 0, 0) !important;
	display: inline-block !important;
	height: 35px !important;
	margin: 0 0 10px !important;
	width: 250px !important;
}
/***「店舗お気に入り」ボタン***/

#rakutenLimitedId_aroundCart div.shopBkm {
	float: none !important;
	width: 250px !important;
	height: 35px !important;
}
#rakutenLimitedId_aroundCart div.shopBkm {
	padding-left: 0 !important;
}
#rakutenLimitedId_aroundCart div.shopBookmarkArea div.shopBkm a.addShopBkm span.shopBkmStar {
	background: url(""http://www.rakuten.ne.jp/gold/kintsu/images/okini02.jpg"") no-repeat scroll 0 0 rgba(0, 0, 0, 0) !important;
	display: inline-block !important;
	height: 35px !important;
	margin-right: 0 !important;
	width: 250px !important;
}
#rnkInShopPartsArea {
	margin: 0;
	padding: 0;		
}
#rnkInShopMain {
	margin: 0;
	padding: 0;		
}
</style>

<table width=""630"" border=""0"" cellpadding=""0"" cellspacing=""0"" style=""margin: 0 auto;"">
<tr>
<td valign=""top"" align=""left"">

</td>
</tr>
</table>",urbano v02 ケース スパイダー 蜘蛛の巣 urbano v02 ケース urbano v02 ケース urbano v02 ケース urbano v02 ケース urbano v02 ケース urbano v02 ケース アルバーノ v02 カバー アルバーノ v02 カバー アルバーノ v02 カバー アルバーノ v02 カバー アルバーノ v02 カバー：ケータイ屋24　楽天市場店,スマートフォンアクセサリー携帯ストラップストラップスマホケーススマートフォン ケーススマホピアスイヤホンジャック アクセサリースマートフォンピアスネックストラップスワロフスキー ピアススワロフスキー ストラップスマホカバースマートフォン カバーurbano v02 ケース スパイダー 蜘蛛の巣 urbano v02 ケース urbano v02 ケース urbano v02 ケース urbano v02 ケース urbano v02 ケース urbano v02 ケース アルバーノ v02 カバー アルバーノ v02 カバー アルバーノ v02 カバー アルバーノ v02 カバー アルバーノ v02 カバー,V02 ケース カバー 2個以上で送料無料！。urbano v02 ケース スパイダー 蜘蛛の巣 urbano v02 ケース urbano v02 ケース urbano v02 ケース urbano v02 ケース urbano v02 ケース urbano v02 ケース アルバーノ v02 カバー アルバーノ v02 カバー アルバーノ v02 カバー アルバーノ v02 カバー アルバーノ v02 カバー[rn]
8-90030,http://tshop.r10s.jp/kintsu/cabinet/plus-s/n/kyv36/ps-kyv36-1054a.jpg?fitin=700:700,1600.0000,,スマートフォン・タブレット > スマートフォンアクセサリー > スマートフォンケース,木目 TYPE5 ディグノ カバー DIGNO(R) rafre KYV36 ケース KYV36カバー KYV36ケース DIGNO(R) rafre ケース クリア ハードケース スマホケース スマホカバー 携帯カバー,DIGNO(R) rafre KYV36 2個以上で送料無料！,"美しい木目のDIGNO(R) rafre KYV36 クリア ケース。<br><br><table border=""0"" cellpadding=""2"" cellspacing=""0"" width=""400""><tbody> <tr>
      <td bgcolor=""#cccccc"">　商品特長</td>
    </tr>
    <tr>
      <td><br>
      <font size=""2"">Plus-s(プラスエス)シリーズは、ポリカーボネイト製カバーをベースに、高品質UV硬化型インクにてプリント！商品加工すべてを日本国内の熟練した職人の手作業で行われます。made in japan<br>
      <br>
      しっかりと装着出来、端末を傷から守る事ができる機能性にも優れたケースです。ハードケース素材で、UV硬化型インクにて高品質プリントを施すことにより、高級感ある仕上がりとなっております。<BR>
      <BR>
      ジャケットを装着したままで、イヤホンや充電コネクターの接続、タッチパネルの使用など操作性も確保しております。 <BR>
      <br>
      </font></td>
    </tr>
    <tr>
      <td align=""center"">&nbsp;<img src=""http://image.rakuten.co.jp/kintsu/cabinet/plus-s/explanation_plus-s.jpg"" /><br>
      <br>
      </td>
    </tr>
    <tr><td align=""left"" bgcolor=""cccccc"">　商品説明</td></tr><tr><td align=""left""><br><font size=""2"" color=""#404040"">・スマートフォンケース側面への印刷は入りません。<br>
      ・装着したまま充電可能（卓上ホルダには対応しません）です。<br>
      ・ベースのスマートフォンケースは、複数の仕入れ先より入手しており、入荷時期によって形状が若干変わる事があります。<br>
      </font>
      <hr>
      <font size=""2"" color=""#404040"">素材：ケース本体／ポリカーボネート(クリアケース)<br>
      加工：UV硬化型インク（側面にプリントは入りません）<br>
      対応機種・サイズ：DIGNO(R) rafre KYV36 専用<br>
      </font>
      <hr>
      <font size=""2"" color=""#404040"">※機種本体は含まれておりません。<br>
      ※仕様は予告なく変更する場合がございます。</font></td></tr></tbody></table><style type=""text/css"">
span.unit {
	background: url(http://www.rakuten.ne.jp/gold/kintsu/images/cart_up_send.png) no-repeat left top;
	text-indent: -9999;
	display: block;
	width: 325px;
	height: 80;
	margin: 15px 0;
}
span.choice {
	display: inline-block;
	font-size: 15px;
	margin: 5px auto;
	width: 112px;
}
select[name=""choice""] {
	font-size: 15px;
	max-width: 200px;
}
td.inventory_choice_name {
	background-color: #F7F7F7;
}
/***買い物かごまわり全ボタン・入力欄共通***/
input[value=""買い物かごに入れる""] {
	background: url(""http://www.rakuten.ne.jp/gold/kintsu/images/cart04.png"") no-repeat;
	/*border: 1px solid #930;*/
	border: 0;
	height: 45px;
	text-indent: -9999px;
	cursor: pointer !important;
	width: 250px;
	margin-top: 10px;
	display: block;
}
input[value=""買い物かごに入れる""]:not(:target) {
	background-size: cover\9; /* IE9 */
	height: 45px\9;
	width: 250px\9;
}

@media screen and (-ms-high-contrast: active), (-ms-high-contrast: none) {
input[value=""買い物かごに入れる""] {
	background-size: cover;     /* IE10 */
	height: 45px;
	width: 250px;
}
}
input[value=""買い物かごに入れる""]:hover {
	opacity: 0.8;
}
/***「お問合せ」ボタン***/
font input[value=""商品についての問合わせ""] {
	background: url(""http://www.rakuten.ne.jp/gold/kintsu/images/toiawase01.png"") no-repeat;
	/*border: 1px solid #930;*/
	border: 0;
	height: 35px;
	text-indent: -9999px;
	cursor: pointer !important;
	width: 250px;
	margin-top: 10px;
}
font input[value=""商品についての問合わせ""]:hover {
	opacity: 0.7;
}
/***「商品お気に入り」ボタン***/

#rakutenLimitedId_aroundCart div.bkm {
	width: 250px !important;
	height: 35px !important;
}
#rakutenLimitedId_aroundCart div.bkm {
	float: none;
	padding-bottom: 0 !important;
}
#rakutenLimitedId_aroundCart div.bookmarkArea div.bkm a.addBkm span.bkmStar {
	background: url(""http://www.rakuten.ne.jp/gold/kintsu/images/okini01.jpg"") no-repeat scroll 0 0 rgba(0, 0, 0, 0) !important;
	display: inline-block !important;
	height: 35px !important;
	margin: 0 0 10px !important;
	width: 250px !important;
}
/***「店舗お気に入り」ボタン***/

#rakutenLimitedId_aroundCart div.shopBkm {
	float: none !important;
	width: 250px !important;
	height: 35px !important;
}
#rakutenLimitedId_aroundCart div.shopBkm {
	padding-left: 0 !important;
}
#rakutenLimitedId_aroundCart div.shopBookmarkArea div.shopBkm a.addShopBkm span.shopBkmStar {
	background: url(""http://www.rakuten.ne.jp/gold/kintsu/images/okini02.jpg"") no-repeat scroll 0 0 rgba(0, 0, 0, 0) !important;
	display: inline-block !important;
	height: 35px !important;
	margin-right: 0 !important;
	width: 250px !important;
}
#rnkInShopPartsArea {
	margin: 0;
	padding: 0;		
}
#rnkInShopMain {
	margin: 0;
	padding: 0;		
}
</style>

<table width=""630"" border=""0"" cellpadding=""0"" cellspacing=""0"" style=""margin: 0 auto;"">
<tr>
<td valign=""top"" align=""left"">

</td>
</tr>
</table>",木目 TYPE5 ディグノ カバー DIGNO(R) rafre KYV36 ケース KYV36カバー KYV36ケース DIGNO(R) rafre ケース クリア ハードケース スマホケース スマホカバー 携帯カバー：ケータイ屋24　楽天市場店,スマートフォンアクセサリー携帯ストラップストラップスマホケーススマートフォン ケーススマホピアスイヤホンジャック アクセサリースマートフォンピアスネックストラップスワロフスキー ピアススワロフスキー ストラップスマホカバースマートフォン カバー木目 TYPE5 ディグノ カバー DIGNO(R) rafre KYV36 ケース KYV36カバー KYV36ケース DIGNO(R) rafre ケース クリア ハードケース スマホケース スマホカバー 携帯カバー,DIGNO(R) rafre KYV36 2個以上で送料無料！。木目 TYPE5 ディグノ カバー DIGNO(R) rafre KYV36 ケース KYV36カバー KYV36ケース DIGNO(R) rafre ケース クリア ハードケース スマホケース スマホカバー 携帯カバー[rn]
8-90031,http://tshop.r10s.jp/kintsu/cabinet/plus-s/m/kyv36/ps-kyv36-0193a.jpg?fitin=700:700,1600.0000,,スマートフォン・タブレット > スマートフォンアクセサリー > スマートフォンケース,ディグノ カバー 防弾ケース…ではない　カラー KYV36 ケース KYV36 ケース KYV36 ケース KYV36 ケース KYV36 ケース KYV36 ケース ディグノ スマホケース スマホカバー,DIGNO(R) rafre KYV36 2個以上で送料無料！,"ユニークなパロディのデザイン。子供にウケる DIGNO(R) rafre KYV36 クリア ケース。種類も豊富♪<br><br><table border=""0"" cellpadding=""2"" cellspacing=""0"" width=""400""><tbody> <tr>
      <td bgcolor=""#cccccc"">　商品特長</td>
    </tr>
    <tr>
      <td><br>
      <font size=""2"">Plus-s(プラスエス)シリーズは、ポリカーボネイト製カバーをベースに、高品質UV硬化型インクにてプリント！商品加工すべてを日本国内の熟練した職人の手作業で行われます。made in japan<br>
      <br>
      しっかりと装着出来、端末を傷から守る事ができる機能性にも優れたケースです。ハードケース素材で、UV硬化型インクにて高品質プリントを施すことにより、高級感ある仕上がりとなっております。<BR>
      <BR>
      ジャケットを装着したままで、イヤホンや充電コネクターの接続、タッチパネルの使用など操作性も確保しております。 <BR>
      <br>
      </font></td>
    </tr>
    <tr>
      <td align=""center"">&nbsp;<img src=""http://image.rakuten.co.jp/kintsu/cabinet/plus-s/explanation_plus-s.jpg"" /><br>
      <br>
      </td>
    </tr>
    <tr><td align=""left"" bgcolor=""cccccc"">　商品説明</td></tr><tr><td align=""left""><br><font size=""2"" color=""#404040"">・スマートフォンケース側面への印刷は入りません。<br>
      ・装着したまま充電可能（卓上ホルダには対応しません）です。<br>
      ・ベースのスマートフォンケースは、複数の仕入れ先より入手しており、入荷時期によって形状が若干変わる事があります。<br>
      </font>
      <hr>
      <font size=""2"" color=""#404040"">素材：ケース本体／ポリカーボネート(クリアケース)<br>
      加工：UV硬化型インク（側面にプリントは入りません）<br>
      対応機種・サイズ：DIGNO(R) rafre KYV36 専用<br>
      </font>
      <hr>
      <font size=""2"" color=""#404040"">※機種本体は含まれておりません。<br>
      ※仕様は予告なく変更する場合がございます。</font></td></tr></tbody></table><style type=""text/css"">
span.unit {
	background: url(http://www.rakuten.ne.jp/gold/kintsu/images/cart_up_send.png) no-repeat left top;
	text-indent: -9999;
	display: block;
	width: 325px;
	height: 80;
	margin: 15px 0;
}
span.choice {
	display: inline-block;
	font-size: 15px;
	margin: 5px auto;
	width: 112px;
}
select[name=""choice""] {
	font-size: 15px;
	max-width: 200px;
}
td.inventory_choice_name {
	background-color: #F7F7F7;
}
/***買い物かごまわり全ボタン・入力欄共通***/
input[value=""買い物かごに入れる""] {
	background: url(""http://www.rakuten.ne.jp/gold/kintsu/images/cart04.png"") no-repeat;
	/*border: 1px solid #930;*/
	border: 0;
	height: 45px;
	text-indent: -9999px;
	cursor: pointer !important;
	width: 250px;
	margin-top: 10px;
	display: block;
}
input[value=""買い物かごに入れる""]:not(:target) {
	background-size: cover\9; /* IE9 */
	height: 45px\9;
	width: 250px\9;
}

@media screen and (-ms-high-contrast: active), (-ms-high-contrast: none) {
input[value=""買い物かごに入れる""] {
	background-size: cover;     /* IE10 */
	height: 45px;
	width: 250px;
}
}
input[value=""買い物かごに入れる""]:hover {
	opacity: 0.8;
}
/***「お問合せ」ボタン***/
font input[value=""商品についての問合わせ""] {
	background: url(""http://www.rakuten.ne.jp/gold/kintsu/images/toiawase01.png"") no-repeat;
	/*border: 1px solid #930;*/
	border: 0;
	height: 35px;
	text-indent: -9999px;
	cursor: pointer !important;
	width: 250px;
	margin-top: 10px;
}
font input[value=""商品についての問合わせ""]:hover {
	opacity: 0.7;
}
/***「商品お気に入り」ボタン***/

#rakutenLimitedId_aroundCart div.bkm {
	width: 250px !important;
	height: 35px !important;
}
#rakutenLimitedId_aroundCart div.bkm {
	float: none;
	padding-bottom: 0 !important;
}
#rakutenLimitedId_aroundCart div.bookmarkArea div.bkm a.addBkm span.bkmStar {
	background: url(""http://www.rakuten.ne.jp/gold/kintsu/images/okini01.jpg"") no-repeat scroll 0 0 rgba(0, 0, 0, 0) !important;
	display: inline-block !important;
	height: 35px !important;
	margin: 0 0 10px !important;
	width: 250px !important;
}
/***「店舗お気に入り」ボタン***/

#rakutenLimitedId_aroundCart div.shopBkm {
	float: none !important;
	width: 250px !important;
	height: 35px !important;
}
#rakutenLimitedId_aroundCart div.shopBkm {
	padding-left: 0 !important;
}
#rakutenLimitedId_aroundCart div.shopBookmarkArea div.shopBkm a.addShopBkm span.shopBkmStar {
	background: url(""http://www.rakuten.ne.jp/gold/kintsu/images/okini02.jpg"") no-repeat scroll 0 0 rgba(0, 0, 0, 0) !important;
	display: inline-block !important;
	height: 35px !important;
	margin-right: 0 !important;
	width: 250px !important;
}
#rnkInShopPartsArea {
	margin: 0;
	padding: 0;		
}
#rnkInShopMain {
	margin: 0;
	padding: 0;		
}
</style>

<table width=""630"" border=""0"" cellpadding=""0"" cellspacing=""0"" style=""margin: 0 auto;"">
<tr>
<td valign=""top"" align=""left"">

</td>
</tr>
</table>",ディグノ カバー 防弾ケース&hellip;ではない　カラー KYV36 ケース KYV36 ケース KYV36 ケース KYV36 ケース KYV36 ケース KYV36 ケース ディグノ スマホケース スマホカバー：ケータイ屋24　楽天市場店,スマートフォンアクセサリー携帯ストラップストラップスマホケーススマートフォン ケーススマホピアスイヤホンジャック アクセサリースマートフォンピアスネックストラップスワロフスキー ピアススワロフスキー ストラップスマホカバースマートフォン カバーディグノ カバー 防弾ケース&hellip;ではない　カラー KYV36 ケース KYV36 ケース KYV36 ケース KYV36 ケース KYV36 ケース KYV36 ケース ディグノ スマホケース スマホカバー,DIGNO(R) rafre KYV36 2個以上で送料無料！。ディグノ カバー 防弾ケース&hellip;ではない　カラー KYV36 ケース KYV36 ケース KYV36 ケース KYV36 ケース KYV36 ケース KYV36 ケース ディグノ スマホケース スマホカバー[rn]
8-90032,http://tshop.r10s.jp/kintsu/cabinet/plus-s/m/v02/ps-v02-0009a.jpg?fitin=700:700,1600.0000,,スマートフォン・タブレット > スマートフォンアクセサリー > スマートフォンケース,urbano v02 ケース きらめく2匹の蝶々(クリア) urbano v02 ケース urbano v02 ケース urbano v02 ケース urbano v02 ケース urbano v02 ケース urbano v02 ケース アルバーノ v02 カバー アルバーノ v02 カバー アルバーノ v02 カバー アルバーノ v02 カバー,V02 ケース カバー 2個以上で送料無料！,"美しくきらめく2匹蝶々のURBANO V02 クリア ケース。裏側が透けているクリアケースなので、スマホ本体のデザインも活かされます♪<br><br><table border=""0"" cellpadding=""2"" cellspacing=""0"" width=""400""><tbody> <tr>
      <td bgcolor=""#cccccc"">　商品特長</td>
    </tr>
    <tr>
      <td><br>
      <font size=""2"">Plus-s(プラスエス)シリーズは、ポリカーボネイト製カバーをベースに、高品質UV硬化型インクにてプリント！商品加工すべてを日本国内の熟練した職人の手作業で行われます。made in japan<br>
      <br>
      しっかりと装着出来、端末を傷から守る事ができる機能性にも優れたケースです。ハードケース素材で、UV硬化型インクにて高品質プリントを施すことにより、高級感ある仕上がりとなっております。<BR>
      <BR>
      ジャケットを装着したままで、イヤホンや充電コネクターの接続、タッチパネルの使用など操作性も確保しております。 <BR>
      <br>
      </font></td>
    </tr>
    <tr>
      <td align=""center"">&nbsp;<img src=""http://image.rakuten.co.jp/kintsu/cabinet/plus-s/explanation_plus-s.jpg"" /><br>
      <br>
      </td>
    </tr>
    <tr><td align=""left"" bgcolor=""cccccc"">　商品説明</td></tr><tr><td align=""left""><br><font size=""2"" color=""#404040"">・スマートフォンケース側面への印刷は入りません。<br>
      ・装着したまま充電可能（卓上ホルダには対応しません）です。<br>
      ・ベースのスマートフォンケースは、複数の仕入れ先より入手しており、入荷時期によって形状が若干変わる事があります。<br>
      </font>
      <hr>
      <font size=""2"" color=""#404040"">素材：ケース本体／ポリカーボネート(クリアケース)<br>
      加工：UV硬化型インク（側面にプリントは入りません）<br>
      対応機種・サイズ：URBANO V02 専用<br>
      </font>
      <hr>
      <font size=""2"" color=""#404040"">※機種本体は含まれておりません。<br>
      ※仕様は予告なく変更する場合がございます。</font></td></tr></tbody></table><style type=""text/css"">
span.unit {
	background: url(http://www.rakuten.ne.jp/gold/kintsu/images/cart_up_send.png) no-repeat left top;
	text-indent: -9999;
	display: block;
	width: 325px;
	height: 80;
	margin: 15px 0;
}
span.choice {
	display: inline-block;
	font-size: 15px;
	margin: 5px auto;
	width: 112px;
}
select[name=""choice""] {
	font-size: 15px;
	max-width: 200px;
}
td.inventory_choice_name {
	background-color: #F7F7F7;
}
/***買い物かごまわり全ボタン・入力欄共通***/
input[value=""買い物かごに入れる""] {
	background: url(""http://www.rakuten.ne.jp/gold/kintsu/images/cart04.png"") no-repeat;
	/*border: 1px solid #930;*/
	border: 0;
	height: 45px;
	text-indent: -9999px;
	cursor: pointer !important;
	width: 250px;
	margin-top: 10px;
	display: block;
}
input[value=""買い物かごに入れる""]:not(:target) {
	background-size: cover\9; /* IE9 */
	height: 45px\9;
	width: 250px\9;
}

@media screen and (-ms-high-contrast: active), (-ms-high-contrast: none) {
input[value=""買い物かごに入れる""] {
	background-size: cover;     /* IE10 */
	height: 45px;
	width: 250px;
}
}
input[value=""買い物かごに入れる""]:hover {
	opacity: 0.8;
}
/***「お問合せ」ボタン***/
font input[value=""商品についての問合わせ""] {
	background: url(""http://www.rakuten.ne.jp/gold/kintsu/images/toiawase01.png"") no-repeat;
	/*border: 1px solid #930;*/
	border: 0;
	height: 35px;
	text-indent: -9999px;
	cursor: pointer !important;
	width: 250px;
	margin-top: 10px;
}
font input[value=""商品についての問合わせ""]:hover {
	opacity: 0.7;
}
/***「商品お気に入り」ボタン***/

#rakutenLimitedId_aroundCart div.bkm {
	width: 250px !important;
	height: 35px !important;
}
#rakutenLimitedId_aroundCart div.bkm {
	float: none;
	padding-bottom: 0 !important;
}
#rakutenLimitedId_aroundCart div.bookmarkArea div.bkm a.addBkm span.bkmStar {
	background: url(""http://www.rakuten.ne.jp/gold/kintsu/images/okini01.jpg"") no-repeat scroll 0 0 rgba(0, 0, 0, 0) !important;
	display: inline-block !important;
	height: 35px !important;
	margin: 0 0 10px !important;
	width: 250px !important;
}
/***「店舗お気に入り」ボタン***/

#rakutenLimitedId_aroundCart div.shopBkm {
	float: none !important;
	width: 250px !important;
	height: 35px !important;
}
#rakutenLimitedId_aroundCart div.shopBkm {
	padding-left: 0 !important;
}
#rakutenLimitedId_aroundCart div.shopBookmarkArea div.shopBkm a.addShopBkm span.shopBkmStar {
	background: url(""http://www.rakuten.ne.jp/gold/kintsu/images/okini02.jpg"") no-repeat scroll 0 0 rgba(0, 0, 0, 0) !important;
	display: inline-block !important;
	height: 35px !important;
	margin-right: 0 !important;
	width: 250px !important;
}
#rnkInShopPartsArea {
	margin: 0;
	padding: 0;		
}
#rnkInShopMain {
	margin: 0;
	padding: 0;		
}
</style>

<table width=""630"" border=""0"" cellpadding=""0"" cellspacing=""0"" style=""margin: 0 auto;"">
<tr>
<td valign=""top"" align=""left"">

</td>
</tr>
</table>",urbano v02 ケース きらめく2匹の蝶々(クリア) urbano v02 ケース urbano v02 ケース urbano v02 ケース urbano v02 ケース urbano v02 ケース urbano v02 ケース アルバーノ v02 カバー アルバーノ v02 カバー アルバーノ v02 カバー アルバーノ v02 カバー：ケータイ屋24　楽天市場店,スマートフォンアクセサリー携帯ストラップストラップスマホケーススマートフォン ケーススマホピアスイヤホンジャック アクセサリースマートフォンピアスネックストラップスワロフスキー ピアススワロフスキー ストラップスマホカバースマートフォン カバーurbano v02 ケース きらめく2匹の蝶々(クリア) urbano v02 ケース urbano v02 ケース urbano v02 ケース urbano v02 ケース urbano v02 ケース urbano v02 ケース アルバーノ v02 カバー アルバーノ v02 カバー アルバーノ v02 カバー アルバーノ v02 カバー,V02 ケース カバー 2個以上で送料無料！。urbano v02 ケース きらめく2匹の蝶々(クリア) urbano v02 ケース urbano v02 ケース urbano v02 ケース urbano v02 ケース urbano v02 ケース urbano v02 ケース アルバーノ v02 カバー アルバーノ v02 カバー アルバーノ v02 カバー アルバーノ v02 カバー[rn]
8-90033,http://tshop.r10s.jp/kintsu/cabinet/plus-s/m/kyv36/ps-kyv36-0071a.jpg?fitin=700:700,1600.0000,,スマートフォン・タブレット > スマートフォンアクセサリー > スマートフォンケース,ディグノ カバー キャンディ ドット KYV36 ケース KYV36 ケース KYV36 ケース KYV36 ケース KYV36 ケース KYV36 ケース ディグノ スマホケース スマホカバー,DIGNO(R) rafre KYV36 2個以上で送料無料！,"カラフルなドットキャンディ DIGNO(R) rafre KYV36 クリア ケース。裏側が透けているクリアケースなので、スマホ本体のデザインも活かされます♪<br><br><table border=""0"" cellpadding=""2"" cellspacing=""0"" width=""400""><tbody> <tr>
      <td bgcolor=""#cccccc"">　商品特長</td>
    </tr>
    <tr>
      <td><br>
      <font size=""2"">Plus-s(プラスエス)シリーズは、ポリカーボネイト製カバーをベースに、高品質UV硬化型インクにてプリント！商品加工すべてを日本国内の熟練した職人の手作業で行われます。made in japan<br>
      <br>
      しっかりと装着出来、端末を傷から守る事ができる機能性にも優れたケースです。ハードケース素材で、UV硬化型インクにて高品質プリントを施すことにより、高級感ある仕上がりとなっております。<BR>
      <BR>
      ジャケットを装着したままで、イヤホンや充電コネクターの接続、タッチパネルの使用など操作性も確保しております。 <BR>
      <br>
      </font></td>
    </tr>
    <tr>
      <td align=""center"">&nbsp;<img src=""http://image.rakuten.co.jp/kintsu/cabinet/plus-s/explanation_plus-s.jpg"" /><br>
      <br>
      </td>
    </tr>
    <tr><td align=""left"" bgcolor=""cccccc"">　商品説明</td></tr><tr><td align=""left""><br><font size=""2"" color=""#404040"">・スマートフォンケース側面への印刷は入りません。<br>
      ・装着したまま充電可能（卓上ホルダには対応しません）です。<br>
      ・ベースのスマートフォンケースは、複数の仕入れ先より入手しており、入荷時期によって形状が若干変わる事があります。<br>
      </font>
      <hr>
      <font size=""2"" color=""#404040"">素材：ケース本体／ポリカーボネート(クリアケース)<br>
      加工：UV硬化型インク（側面にプリントは入りません）<br>
      対応機種・サイズ：DIGNO(R) rafre KYV36 専用<br>
      </font>
      <hr>
      <font size=""2"" color=""#404040"">※機種本体は含まれておりません。<br>
      ※仕様は予告なく変更する場合がございます。</font></td></tr></tbody></table><style type=""text/css"">
span.unit {
	background: url(http://www.rakuten.ne.jp/gold/kintsu/images/cart_up_send.png) no-repeat left top;
	text-indent: -9999;
	display: block;
	width: 325px;
	height: 80;
	margin: 15px 0;
}
span.choice {
	display: inline-block;
	font-size: 15px;
	margin: 5px auto;
	width: 112px;
}
select[name=""choice""] {
	font-size: 15px;
	max-width: 200px;
}
td.inventory_choice_name {
	background-color: #F7F7F7;
}
/***買い物かごまわり全ボタン・入力欄共通***/
input[value=""買い物かごに入れる""] {
	background: url(""http://www.rakuten.ne.jp/gold/kintsu/images/cart04.png"") no-repeat;
	/*border: 1px solid #930;*/
	border: 0;
	height: 45px;
	text-indent: -9999px;
	cursor: pointer !important;
	width: 250px;
	margin-top: 10px;
	display: block;
}
input[value=""買い物かごに入れる""]:not(:target) {
	background-size: cover\9; /* IE9 */
	height: 45px\9;
	width: 250px\9;
}

@media screen and (-ms-high-contrast: active), (-ms-high-contrast: none) {
input[value=""買い物かごに入れる""] {
	background-size: cover;     /* IE10 */
	height: 45px;
	width: 250px;
}
}
input[value=""買い物かごに入れる""]:hover {
	opacity: 0.8;
}
/***「お問合せ」ボタン***/
font input[value=""商品についての問合わせ""] {
	background: url(""http://www.rakuten.ne.jp/gold/kintsu/images/toiawase01.png"") no-repeat;
	/*border: 1px solid #930;*/
	border: 0;
	height: 35px;
	text-indent: -9999px;
	cursor: pointer !important;
	width: 250px;
	margin-top: 10px;
}
font input[value=""商品についての問合わせ""]:hover {
	opacity: 0.7;
}
/***「商品お気に入り」ボタン***/

#rakutenLimitedId_aroundCart div.bkm {
	width: 250px !important;
	height: 35px !important;
}
#rakutenLimitedId_aroundCart div.bkm {
	float: none;
	padding-bottom: 0 !important;
}
#rakutenLimitedId_aroundCart div.bookmarkArea div.bkm a.addBkm span.bkmStar {
	background: url(""http://www.rakuten.ne.jp/gold/kintsu/images/okini01.jpg"") no-repeat scroll 0 0 rgba(0, 0, 0, 0) !important;
	display: inline-block !important;
	height: 35px !important;
	margin: 0 0 10px !important;
	width: 250px !important;
}
/***「店舗お気に入り」ボタン***/

#rakutenLimitedId_aroundCart div.shopBkm {
	float: none !important;
	width: 250px !important;
	height: 35px !important;
}
#rakutenLimitedId_aroundCart div.shopBkm {
	padding-left: 0 !important;
}
#rakutenLimitedId_aroundCart div.shopBookmarkArea div.shopBkm a.addShopBkm span.shopBkmStar {
	background: url(""http://www.rakuten.ne.jp/gold/kintsu/images/okini02.jpg"") no-repeat scroll 0 0 rgba(0, 0, 0, 0) !important;
	display: inline-block !important;
	height: 35px !important;
	margin-right: 0 !important;
	width: 250px !important;
}
#rnkInShopPartsArea {
	margin: 0;
	padding: 0;		
}
#rnkInShopMain {
	margin: 0;
	padding: 0;		
}
</style>

<table width=""630"" border=""0"" cellpadding=""0"" cellspacing=""0"" style=""margin: 0 auto;"">
<tr>
<td valign=""top"" align=""left"">

</td>
</tr>
</table>",ディグノ カバー キャンディ ドット KYV36 ケース KYV36 ケース KYV36 ケース KYV36 ケース KYV36 ケース KYV36 ケース ディグノ スマホケース スマホカバー：ケータイ屋24　楽天市場店,スマートフォンアクセサリー携帯ストラップストラップスマホケーススマートフォン ケーススマホピアスイヤホンジャック アクセサリースマートフォンピアスネックストラップスワロフスキー ピアススワロフスキー ストラップスマホカバースマートフォン カバーディグノ カバー キャンディ ドット KYV36 ケース KYV36 ケース KYV36 ケース KYV36 ケース KYV36 ケース KYV36 ケース ディグノ スマホケース スマホカバー,DIGNO(R) rafre KYV36 2個以上で送料無料！。ディグノ カバー キャンディ ドット KYV36 ケース KYV36 ケース KYV36 ケース KYV36 ケース KYV36 ケース KYV36 ケース ディグノ スマホケース スマホカバー[rn]
8-90034,http://tshop.r10s.jp/kintsu/cabinet/plus-s/n/v02/ps-v02-1146a.jpg?fitin=700:700,1600.0000,,スマートフォン・タブレット > スマートフォンアクセサリー > スマートフォンケース,パリ エッフェル塔 カラー urbano v02 ケース アルバーノ v02 カバー v02カバー v02ケース urbanov02 au クリア ハードケース スマホケース スマホカバー 携帯カバー,V02 ケース カバー 2個以上で送料無料！,"パリ エッフェル塔をモチーフにした URBANO V02 クリア ケース。種類も豊富♪<br><br><table border=""0"" cellpadding=""2"" cellspacing=""0"" width=""400""><tbody> <tr>
      <td bgcolor=""#cccccc"">　商品特長</td>
    </tr>
    <tr>
      <td><br>
      <font size=""2"">Plus-s(プラスエス)シリーズは、ポリカーボネイト製カバーをベースに、高品質UV硬化型インクにてプリント！商品加工すべてを日本国内の熟練した職人の手作業で行われます。made in japan<br>
      <br>
      しっかりと装着出来、端末を傷から守る事ができる機能性にも優れたケースです。ハードケース素材で、UV硬化型インクにて高品質プリントを施すことにより、高級感ある仕上がりとなっております。<BR>
      <BR>
      ジャケットを装着したままで、イヤホンや充電コネクターの接続、タッチパネルの使用など操作性も確保しております。 <BR>
      <br>
      </font></td>
    </tr>
    <tr>
      <td align=""center"">&nbsp;<img src=""http://image.rakuten.co.jp/kintsu/cabinet/plus-s/explanation_plus-s.jpg"" /><br>
      <br>
      </td>
    </tr>
    <tr><td align=""left"" bgcolor=""cccccc"">　商品説明</td></tr><tr><td align=""left""><br><font size=""2"" color=""#404040"">・スマートフォンケース側面への印刷は入りません。<br>
      ・装着したまま充電可能（卓上ホルダには対応しません）です。<br>
      ・ベースのスマートフォンケースは、複数の仕入れ先より入手しており、入荷時期によって形状が若干変わる事があります。<br>
      </font>
      <hr>
      <font size=""2"" color=""#404040"">素材：ケース本体／ポリカーボネート(クリアケース)<br>
      加工：UV硬化型インク（側面にプリントは入りません）<br>
      対応機種・サイズ：URBANO V02 専用<br>
      </font>
      <hr>
      <font size=""2"" color=""#404040"">※機種本体は含まれておりません。<br>
      ※仕様は予告なく変更する場合がございます。</font></td></tr></tbody></table><style type=""text/css"">
span.unit {
	background: url(http://www.rakuten.ne.jp/gold/kintsu/images/cart_up_send.png) no-repeat left top;
	text-indent: -9999;
	display: block;
	width: 325px;
	height: 80;
	margin: 15px 0;
}
span.choice {
	display: inline-block;
	font-size: 15px;
	margin: 5px auto;
	width: 112px;
}
select[name=""choice""] {
	font-size: 15px;
	max-width: 200px;
}
td.inventory_choice_name {
	background-color: #F7F7F7;
}
/***買い物かごまわり全ボタン・入力欄共通***/
input[value=""買い物かごに入れる""] {
	background: url(""http://www.rakuten.ne.jp/gold/kintsu/images/cart04.png"") no-repeat;
	/*border: 1px solid #930;*/
	border: 0;
	height: 45px;
	text-indent: -9999px;
	cursor: pointer !important;
	width: 250px;
	margin-top: 10px;
	display: block;
}
input[value=""買い物かごに入れる""]:not(:target) {
	background-size: cover\9; /* IE9 */
	height: 45px\9;
	width: 250px\9;
}

@media screen and (-ms-high-contrast: active), (-ms-high-contrast: none) {
input[value=""買い物かごに入れる""] {
	background-size: cover;     /* IE10 */
	height: 45px;
	width: 250px;
}
}
input[value=""買い物かごに入れる""]:hover {
	opacity: 0.8;
}
/***「お問合せ」ボタン***/
font input[value=""商品についての問合わせ""] {
	background: url(""http://www.rakuten.ne.jp/gold/kintsu/images/toiawase01.png"") no-repeat;
	/*border: 1px solid #930;*/
	border: 0;
	height: 35px;
	text-indent: -9999px;
	cursor: pointer !important;
	width: 250px;
	margin-top: 10px;
}
font input[value=""商品についての問合わせ""]:hover {
	opacity: 0.7;
}
/***「商品お気に入り」ボタン***/

#rakutenLimitedId_aroundCart div.bkm {
	width: 250px !important;
	height: 35px !important;
}
#rakutenLimitedId_aroundCart div.bkm {
	float: none;
	padding-bottom: 0 !important;
}
#rakutenLimitedId_aroundCart div.bookmarkArea div.bkm a.addBkm span.bkmStar {
	background: url(""http://www.rakuten.ne.jp/gold/kintsu/images/okini01.jpg"") no-repeat scroll 0 0 rgba(0, 0, 0, 0) !important;
	display: inline-block !important;
	height: 35px !important;
	margin: 0 0 10px !important;
	width: 250px !important;
}
/***「店舗お気に入り」ボタン***/

#rakutenLimitedId_aroundCart div.shopBkm {
	float: none !important;
	width: 250px !important;
	height: 35px !important;
}
#rakutenLimitedId_aroundCart div.shopBkm {
	padding-left: 0 !important;
}
#rakutenLimitedId_aroundCart div.shopBookmarkArea div.shopBkm a.addShopBkm span.shopBkmStar {
	background: url(""http://www.rakuten.ne.jp/gold/kintsu/images/okini02.jpg"") no-repeat scroll 0 0 rgba(0, 0, 0, 0) !important;
	display: inline-block !important;
	height: 35px !important;
	margin-right: 0 !important;
	width: 250px !important;
}
#rnkInShopPartsArea {
	margin: 0;
	padding: 0;		
}
#rnkInShopMain {
	margin: 0;
	padding: 0;		
}
</style>

<table width=""630"" border=""0"" cellpadding=""0"" cellspacing=""0"" style=""margin: 0 auto;"">
<tr>
<td valign=""top"" align=""left"">

</td>
</tr>
</table>",パリ エッフェル塔 カラー urbano v02 ケース アルバーノ v02 カバー v02カバー v02ケース urbanov02 au クリア ハードケース スマホケース スマホカバー 携帯カバー：ケータイ屋24　楽天市場店,スマートフォンアクセサリー携帯ストラップストラップスマホケーススマートフォン ケーススマホピアスイヤホンジャック アクセサリースマートフォンピアスネックストラップスワロフスキー ピアススワロフスキー ストラップスマホカバースマートフォン カバーパリ エッフェル塔 カラー urbano v02 ケース アルバーノ v02 カバー v02カバー v02ケース urbanov02 au クリア ハードケース スマホケース スマホカバー 携帯カバー,V02 ケース カバー 2個以上で送料無料！。パリ エッフェル塔 カラー urbano v02 ケース アルバーノ v02 カバー v02カバー v02ケース urbanov02 au クリア ハードケース スマホケース スマホカバー 携帯カバー[rn]
8-90035,http://tshop.r10s.jp/kintsu/cabinet/plus-s/diary/plus-diary-icd0003a2.jpg?fitin=700:700,1836.8000,,スマートフォン・タブレット > スマートフォンアクセサリー > スマートフォンケース,urbano v02 ケース 手帳型 猫 ねこ パターン柄  v02ケース v02ケース v02ケース v02ケース v02ケース v02ケース v02ケース v02ケース v02ケース v02ケース アルバーノ v02 カバー,アルバーノ v02 カバー 手帳型,"<font color=""#ff0000""><b>※ 画像はイメージです。<br>
機種やカメラの位置等によって、デザインの見え方が異ったり<br>絵柄が切れる場合がございます。
<br>
予めご了承ください。</b></font><br><br>
可愛い黒猫のパターン柄を プリントした手帳型 ダイアリーケース。バラエティも豊富☆ URBANO V02ケース<br>
<br><table border=""0"" cellpadding=""2"" cellspacing=""0"" width=""400""><tbody> <tr>
      <td bgcolor=""#cccccc"">　商品特長</td>
    </tr>
    <tr>
      <td><br>
      <font size=""2"">Plus-s(プラスエス)シリーズは、手帳型製カバーをベースに、高品質UV硬化型インクにてプリント！商品加工すべてを日本国内の熟練した職人の手作業で行われます。made in japan<br>
      <br>
      しっかりと装着出来、端末を傷から守る事ができる機能性にも優れたケースです。合皮素材で、UV硬化型インクにて高品質プリントを施すことにより、高級感ある仕上がりとなっております。<BR>
      <br>
      </font></td>
    </tr>
    <tr>
      <td align=""center"">&nbsp;<img src=""http://image.rakuten.co.jp/kintsu/cabinet/plus-s/explanation_plus-s.jpg"" /><br>
      <br>
      </td>
    </tr>
    <tr><td align=""left"" bgcolor=""cccccc"">　商品説明</td></tr><tr><td align=""left""><br><font size=""2"" color=""#404040"">
      ・装着したまま充電可能（一部非対応）（卓上ホルダには対応しません）<br>
      ・ベースの手帳型ケースは、複数の仕入れ先より入手しており、入荷時期によって形状が若干変わる事があります。<br>
      </font>
      <hr>
      <font size=""2"" color=""#404040"">素材：手帳ケース本体／合皮　<br>ハードケース／ポリカーボネート(ブラックケース)<br>
      加工：UV硬化型インク<br>
      対応機種：URBANO V02<br>
      </font>
      <hr>
      <font size=""2"" color=""#404040"">※機種本体は含まれておりません。<br>
      ※仕様は予告なく変更する場合がございます。
<br>
      ※実物の色に近づけるように努めていますが、ご利用のモニター、PCやスマートフォンの環境により掲載写真の色が実物の色と違って見える場合がございます。
</font></td></tr></tbody></table><style type=""text/css"">
span.unit {
	background: url(http://www.rakuten.ne.jp/gold/kintsu/images/cart_up_send.png) no-repeat left top;
	text-indent: -9999;
	display: block;
	width: 325px;
	height: 80;
	margin: 15px 0;
}
span.choice {
	display: inline-block;
	font-size: 15px;
	margin: 5px auto;
	width: 112px;
}
select[name=""choice""] {
	font-size: 15px;
	max-width: 200px;
}
td.inventory_choice_name {
	background-color: #F7F7F7;
}
/***買い物かごまわり全ボタン・入力欄共通***/
input[value=""買い物かごに入れる""] {
	background: url(""http://www.rakuten.ne.jp/gold/kintsu/images/cart04.png"") no-repeat;
	/*border: 1px solid #930;*/
	border: 0;
	height: 45px;
	text-indent: -9999px;
	cursor: pointer !important;
	width: 250px;
	margin-top: 10px;
	display: block;
}
input[value=""買い物かごに入れる""]:not(:target) {
	background-size: cover\9; /* IE9 */
	height: 45px\9;
	width: 250px\9;
}

@media screen and (-ms-high-contrast: active), (-ms-high-contrast: none) {
input[value=""買い物かごに入れる""] {
	background-size: cover;     /* IE10 */
	height: 45px;
	width: 250px;
}
}
input[value=""買い物かごに入れる""]:hover {
	opacity: 0.8;
}
/***「お問合せ」ボタン***/
font input[value=""商品についての問合わせ""] {
	background: url(""http://www.rakuten.ne.jp/gold/kintsu/images/toiawase01.png"") no-repeat;
	/*border: 1px solid #930;*/
	border: 0;
	height: 35px;
	text-indent: -9999px;
	cursor: pointer !important;
	width: 250px;
	margin-top: 10px;
}
font input[value=""商品についての問合わせ""]:hover {
	opacity: 0.7;
}
/***「商品お気に入り」ボタン***/

#rakutenLimitedId_aroundCart div.bkm {
	width: 250px !important;
	height: 35px !important;
}
#rakutenLimitedId_aroundCart div.bkm {
	float: none;
	padding-bottom: 0 !important;
}
#rakutenLimitedId_aroundCart div.bookmarkArea div.bkm a.addBkm span.bkmStar {
	background: url(""http://www.rakuten.ne.jp/gold/kintsu/images/okini01.jpg"") no-repeat scroll 0 0 rgba(0, 0, 0, 0) !important;
	display: inline-block !important;
	height: 35px !important;
	margin: 0 0 10px !important;
	width: 250px !important;
}
/***「店舗お気に入り」ボタン***/

#rakutenLimitedId_aroundCart div.shopBkm {
	float: none !important;
	width: 250px !important;
	height: 35px !important;
}
#rakutenLimitedId_aroundCart div.shopBkm {
	padding-left: 0 !important;
}
#rakutenLimitedId_aroundCart div.shopBookmarkArea div.shopBkm a.addShopBkm span.shopBkmStar {
	background: url(""http://www.rakuten.ne.jp/gold/kintsu/images/okini02.jpg"") no-repeat scroll 0 0 rgba(0, 0, 0, 0) !important;
	display: inline-block !important;
	height: 35px !important;
	margin-right: 0 !important;
	width: 250px !important;
}
#rnkInShopPartsArea {
	margin: 0;
	padding: 0;		
}
#rnkInShopMain {
	margin: 0;
	padding: 0;		
}
</style>

<table width=""630"" border=""0"" cellpadding=""0"" cellspacing=""0"" style=""margin: 0 auto;"">
<tr>
<td valign=""top"" align=""left"">

</td>
</tr>
</table>",urbano v02 ケース 手帳型 猫 ねこ パターン柄  v02ケース v02ケース v02ケース v02ケース v02ケース v02ケース v02ケース v02ケース v02ケース v02ケース アルバーノ v02 カバー：ケータイ屋24　楽天市場店,スマートフォンアクセサリー携帯ストラップストラップスマホケーススマートフォン ケーススマホピアスイヤホンジャック アクセサリースマートフォンピアスネックストラップスワロフスキー ピアススワロフスキー ストラップスマホカバースマートフォン カバーurbano v02 ケース 手帳型 猫 ねこ パターン柄  v02ケース v02ケース v02ケース v02ケース v02ケース v02ケース v02ケース v02ケース v02ケース v02ケース アルバーノ v02 カバー,アルバーノ v02 カバー 手帳型。urbano v02 ケース 手帳型 猫 ねこ パターン柄  v02ケース v02ケース v02ケース v02ケース v02ケース v02ケース v02ケース v02ケース v02ケース v02ケース アルバーノ v02 カバー[rn]
8-90036,http://tshop.r10s.jp/kintsu/cabinet/plus-s/n/shv33/ps-shv33-1031a.jpg?fitin=700:700,1600.0000,,スマートフォン・タブレット > スマートフォンアクセサリー > スマートフォンケース,和柄 波兎 なみうさぎ ウサギ アクオス カバー au AQUOS SERIE mini SHV33 ケース カバー ケース クリア ハードケース スマホケース スマホカバー 携帯カバー,au AQUOS SERIE mini SHV33 2個以上で送料無料！,"和柄 美しい波兎(なみうさぎ)のAQUOS SERIE mini SHV33 クリア ケース。<br><br><table border=""0"" cellpadding=""2"" cellspacing=""0"" width=""400""><tbody> <tr>
      <td bgcolor=""#cccccc"">　商品特長</td>
    </tr>
    <tr>
      <td><br>
      <font size=""2"">Plus-s(プラスエス)シリーズは、ポリカーボネイト製カバーをベースに、高品質UV硬化型インクにてプリント！商品加工すべてを日本国内の熟練した職人の手作業で行われます。made in japan<br>
      <br>
      しっかりと装着出来、端末を傷から守る事ができる機能性にも優れたケースです。ハードケース素材で、UV硬化型インクにて高品質プリントを施すことにより、高級感ある仕上がりとなっております。<BR>
      <BR>
      ジャケットを装着したままで、イヤホンや充電コネクターの接続、タッチパネルの使用など操作性も確保しております。 <BR>
      <br>
      </font></td>
    </tr>
    <tr>
      <td align=""center"">&nbsp;<img src=""http://image.rakuten.co.jp/kintsu/cabinet/plus-s/explanation_plus-s.jpg"" /><br>
      <br>
      </td>
    </tr>
    <tr><td align=""left"" bgcolor=""cccccc"">　商品説明</td></tr><tr><td align=""left""><br><font size=""2"" color=""#404040"">・スマートフォンケース側面への印刷は入りません。<br>
      ・装着したまま充電可能（卓上ホルダには対応しません）です。<br>
      ・ベースのスマートフォンケースは、複数の仕入れ先より入手しており、入荷時期によって形状が若干変わる事があります。<br>
      </font>
      <hr>
      <font size=""2"" color=""#404040"">素材：ケース本体／ポリカーボネート(クリアケース)<br>
      加工：UV硬化型インク（側面にプリントは入りません）<br>
      対応機種・サイズ：AQUOS SERIE mini SHV33 専用<br>
      </font>
      <hr>
      <font size=""2"" color=""#404040"">※機種本体は含まれておりません。<br>
      ※仕様は予告なく変更する場合がございます。</font></td></tr></tbody></table><style type=""text/css"">
span.unit {
	background: url(http://www.rakuten.ne.jp/gold/kintsu/images/cart_up_send.png) no-repeat left top;
	text-indent: -9999;
	display: block;
	width: 325px;
	height: 80;
	margin: 15px 0;
}
span.choice {
	display: inline-block;
	font-size: 15px;
	margin: 5px auto;
	width: 112px;
}
select[name=""choice""] {
	font-size: 15px;
	max-width: 200px;
}
td.inventory_choice_name {
	background-color: #F7F7F7;
}
/***買い物かごまわり全ボタン・入力欄共通***/
input[value=""買い物かごに入れる""] {
	background: url(""http://www.rakuten.ne.jp/gold/kintsu/images/cart04.png"") no-repeat;
	/*border: 1px solid #930;*/
	border: 0;
	height: 45px;
	text-indent: -9999px;
	cursor: pointer !important;
	width: 250px;
	margin-top: 10px;
	display: block;
}
input[value=""買い物かごに入れる""]:not(:target) {
	background-size: cover\9; /* IE9 */
	height: 45px\9;
	width: 250px\9;
}

@media screen and (-ms-high-contrast: active), (-ms-high-contrast: none) {
input[value=""買い物かごに入れる""] {
	background-size: cover;     /* IE10 */
	height: 45px;
	width: 250px;
}
}
input[value=""買い物かごに入れる""]:hover {
	opacity: 0.8;
}
/***「お問合せ」ボタン***/
font input[value=""商品についての問合わせ""] {
	background: url(""http://www.rakuten.ne.jp/gold/kintsu/images/toiawase01.png"") no-repeat;
	/*border: 1px solid #930;*/
	border: 0;
	height: 35px;
	text-indent: -9999px;
	cursor: pointer !important;
	width: 250px;
	margin-top: 10px;
}
font input[value=""商品についての問合わせ""]:hover {
	opacity: 0.7;
}
/***「商品お気に入り」ボタン***/

#rakutenLimitedId_aroundCart div.bkm {
	width: 250px !important;
	height: 35px !important;
}
#rakutenLimitedId_aroundCart div.bkm {
	float: none;
	padding-bottom: 0 !important;
}
#rakutenLimitedId_aroundCart div.bookmarkArea div.bkm a.addBkm span.bkmStar {
	background: url(""http://www.rakuten.ne.jp/gold/kintsu/images/okini01.jpg"") no-repeat scroll 0 0 rgba(0, 0, 0, 0) !important;
	display: inline-block !important;
	height: 35px !important;
	margin: 0 0 10px !important;
	width: 250px !important;
}
/***「店舗お気に入り」ボタン***/

#rakutenLimitedId_aroundCart div.shopBkm {
	float: none !important;
	width: 250px !important;
	height: 35px !important;
}
#rakutenLimitedId_aroundCart div.shopBkm {
	padding-left: 0 !important;
}
#rakutenLimitedId_aroundCart div.shopBookmarkArea div.shopBkm a.addShopBkm span.shopBkmStar {
	background: url(""http://www.rakuten.ne.jp/gold/kintsu/images/okini02.jpg"") no-repeat scroll 0 0 rgba(0, 0, 0, 0) !important;
	display: inline-block !important;
	height: 35px !important;
	margin-right: 0 !important;
	width: 250px !important;
}
#rnkInShopPartsArea {
	margin: 0;
	padding: 0;		
}
#rnkInShopMain {
	margin: 0;
	padding: 0;		
}
</style>

<table width=""630"" border=""0"" cellpadding=""0"" cellspacing=""0"" style=""margin: 0 auto;"">
<tr>
<td valign=""top"" align=""left"">

</td>
</tr>
</table>",和柄 波兎 なみうさぎ ウサギ アクオス カバー au AQUOS SERIE mini SHV33 ケース カバー ケース クリア ハードケース スマホケース スマホカバー 携帯カバー：ケータイ屋24　楽天市場店,スマートフォンアクセサリー携帯ストラップストラップスマホケーススマートフォン ケーススマホピアスイヤホンジャック アクセサリースマートフォンピアスネックストラップスワロフスキー ピアススワロフスキー ストラップスマホカバースマートフォン カバー和柄 波兎 なみうさぎ ウサギ アクオス カバー au AQUOS SERIE mini SHV33 ケース カバー ケース クリア ハードケース スマホケース スマホカバー 携帯カバー,au AQUOS SERIE mini SHV33 2個以上で送料無料！。和柄 波兎 なみうさぎ ウサギ アクオス カバー au AQUOS SERIE mini SHV33 ケース カバー ケース クリア ハードケース スマホケース スマホカバー 携帯カバー[rn]
8-90037,http://tshop.r10s.jp/kintsu/cabinet/plus-s/diary/plus-diary-icd0001a2.jpg?fitin=700:700,1836.8000,,スマートフォン・タブレット > スマートフォンアクセサリー > スマートフォンケース,urbano v02 ケース 手帳型 ファンタジー 童話 絵本  v02ケース v02ケース v02ケース v02ケース v02ケース v02ケース v02ケース v02ケース v02ケース v02ケース アルバーノ v02 カバー,アルバーノ v02 カバー 手帳型,"<font color=""#ff0000""><b>※ 画像はイメージです。<br>
機種やカメラの位置等によって、デザインの見え方が異ったり<br>絵柄が切れる場合がございます。
<br>
予めご了承ください。</b></font><br><br>
アリス、シンデレラ、赤ずきん、白雪姫、人魚姫、ピーターパン等の 手帳型 ダイアリーケース。バラエティも豊富☆ URBANO V02ケース<br>
<br><table border=""0"" cellpadding=""2"" cellspacing=""0"" width=""400""><tbody> <tr>
      <td bgcolor=""#cccccc"">　商品特長</td>
    </tr>
    <tr>
      <td><br>
      <font size=""2"">Plus-s(プラスエス)シリーズは、手帳型カバーをベースに、高品質UV硬化型インクにてプリント！商品加工すべてを日本国内の熟練した職人の手作業で行われます。made in japan<br>
      <br>
      しっかりと装着出来、端末を傷から守る事ができる機能性にも優れたケースです。合皮素材で、UV硬化型インクにて高品質プリントを施すことにより、高級感ある仕上がりとなっております。<BR>
      <br>
      </font></td>
    </tr>
    <tr>
      <td align=""center"">&nbsp;<img src=""http://image.rakuten.co.jp/kintsu/cabinet/plus-s/explanation_plus-s.jpg"" /><br>
      <br>
      </td>
    </tr>
    <tr><td align=""left"" bgcolor=""cccccc"">　商品説明</td></tr><tr><td align=""left""><br><font size=""2"" color=""#404040"">
      ・装着したまま充電可能（一部非対応）（卓上ホルダには対応しません）<br>
      ・ベースの手帳型ケースは、複数の仕入れ先より入手しており、入荷時期によって形状が若干変わる事があります。<br>
      </font>
      <hr>
      <font size=""2"" color=""#404040"">素材：手帳ケース本体／合皮　<br>ハードケース／ポリカーボネート(ブラックケース)<br>
      加工：UV硬化型インク<br>
      対応機種：URBANO V02<br>
      </font>
      <hr>
      <font size=""2"" color=""#404040"">※機種本体は含まれておりません。<br>
      ※仕様は予告なく変更する場合がございます。
<br>
      ※ 実物の色に近づけるように努めていますが、ご利用のモニター、PCやスマートフォンの環境により掲載写真の色が実物の色と違って見える場合がございます。
</font></td></tr></tbody></table><style type=""text/css"">
span.unit {
	background: url(http://www.rakuten.ne.jp/gold/kintsu/images/cart_up_send.png) no-repeat left top;
	text-indent: -9999;
	display: block;
	width: 325px;
	height: 80;
	margin: 15px 0;
}
span.choice {
	display: inline-block;
	font-size: 15px;
	margin: 5px auto;
	width: 112px;
}
select[name=""choice""] {
	font-size: 15px;
	max-width: 200px;
}
td.inventory_choice_name {
	background-color: #F7F7F7;
}
/***買い物かごまわり全ボタン・入力欄共通***/
input[value=""買い物かごに入れる""] {
	background: url(""http://www.rakuten.ne.jp/gold/kintsu/images/cart04.png"") no-repeat;
	/*border: 1px solid #930;*/
	border: 0;
	height: 45px;
	text-indent: -9999px;
	cursor: pointer !important;
	width: 250px;
	margin-top: 10px;
	display: block;
}
input[value=""買い物かごに入れる""]:not(:target) {
	background-size: cover\9; /* IE9 */
	height: 45px\9;
	width: 250px\9;
}

@media screen and (-ms-high-contrast: active), (-ms-high-contrast: none) {
input[value=""買い物かごに入れる""] {
	background-size: cover;     /* IE10 */
	height: 45px;
	width: 250px;
}
}
input[value=""買い物かごに入れる""]:hover {
	opacity: 0.8;
}
/***「お問合せ」ボタン***/
font input[value=""商品についての問合わせ""] {
	background: url(""http://www.rakuten.ne.jp/gold/kintsu/images/toiawase01.png"") no-repeat;
	/*border: 1px solid #930;*/
	border: 0;
	height: 35px;
	text-indent: -9999px;
	cursor: pointer !important;
	width: 250px;
	margin-top: 10px;
}
font input[value=""商品についての問合わせ""]:hover {
	opacity: 0.7;
}
/***「商品お気に入り」ボタン***/

#rakutenLimitedId_aroundCart div.bkm {
	width: 250px !important;
	height: 35px !important;
}
#rakutenLimitedId_aroundCart div.bkm {
	float: none;
	padding-bottom: 0 !important;
}
#rakutenLimitedId_aroundCart div.bookmarkArea div.bkm a.addBkm span.bkmStar {
	background: url(""http://www.rakuten.ne.jp/gold/kintsu/images/okini01.jpg"") no-repeat scroll 0 0 rgba(0, 0, 0, 0) !important;
	display: inline-block !important;
	height: 35px !important;
	margin: 0 0 10px !important;
	width: 250px !important;
}
/***「店舗お気に入り」ボタン***/

#rakutenLimitedId_aroundCart div.shopBkm {
	float: none !important;
	width: 250px !important;
	height: 35px !important;
}
#rakutenLimitedId_aroundCart div.shopBkm {
	padding-left: 0 !important;
}
#rakutenLimitedId_aroundCart div.shopBookmarkArea div.shopBkm a.addShopBkm span.shopBkmStar {
	background: url(""http://www.rakuten.ne.jp/gold/kintsu/images/okini02.jpg"") no-repeat scroll 0 0 rgba(0, 0, 0, 0) !important;
	display: inline-block !important;
	height: 35px !important;
	margin-right: 0 !important;
	width: 250px !important;
}
#rnkInShopPartsArea {
	margin: 0;
	padding: 0;		
}
#rnkInShopMain {
	margin: 0;
	padding: 0;		
}
</style>

<table width=""630"" border=""0"" cellpadding=""0"" cellspacing=""0"" style=""margin: 0 auto;"">
<tr>
<td valign=""top"" align=""left"">

</td>
</tr>
</table>",urbano v02 ケース 手帳型 ファンタジー 童話 絵本  v02ケース v02ケース v02ケース v02ケース v02ケース v02ケース v02ケース v02ケース v02ケース v02ケース アルバーノ v02 カバー：ケータイ屋24　楽天市場店,スマートフォンアクセサリー携帯ストラップストラップスマホケーススマートフォン ケーススマホピアスイヤホンジャック アクセサリースマートフォンピアスネックストラップスワロフスキー ピアススワロフスキー ストラップスマホカバースマートフォン カバーurbano v02 ケース 手帳型 ファンタジー 童話 絵本  v02ケース v02ケース v02ケース v02ケース v02ケース v02ケース v02ケース v02ケース v02ケース v02ケース アルバーノ v02 カバー,アルバーノ v02 カバー 手帳型。urbano v02 ケース 手帳型 ファンタジー 童話 絵本  v02ケース v02ケース v02ケース v02ケース v02ケース v02ケース v02ケース v02ケース v02ケース v02ケース アルバーノ v02 カバー[rn]
8-90038,http://tshop.r10s.jp/kintsu/cabinet/plus-s/n/v02/ps-v02-1065a.jpg?fitin=700:700,1600.0000,,スマートフォン・タブレット > スマートフォンアクセサリー > スマートフォンケース,ドット スノウクリスタル 雪の結晶 urbano v02 ケース アルバーノ v02 カバー v02カバー v02ケース urbanov02 au クリア ハードケース スマホケース スマホカバー 携帯カバー,V02 ケース カバー 2個以上で送料無料！,"美しいドットと雪の結晶のURBANO V02 クリア ケース。カラーも豊富♪<br><br><table border=""0"" cellpadding=""2"" cellspacing=""0"" width=""400""><tbody> <tr>
      <td bgcolor=""#cccccc"">　商品特長</td>
    </tr>
    <tr>
      <td><br>
      <font size=""2"">Plus-s(プラスエス)シリーズは、ポリカーボネイト製カバーをベースに、高品質UV硬化型インクにてプリント！商品加工すべてを日本国内の熟練した職人の手作業で行われます。made in japan<br>
      <br>
      しっかりと装着出来、端末を傷から守る事ができる機能性にも優れたケースです。ハードケース素材で、UV硬化型インクにて高品質プリントを施すことにより、高級感ある仕上がりとなっております。<BR>
      <BR>
      ジャケットを装着したままで、イヤホンや充電コネクターの接続、タッチパネルの使用など操作性も確保しております。 <BR>
      <br>
      </font></td>
    </tr>
    <tr>
      <td align=""center"">&nbsp;<img src=""http://image.rakuten.co.jp/kintsu/cabinet/plus-s/explanation_plus-s.jpg"" /><br>
      <br>
      </td>
    </tr>
    <tr><td align=""left"" bgcolor=""cccccc"">　商品説明</td></tr><tr><td align=""left""><br><font size=""2"" color=""#404040"">・スマートフォンケース側面への印刷は入りません。<br>
      ・装着したまま充電可能（卓上ホルダには対応しません）です。<br>
      ・ベースのスマートフォンケースは、複数の仕入れ先より入手しており、入荷時期によって形状が若干変わる事があります。<br>
      </font>
      <hr>
      <font size=""2"" color=""#404040"">素材：ケース本体／ポリカーボネート(クリアケース)<br>
      加工：UV硬化型インク（側面にプリントは入りません）<br>
      対応機種・サイズ：URBANO V02 専用<br>
      </font>
      <hr>
      <font size=""2"" color=""#404040"">※機種本体は含まれておりません。<br>
      ※仕様は予告なく変更する場合がございます。</font></td></tr></tbody></table><style type=""text/css"">
span.unit {
	background: url(http://www.rakuten.ne.jp/gold/kintsu/images/cart_up_send.png) no-repeat left top;
	text-indent: -9999;
	display: block;
	width: 325px;
	height: 80;
	margin: 15px 0;
}
span.choice {
	display: inline-block;
	font-size: 15px;
	margin: 5px auto;
	width: 112px;
}
select[name=""choice""] {
	font-size: 15px;
	max-width: 200px;
}
td.inventory_choice_name {
	background-color: #F7F7F7;
}
/***買い物かごまわり全ボタン・入力欄共通***/
input[value=""買い物かごに入れる""] {
	background: url(""http://www.rakuten.ne.jp/gold/kintsu/images/cart04.png"") no-repeat;
	/*border: 1px solid #930;*/
	border: 0;
	height: 45px;
	text-indent: -9999px;
	cursor: pointer !important;
	width: 250px;
	margin-top: 10px;
	display: block;
}
input[value=""買い物かごに入れる""]:not(:target) {
	background-size: cover\9; /* IE9 */
	height: 45px\9;
	width: 250px\9;
}

@media screen and (-ms-high-contrast: active), (-ms-high-contrast: none) {
input[value=""買い物かごに入れる""] {
	background-size: cover;     /* IE10 */
	height: 45px;
	width: 250px;
}
}
input[value=""買い物かごに入れる""]:hover {
	opacity: 0.8;
}
/***「お問合せ」ボタン***/
font input[value=""商品についての問合わせ""] {
	background: url(""http://www.rakuten.ne.jp/gold/kintsu/images/toiawase01.png"") no-repeat;
	/*border: 1px solid #930;*/
	border: 0;
	height: 35px;
	text-indent: -9999px;
	cursor: pointer !important;
	width: 250px;
	margin-top: 10px;
}
font input[value=""商品についての問合わせ""]:hover {
	opacity: 0.7;
}
/***「商品お気に入り」ボタン***/

#rakutenLimitedId_aroundCart div.bkm {
	width: 250px !important;
	height: 35px !important;
}
#rakutenLimitedId_aroundCart div.bkm {
	float: none;
	padding-bottom: 0 !important;
}
#rakutenLimitedId_aroundCart div.bookmarkArea div.bkm a.addBkm span.bkmStar {
	background: url(""http://www.rakuten.ne.jp/gold/kintsu/images/okini01.jpg"") no-repeat scroll 0 0 rgba(0, 0, 0, 0) !important;
	display: inline-block !important;
	height: 35px !important;
	margin: 0 0 10px !important;
	width: 250px !important;
}
/***「店舗お気に入り」ボタン***/

#rakutenLimitedId_aroundCart div.shopBkm {
	float: none !important;
	width: 250px !important;
	height: 35px !important;
}
#rakutenLimitedId_aroundCart div.shopBkm {
	padding-left: 0 !important;
}
#rakutenLimitedId_aroundCart div.shopBookmarkArea div.shopBkm a.addShopBkm span.shopBkmStar {
	background: url(""http://www.rakuten.ne.jp/gold/kintsu/images/okini02.jpg"") no-repeat scroll 0 0 rgba(0, 0, 0, 0) !important;
	display: inline-block !important;
	height: 35px !important;
	margin-right: 0 !important;
	width: 250px !important;
}
#rnkInShopPartsArea {
	margin: 0;
	padding: 0;		
}
#rnkInShopMain {
	margin: 0;
	padding: 0;		
}
</style>

<table width=""630"" border=""0"" cellpadding=""0"" cellspacing=""0"" style=""margin: 0 auto;"">
<tr>
<td valign=""top"" align=""left"">

</td>
</tr>
</table>",ドット スノウクリスタル 雪の結晶 urbano v02 ケース アルバーノ v02 カバー v02カバー v02ケース urbanov02 au クリア ハードケース スマホケース スマホカバー 携帯カバー：ケータイ屋24　楽天市場店,スマートフォンアクセサリー携帯ストラップストラップスマホケーススマートフォン ケーススマホピアスイヤホンジャック アクセサリースマートフォンピアスネックストラップスワロフスキー ピアススワロフスキー ストラップスマホカバースマートフォン カバードット スノウクリスタル 雪の結晶 urbano v02 ケース アルバーノ v02 カバー v02カバー v02ケース urbanov02 au クリア ハードケース スマホケース スマホカバー 携帯カバー,V02 ケース カバー 2個以上で送料無料！。ドット スノウクリスタル 雪の結晶 urbano v02 ケース アルバーノ v02 カバー v02カバー v02ケース urbanov02 au クリア ハードケース スマホケース スマホカバー 携帯カバー[rn]
8-90039,http://tshop.r10s.jp/kintsu/cabinet/plus-s/m/v02/ps-v02-0094a.jpg?fitin=700:700,1600.0000,,スマートフォン・タブレット > スマートフォンアクセサリー > スマートフォンケース,フルフラワー urbano v02 ケース アルバーノ v02 カバー v02カバー v02ケース urbanov02 au クリア ハードケース スマホケース スマホカバー 携帯カバー,V02 ケース カバー 2個以上で送料無料！,"可愛いフラワーがたくさん♪ URBANO V02 クリア ケース。<br><br><table border=""0"" cellpadding=""2"" cellspacing=""0"" width=""400""><tbody> <tr>
      <td bgcolor=""#cccccc"">　商品特長</td>
    </tr>
    <tr>
      <td><br>
      <font size=""2"">Plus-s(プラスエス)シリーズは、ポリカーボネイト製カバーをベースに、高品質UV硬化型インクにてプリント！商品加工すべてを日本国内の熟練した職人の手作業で行われます。made in japan<br>
      <br>
      しっかりと装着出来、端末を傷から守る事ができる機能性にも優れたケースです。ハードケース素材で、UV硬化型インクにて高品質プリントを施すことにより、高級感ある仕上がりとなっております。<BR>
      <BR>
      ジャケットを装着したままで、イヤホンや充電コネクターの接続、タッチパネルの使用など操作性も確保しております。 <BR>
      <br>
      </font></td>
    </tr>
    <tr>
      <td align=""center"">&nbsp;<img src=""http://image.rakuten.co.jp/kintsu/cabinet/plus-s/explanation_plus-s.jpg"" /><br>
      <br>
      </td>
    </tr>
    <tr><td align=""left"" bgcolor=""cccccc"">　商品説明</td></tr><tr><td align=""left""><br><font size=""2"" color=""#404040"">・スマートフォンケース側面への印刷は入りません。<br>
      ・装着したまま充電可能（卓上ホルダには対応しません）です。<br>
      ・ベースのスマートフォンケースは、複数の仕入れ先より入手しており、入荷時期によって形状が若干変わる事があります。<br>
      </font>
      <hr>
      <font size=""2"" color=""#404040"">素材：ケース本体／ポリカーボネート(クリアケース)<br>
      加工：UV硬化型インク（側面にプリントは入りません）<br>
      対応機種・サイズ：URBANO V02 専用<br>
      </font>
      <hr>
      <font size=""2"" color=""#404040"">※機種本体は含まれておりません。<br>
      ※仕様は予告なく変更する場合がございます。</font></td></tr></tbody></table><style type=""text/css"">
span.unit {
	background: url(http://www.rakuten.ne.jp/gold/kintsu/images/cart_up_send.png) no-repeat left top;
	text-indent: -9999;
	display: block;
	width: 325px;
	height: 80;
	margin: 15px 0;
}
span.choice {
	display: inline-block;
	font-size: 15px;
	margin: 5px auto;
	width: 112px;
}
select[name=""choice""] {
	font-size: 15px;
	max-width: 200px;
}
td.inventory_choice_name {
	background-color: #F7F7F7;
}
/***買い物かごまわり全ボタン・入力欄共通***/
input[value=""買い物かごに入れる""] {
	background: url(""http://www.rakuten.ne.jp/gold/kintsu/images/cart04.png"") no-repeat;
	/*border: 1px solid #930;*/
	border: 0;
	height: 45px;
	text-indent: -9999px;
	cursor: pointer !important;
	width: 250px;
	margin-top: 10px;
	display: block;
}
input[value=""買い物かごに入れる""]:not(:target) {
	background-size: cover\9; /* IE9 */
	height: 45px\9;
	width: 250px\9;
}

@media screen and (-ms-high-contrast: active), (-ms-high-contrast: none) {
input[value=""買い物かごに入れる""] {
	background-size: cover;     /* IE10 */
	height: 45px;
	width: 250px;
}
}
input[value=""買い物かごに入れる""]:hover {
	opacity: 0.8;
}
/***「お問合せ」ボタン***/
font input[value=""商品についての問合わせ""] {
	background: url(""http://www.rakuten.ne.jp/gold/kintsu/images/toiawase01.png"") no-repeat;
	/*border: 1px solid #930;*/
	border: 0;
	height: 35px;
	text-indent: -9999px;
	cursor: pointer !important;
	width: 250px;
	margin-top: 10px;
}
font input[value=""商品についての問合わせ""]:hover {
	opacity: 0.7;
}
/***「商品お気に入り」ボタン***/

#rakutenLimitedId_aroundCart div.bkm {
	width: 250px !important;
	height: 35px !important;
}
#rakutenLimitedId_aroundCart div.bkm {
	float: none;
	padding-bottom: 0 !important;
}
#rakutenLimitedId_aroundCart div.bookmarkArea div.bkm a.addBkm span.bkmStar {
	background: url(""http://www.rakuten.ne.jp/gold/kintsu/images/okini01.jpg"") no-repeat scroll 0 0 rgba(0, 0, 0, 0) !important;
	display: inline-block !important;
	height: 35px !important;
	margin: 0 0 10px !important;
	width: 250px !important;
}
/***「店舗お気に入り」ボタン***/

#rakutenLimitedId_aroundCart div.shopBkm {
	float: none !important;
	width: 250px !important;
	height: 35px !important;
}
#rakutenLimitedId_aroundCart div.shopBkm {
	padding-left: 0 !important;
}
#rakutenLimitedId_aroundCart div.shopBookmarkArea div.shopBkm a.addShopBkm span.shopBkmStar {
	background: url(""http://www.rakuten.ne.jp/gold/kintsu/images/okini02.jpg"") no-repeat scroll 0 0 rgba(0, 0, 0, 0) !important;
	display: inline-block !important;
	height: 35px !important;
	margin-right: 0 !important;
	width: 250px !important;
}
#rnkInShopPartsArea {
	margin: 0;
	padding: 0;		
}
#rnkInShopMain {
	margin: 0;
	padding: 0;		
}
</style>

<table width=""630"" border=""0"" cellpadding=""0"" cellspacing=""0"" style=""margin: 0 auto;"">
<tr>
<td valign=""top"" align=""left"">

</td>
</tr>
</table>",フルフラワー urbano v02 ケース アルバーノ v02 カバー v02カバー v02ケース urbanov02 au クリア ハードケース スマホケース スマホカバー 携帯カバー：ケータイ屋24　楽天市場店,スマートフォンアクセサリー携帯ストラップストラップスマホケーススマートフォン ケーススマホピアスイヤホンジャック アクセサリースマートフォンピアスネックストラップスワロフスキー ピアススワロフスキー ストラップスマホカバースマートフォン カバーフルフラワー urbano v02 ケース アルバーノ v02 カバー v02カバー v02ケース urbanov02 au クリア ハードケース スマホケース スマホカバー 携帯カバー,V02 ケース カバー 2個以上で送料無料！。フルフラワー urbano v02 ケース アルバーノ v02 カバー v02カバー v02ケース urbanov02 au クリア ハードケース スマホケース スマホカバー 携帯カバー[rn]
8-90040,http://tshop.r10s.jp/kintsu/cabinet/plus-s/m/v02/ps-v02-0024a.jpg?fitin=700:700,1600.0000,,スマートフォン・タブレット > スマートフォンアクセサリー > スマートフォンケース,urbano v02 ケース シャイニングスター TYPE1 urbano v02 ケース urbano v02 ケース urbano v02 ケース urbano v02 ケース urbano v02 ケース urbano v02 ケース アルバーノ v02 カバー アルバーノ v02 カバー アルバーノ v02 カバー アルバーノ v02 カバー,V02 ケース カバー 2個以上で送料無料！,"流れ星がキレイで可愛い URBANO V02 クリア ケース。裏側が透けているクリアケースなので、スマホ本体のデザインも活かされます♪<br><br><table border=""0"" cellpadding=""2"" cellspacing=""0"" width=""400""><tbody> <tr>
      <td bgcolor=""#cccccc"">　商品特長</td>
    </tr>
    <tr>
      <td><br>
      <font size=""2"">Plus-s(プラスエス)シリーズは、ポリカーボネイト製カバーをベースに、高品質UV硬化型インクにてプリント！商品加工すべてを日本国内の熟練した職人の手作業で行われます。made in japan<br>
      <br>
      しっかりと装着出来、端末を傷から守る事ができる機能性にも優れたケースです。ハードケース素材で、UV硬化型インクにて高品質プリントを施すことにより、高級感ある仕上がりとなっております。<BR>
      <BR>
      ジャケットを装着したままで、イヤホンや充電コネクターの接続、タッチパネルの使用など操作性も確保しております。 <BR>
      <br>
      </font></td>
    </tr>
    <tr>
      <td align=""center"">&nbsp;<img src=""http://image.rakuten.co.jp/kintsu/cabinet/plus-s/explanation_plus-s.jpg"" /><br>
      <br>
      </td>
    </tr>
    <tr><td align=""left"" bgcolor=""cccccc"">　商品説明</td></tr><tr><td align=""left""><br><font size=""2"" color=""#404040"">・スマートフォンケース側面への印刷は入りません。<br>
      ・装着したまま充電可能（卓上ホルダには対応しません）です。<br>
      ・ベースのスマートフォンケースは、複数の仕入れ先より入手しており、入荷時期によって形状が若干変わる事があります。<br>
      </font>
      <hr>
      <font size=""2"" color=""#404040"">素材：ケース本体／ポリカーボネート(クリアケース)<br>
      加工：UV硬化型インク（側面にプリントは入りません）<br>
      対応機種・サイズ：URBANO V02 専用<br>
      </font>
      <hr>
      <font size=""2"" color=""#404040"">※機種本体は含まれておりません。<br>
      ※仕様は予告なく変更する場合がございます。</font></td></tr></tbody></table><style type=""text/css"">
span.unit {
	background: url(http://www.rakuten.ne.jp/gold/kintsu/images/cart_up_send.png) no-repeat left top;
	text-indent: -9999;
	display: block;
	width: 325px;
	height: 80;
	margin: 15px 0;
}
span.choice {
	display: inline-block;
	font-size: 15px;
	margin: 5px auto;
	width: 112px;
}
select[name=""choice""] {
	font-size: 15px;
	max-width: 200px;
}
td.inventory_choice_name {
	background-color: #F7F7F7;
}
/***買い物かごまわり全ボタン・入力欄共通***/
input[value=""買い物かごに入れる""] {
	background: url(""http://www.rakuten.ne.jp/gold/kintsu/images/cart04.png"") no-repeat;
	/*border: 1px solid #930;*/
	border: 0;
	height: 45px;
	text-indent: -9999px;
	cursor: pointer !important;
	width: 250px;
	margin-top: 10px;
	display: block;
}
input[value=""買い物かごに入れる""]:not(:target) {
	background-size: cover\9; /* IE9 */
	height: 45px\9;
	width: 250px\9;
}

@media screen and (-ms-high-contrast: active), (-ms-high-contrast: none) {
input[value=""買い物かごに入れる""] {
	background-size: cover;     /* IE10 */
	height: 45px;
	width: 250px;
}
}
input[value=""買い物かごに入れる""]:hover {
	opacity: 0.8;
}
/***「お問合せ」ボタン***/
font input[value=""商品についての問合わせ""] {
	background: url(""http://www.rakuten.ne.jp/gold/kintsu/images/toiawase01.png"") no-repeat;
	/*border: 1px solid #930;*/
	border: 0;
	height: 35px;
	text-indent: -9999px;
	cursor: pointer !important;
	width: 250px;
	margin-top: 10px;
}
font input[value=""商品についての問合わせ""]:hover {
	opacity: 0.7;
}
/***「商品お気に入り」ボタン***/

#rakutenLimitedId_aroundCart div.bkm {
	width: 250px !important;
	height: 35px !important;
}
#rakutenLimitedId_aroundCart div.bkm {
	float: none;
	padding-bottom: 0 !important;
}
#rakutenLimitedId_aroundCart div.bookmarkArea div.bkm a.addBkm span.bkmStar {
	background: url(""http://www.rakuten.ne.jp/gold/kintsu/images/okini01.jpg"") no-repeat scroll 0 0 rgba(0, 0, 0, 0) !important;
	display: inline-block !important;
	height: 35px !important;
	margin: 0 0 10px !important;
	width: 250px !important;
}
/***「店舗お気に入り」ボタン***/

#rakutenLimitedId_aroundCart div.shopBkm {
	float: none !important;
	width: 250px !important;
	height: 35px !important;
}
#rakutenLimitedId_aroundCart div.shopBkm {
	padding-left: 0 !important;
}
#rakutenLimitedId_aroundCart div.shopBookmarkArea div.shopBkm a.addShopBkm span.shopBkmStar {
	background: url(""http://www.rakuten.ne.jp/gold/kintsu/images/okini02.jpg"") no-repeat scroll 0 0 rgba(0, 0, 0, 0) !important;
	display: inline-block !important;
	height: 35px !important;
	margin-right: 0 !important;
	width: 250px !important;
}
#rnkInShopPartsArea {
	margin: 0;
	padding: 0;		
}
#rnkInShopMain {
	margin: 0;
	padding: 0;		
}
</style>

<table width=""630"" border=""0"" cellpadding=""0"" cellspacing=""0"" style=""margin: 0 auto;"">
<tr>
<td valign=""top"" align=""left"">

</td>
</tr>
</table>",urbano v02 ケース シャイニングスター TYPE1 urbano v02 ケース urbano v02 ケース urbano v02 ケース urbano v02 ケース urbano v02 ケース urbano v02 ケース アルバーノ v02 カバー アルバーノ v02 カバー アルバーノ v02 カバー アルバーノ v02 カバー：ケータイ屋24　楽天市場店,スマートフォンアクセサリー携帯ストラップストラップスマホケーススマートフォン ケーススマホピアスイヤホンジャック アクセサリースマートフォンピアスネックストラップスワロフスキー ピアススワロフスキー ストラップスマホカバースマートフォン カバーurbano v02 ケース シャイニングスター TYPE1 urbano v02 ケース urbano v02 ケース urbano v02 ケース urbano v02 ケース urbano v02 ケース urbano v02 ケース アルバーノ v02 カバー アルバーノ v02 カバー アルバーノ v02 カバー アルバーノ v02 カバー,V02 ケース カバー 2個以上で送料無料！。urbano v02 ケース シャイニングスター TYPE1 urbano v02 ケース urbano v02 ケース urbano v02 ケース urbano v02 ケース urbano v02 ケース urbano v02 ケース アルバーノ v02 カバー アルバーノ v02 カバー アルバーノ v02 カバー アルバーノ v02 カバー[rn]
8-90041,http://tshop.r10s.jp/kintsu/cabinet/plus-s/m/v02/ps-v02-0051a.jpg?fitin=700:700,1600.0000,,スマートフォン・タブレット > スマートフォンアクセサリー > スマートフォンケース,urbano v02 ケース 和紙 WASI urbano v02 ケース urbano v02 ケース urbano v02 ケース urbano v02 ケース urbano v02 ケース urbano v02 ケース アルバーノ v02 カバー アルバーノ v02 カバー アルバーノ v02 カバー アルバーノ v02 カバー アルバーノ v02 カバー,V02 ケース カバー 2個以上で送料無料！,"和紙柄がキレイなURBANO V02 クリア ケース。<br><br><table border=""0"" cellpadding=""2"" cellspacing=""0"" width=""400""><tbody> <tr>
      <td bgcolor=""#cccccc"">　商品特長</td>
    </tr>
    <tr>
      <td><br>
      <font size=""2"">Plus-s(プラスエス)シリーズは、ポリカーボネイト製カバーをベースに、高品質UV硬化型インクにてプリント！商品加工すべてを日本国内の熟練した職人の手作業で行われます。made in japan<br>
      <br>
      しっかりと装着出来、端末を傷から守る事ができる機能性にも優れたケースです。ハードケース素材で、UV硬化型インクにて高品質プリントを施すことにより、高級感ある仕上がりとなっております。<BR>
      <BR>
      ジャケットを装着したままで、イヤホンや充電コネクターの接続、タッチパネルの使用など操作性も確保しております。 <BR>
      <br>
      </font></td>
    </tr>
    <tr>
      <td align=""center"">&nbsp;<img src=""http://image.rakuten.co.jp/kintsu/cabinet/plus-s/explanation_plus-s.jpg"" /><br>
      <br>
      </td>
    </tr>
    <tr><td align=""left"" bgcolor=""cccccc"">　商品説明</td></tr><tr><td align=""left""><br><font size=""2"" color=""#404040"">・スマートフォンケース側面への印刷は入りません。<br>
      ・装着したまま充電可能（卓上ホルダには対応しません）です。<br>
      ・ベースのスマートフォンケースは、複数の仕入れ先より入手しており、入荷時期によって形状が若干変わる事があります。<br>
      </font>
      <hr>
      <font size=""2"" color=""#404040"">素材：ケース本体／ポリカーボネート(クリアケース)<br>
      加工：UV硬化型インク（側面にプリントは入りません）<br>
      対応機種・サイズ：URBANO V02 専用<br>
      </font>
      <hr>
      <font size=""2"" color=""#404040"">※機種本体は含まれておりません。<br>
      ※仕様は予告なく変更する場合がございます。</font></td></tr></tbody></table><style type=""text/css"">
span.unit {
	background: url(http://www.rakuten.ne.jp/gold/kintsu/images/cart_up_send.png) no-repeat left top;
	text-indent: -9999;
	display: block;
	width: 325px;
	height: 80;
	margin: 15px 0;
}
span.choice {
	display: inline-block;
	font-size: 15px;
	margin: 5px auto;
	width: 112px;
}
select[name=""choice""] {
	font-size: 15px;
	max-width: 200px;
}
td.inventory_choice_name {
	background-color: #F7F7F7;
}
/***買い物かごまわり全ボタン・入力欄共通***/
input[value=""買い物かごに入れる""] {
	background: url(""http://www.rakuten.ne.jp/gold/kintsu/images/cart04.png"") no-repeat;
	/*border: 1px solid #930;*/
	border: 0;
	height: 45px;
	text-indent: -9999px;
	cursor: pointer !important;
	width: 250px;
	margin-top: 10px;
	display: block;
}
input[value=""買い物かごに入れる""]:not(:target) {
	background-size: cover\9; /* IE9 */
	height: 45px\9;
	width: 250px\9;
}

@media screen and (-ms-high-contrast: active), (-ms-high-contrast: none) {
input[value=""買い物かごに入れる""] {
	background-size: cover;     /* IE10 */
	height: 45px;
	width: 250px;
}
}
input[value=""買い物かごに入れる""]:hover {
	opacity: 0.8;
}
/***「お問合せ」ボタン***/
font input[value=""商品についての問合わせ""] {
	background: url(""http://www.rakuten.ne.jp/gold/kintsu/images/toiawase01.png"") no-repeat;
	/*border: 1px solid #930;*/
	border: 0;
	height: 35px;
	text-indent: -9999px;
	cursor: pointer !important;
	width: 250px;
	margin-top: 10px;
}
font input[value=""商品についての問合わせ""]:hover {
	opacity: 0.7;
}
/***「商品お気に入り」ボタン***/

#rakutenLimitedId_aroundCart div.bkm {
	width: 250px !important;
	height: 35px !important;
}
#rakutenLimitedId_aroundCart div.bkm {
	float: none;
	padding-bottom: 0 !important;
}
#rakutenLimitedId_aroundCart div.bookmarkArea div.bkm a.addBkm span.bkmStar {
	background: url(""http://www.rakuten.ne.jp/gold/kintsu/images/okini01.jpg"") no-repeat scroll 0 0 rgba(0, 0, 0, 0) !important;
	display: inline-block !important;
	height: 35px !important;
	margin: 0 0 10px !important;
	width: 250px !important;
}
/***「店舗お気に入り」ボタン***/

#rakutenLimitedId_aroundCart div.shopBkm {
	float: none !important;
	width: 250px !important;
	height: 35px !important;
}
#rakutenLimitedId_aroundCart div.shopBkm {
	padding-left: 0 !important;
}
#rakutenLimitedId_aroundCart div.shopBookmarkArea div.shopBkm a.addShopBkm span.shopBkmStar {
	background: url(""http://www.rakuten.ne.jp/gold/kintsu/images/okini02.jpg"") no-repeat scroll 0 0 rgba(0, 0, 0, 0) !important;
	display: inline-block !important;
	height: 35px !important;
	margin-right: 0 !important;
	width: 250px !important;
}
#rnkInShopPartsArea {
	margin: 0;
	padding: 0;		
}
#rnkInShopMain {
	margin: 0;
	padding: 0;		
}
</style>

<table width=""630"" border=""0"" cellpadding=""0"" cellspacing=""0"" style=""margin: 0 auto;"">
<tr>
<td valign=""top"" align=""left"">

</td>
</tr>
</table>",urbano v02 ケース 和紙 WASI urbano v02 ケース urbano v02 ケース urbano v02 ケース urbano v02 ケース urbano v02 ケース urbano v02 ケース アルバーノ v02 カバー アルバーノ v02 カバー アルバーノ v02 カバー アルバーノ v02 カバー アルバーノ v02 カバー：ケータイ屋24　楽天市場店,スマートフォンアクセサリー携帯ストラップストラップスマホケーススマートフォン ケーススマホピアスイヤホンジャック アクセサリースマートフォンピアスネックストラップスワロフスキー ピアススワロフスキー ストラップスマホカバースマートフォン カバーurbano v02 ケース 和紙 WASI urbano v02 ケース urbano v02 ケース urbano v02 ケース urbano v02 ケース urbano v02 ケース urbano v02 ケース アルバーノ v02 カバー アルバーノ v02 カバー アルバーノ v02 カバー アルバーノ v02 カバー アルバーノ v02 カバー,V02 ケース カバー 2個以上で送料無料！。urbano v02 ケース 和紙 WASI urbano v02 ケース urbano v02 ケース urbano v02 ケース urbano v02 ケース urbano v02 ケース urbano v02 ケース アルバーノ v02 カバー アルバーノ v02 カバー アルバーノ v02 カバー アルバーノ v02 カバー アルバーノ v02 カバー[rn]
8-90042,http://tshop.r10s.jp/kintsu/cabinet/plus-s/diary/plus-diary-icd0033a2.jpg?fitin=700:700,1836.8000,,スマートフォン・タブレット > スマートフォンアクセサリー > スマートフォンケース,URBANO V02 手帳型ケース v02 手帳型ケース アルバーノ ケース 手帳型 空 青空 雲 夕日 カバー v02ケース v02カバー au ケース カバー おしゃれ かわいい 手帳型スマホケース スマホケース スマホカバー,V02 ケース 手帳型 スマホケース 手帳ケース☆,"<font color=""#ff0000""><b>※ 画像はイメージです。<br>
機種やカメラの位置等によって、デザインの見え方が異ったり<br>絵柄が切れる場合がございます。
<br>
予めご了承ください。</b></font><br><br>
様々な表情の空模様とテキストを組み合わせた 手帳型 ダイアリーケース。バラエティも豊富☆ URBANO V02ケース<br>
<br><table border=""0"" cellpadding=""2"" cellspacing=""0"" width=""400""><tbody> <tr>
      <td bgcolor=""#cccccc"">　商品特長</td>
    </tr>
    <tr>
      <td><br>
      <font size=""2"">Plus-s(プラスエス)シリーズは、手帳型カバーをベースに、高品質UV硬化型インクにてプリント！商品加工すべてを日本国内の熟練した職人の手作業で行われます。made in japan<br>
      <br>
      しっかりと装着出来、端末を傷から守る事ができる機能性にも優れたケースです。合皮素材で、UV硬化型インクにて高品質プリントを施すことにより、高級感ある仕上がりとなっております。<BR>
      <br>
      </font></td>
    </tr>
    <tr>
      <td align=""center"">&nbsp;<img src=""http://image.rakuten.co.jp/kintsu/cabinet/plus-s/explanation_plus-s.jpg"" /><br>
      <br>
      </td>
    </tr>
    <tr><td align=""left"" bgcolor=""cccccc"">　商品説明</td></tr><tr><td align=""left""><br><font size=""2"" color=""#404040"">
      ・装着したまま充電可能（一部非対応）（卓上ホルダには対応しません）<br>
      ・ベースの手帳型ケースは、複数の仕入れ先より入手しており、入荷時期によって形状が若干変わる事があります。<br>
      </font>
      <hr>
      <font size=""2"" color=""#404040"">素材：手帳ケース本体／合皮　<br>ハードケース／ポリカーボネート(ブラックケース)<br>
      加工：UV硬化型インク<br>
      対応機種：URBANO V02<br>
      </font>
      <hr>
      <font size=""2"" color=""#404040"">※機種本体は含まれておりません。<br>
      ※仕様は予告なく変更する場合がございます。
<br>
      ※ 実物の色に近づけるように努めていますが、ご利用のモニター、PCやスマートフォンの環境により掲載写真の色が実物の色と違って見える場合がございます。
</font></td></tr></tbody></table><style type=""text/css"">
span.unit {
	background: url(http://www.rakuten.ne.jp/gold/kintsu/images/cart_up_send.png) no-repeat left top;
	text-indent: -9999;
	display: block;
	width: 325px;
	height: 80;
	margin: 15px 0;
}
span.choice {
	display: inline-block;
	font-size: 15px;
	margin: 5px auto;
	width: 112px;
}
select[name=""choice""] {
	font-size: 15px;
	max-width: 200px;
}
td.inventory_choice_name {
	background-color: #F7F7F7;
}
/***買い物かごまわり全ボタン・入力欄共通***/
input[value=""買い物かごに入れる""] {
	background: url(""http://www.rakuten.ne.jp/gold/kintsu/images/cart04.png"") no-repeat;
	/*border: 1px solid #930;*/
	border: 0;
	height: 45px;
	text-indent: -9999px;
	cursor: pointer !important;
	width: 250px;
	margin-top: 10px;
	display: block;
}
input[value=""買い物かごに入れる""]:not(:target) {
	background-size: cover\9; /* IE9 */
	height: 45px\9;
	width: 250px\9;
}

@media screen and (-ms-high-contrast: active), (-ms-high-contrast: none) {
input[value=""買い物かごに入れる""] {
	background-size: cover;     /* IE10 */
	height: 45px;
	width: 250px;
}
}
input[value=""買い物かごに入れる""]:hover {
	opacity: 0.8;
}
/***「お問合せ」ボタン***/
font input[value=""商品についての問合わせ""] {
	background: url(""http://www.rakuten.ne.jp/gold/kintsu/images/toiawase01.png"") no-repeat;
	/*border: 1px solid #930;*/
	border: 0;
	height: 35px;
	text-indent: -9999px;
	cursor: pointer !important;
	width: 250px;
	margin-top: 10px;
}
font input[value=""商品についての問合わせ""]:hover {
	opacity: 0.7;
}
/***「商品お気に入り」ボタン***/

#rakutenLimitedId_aroundCart div.bkm {
	width: 250px !important;
	height: 35px !important;
}
#rakutenLimitedId_aroundCart div.bkm {
	float: none;
	padding-bottom: 0 !important;
}
#rakutenLimitedId_aroundCart div.bookmarkArea div.bkm a.addBkm span.bkmStar {
	background: url(""http://www.rakuten.ne.jp/gold/kintsu/images/okini01.jpg"") no-repeat scroll 0 0 rgba(0, 0, 0, 0) !important;
	display: inline-block !important;
	height: 35px !important;
	margin: 0 0 10px !important;
	width: 250px !important;
}
/***「店舗お気に入り」ボタン***/

#rakutenLimitedId_aroundCart div.shopBkm {
	float: none !important;
	width: 250px !important;
	height: 35px !important;
}
#rakutenLimitedId_aroundCart div.shopBkm {
	padding-left: 0 !important;
}
#rakutenLimitedId_aroundCart div.shopBookmarkArea div.shopBkm a.addShopBkm span.shopBkmStar {
	background: url(""http://www.rakuten.ne.jp/gold/kintsu/images/okini02.jpg"") no-repeat scroll 0 0 rgba(0, 0, 0, 0) !important;
	display: inline-block !important;
	height: 35px !important;
	margin-right: 0 !important;
	width: 250px !important;
}
#rnkInShopPartsArea {
	margin: 0;
	padding: 0;		
}
#rnkInShopMain {
	margin: 0;
	padding: 0;		
}
</style>

<table width=""630"" border=""0"" cellpadding=""0"" cellspacing=""0"" style=""margin: 0 auto;"">
<tr>
<td valign=""top"" align=""left"">

</td>
</tr>
</table>",URBANO V02 手帳型ケース v02 手帳型ケース アルバーノ ケース 手帳型 空 青空 雲 夕日 カバー v02ケース v02カバー au ケース カバー おしゃれ かわいい 手帳型スマホケース スマホケース スマホカバー：ケータイ屋24　楽天市場店,スマートフォンアクセサリー携帯ストラップストラップスマホケーススマートフォン ケーススマホピアスイヤホンジャック アクセサリースマートフォンピアスネックストラップスワロフスキー ピアススワロフスキー ストラップスマホカバースマートフォン カバーURBANO V02 手帳型ケース v02 手帳型ケース アルバーノ ケース 手帳型 空 青空 雲 夕日 カバー v02ケース v02カバー au ケース カバー おしゃれ かわいい 手帳型スマホケース スマホケース スマホカバー,V02 ケース 手帳型 スマホケース 手帳ケース☆。URBANO V02 手帳型ケース v02 手帳型ケース アルバーノ ケース 手帳型 空 青空 雲 夕日 カバー v02ケース v02カバー au ケース カバー おしゃれ かわいい 手帳型スマホケース スマホケース スマホカバー[rn]
8-90043,http://tshop.r10s.jp/kintsu/cabinet/plus-s/diary/plus-diary-icd0019a2.jpg?fitin=700:700,1836.8000,,スマートフォン・タブレット > スマートフォンアクセサリー > スマートフォンケース,urbano v02 ケース 手帳型 浴衣 着物 和柄 v02ケース v02ケース v02ケース v02ケース v02ケース v02ケース v02ケース v02ケース v02ケース v02ケース アルバーノ v02 カバー,V02 ケース 手帳型 スマホケース 手帳ケース☆,"<font color=""#ff0000""><b>※ 画像はイメージです。<br>
機種やカメラの位置等によって、デザインの見え方が異ったり<br>絵柄が切れる場合がございます。
<br>
予めご了承ください。</b></font><br><br>
浴衣をイメージした粋な和柄の 手帳型 ダイアリーケース。バラエティも豊富☆ URBANO V02ケース<br>
<br><table border=""0"" cellpadding=""2"" cellspacing=""0"" width=""400""><tbody> <tr>
      <td bgcolor=""#cccccc"">　商品特長</td>
    </tr>
    <tr>
      <td><br>
      <font size=""2"">Plus-s(プラスエス)シリーズは、手帳型カバーをベースに、高品質UV硬化型インクにてプリント！商品加工すべてを日本国内の熟練した職人の手作業で行われます。made in japan<br>
      <br>
      しっかりと装着出来、端末を傷から守る事ができる機能性にも優れたケースです。合皮素材で、UV硬化型インクにて高品質プリントを施すことにより、高級感ある仕上がりとなっております。<BR>
      <br>
      </font></td>
    </tr>
    <tr>
      <td align=""center"">&nbsp;<img src=""http://image.rakuten.co.jp/kintsu/cabinet/plus-s/explanation_plus-s.jpg"" /><br>
      <br>
      </td>
    </tr>
    <tr><td align=""left"" bgcolor=""cccccc"">　商品説明</td></tr><tr><td align=""left""><br><font size=""2"" color=""#404040"">
      ・装着したまま充電可能（一部非対応）（卓上ホルダには対応しません）<br>
      ・ベースの手帳型ケースは、複数の仕入れ先より入手しており、入荷時期によって形状が若干変わる事があります。<br>
      </font>
      <hr>
      <font size=""2"" color=""#404040"">素材：手帳ケース本体／合皮　<br>ハードケース／ポリカーボネート(ブラックケース)<br>
      加工：UV硬化型インク<br>
      対応機種：URBANO V02<br>
      </font>
      <hr>
      <font size=""2"" color=""#404040"">※機種本体は含まれておりません。<br>
      ※仕様は予告なく変更する場合がございます。
<br>
      ※ 実物の色に近づけるように努めていますが、ご利用のモニター、PCやスマートフォンの環境により掲載写真の色が実物の色と違って見える場合がございます。
</font></td></tr></tbody></table><style type=""text/css"">
span.unit {
	background: url(http://www.rakuten.ne.jp/gold/kintsu/images/cart_up_send.png) no-repeat left top;
	text-indent: -9999;
	display: block;
	width: 325px;
	height: 80;
	margin: 15px 0;
}
span.choice {
	display: inline-block;
	font-size: 15px;
	margin: 5px auto;
	width: 112px;
}
select[name=""choice""] {
	font-size: 15px;
	max-width: 200px;
}
td.inventory_choice_name {
	background-color: #F7F7F7;
}
/***買い物かごまわり全ボタン・入力欄共通***/
input[value=""買い物かごに入れる""] {
	background: url(""http://www.rakuten.ne.jp/gold/kintsu/images/cart04.png"") no-repeat;
	/*border: 1px solid #930;*/
	border: 0;
	height: 45px;
	text-indent: -9999px;
	cursor: pointer !important;
	width: 250px;
	margin-top: 10px;
	display: block;
}
input[value=""買い物かごに入れる""]:not(:target) {
	background-size: cover\9; /* IE9 */
	height: 45px\9;
	width: 250px\9;
}

@media screen and (-ms-high-contrast: active), (-ms-high-contrast: none) {
input[value=""買い物かごに入れる""] {
	background-size: cover;     /* IE10 */
	height: 45px;
	width: 250px;
}
}
input[value=""買い物かごに入れる""]:hover {
	opacity: 0.8;
}
/***「お問合せ」ボタン***/
font input[value=""商品についての問合わせ""] {
	background: url(""http://www.rakuten.ne.jp/gold/kintsu/images/toiawase01.png"") no-repeat;
	/*border: 1px solid #930;*/
	border: 0;
	height: 35px;
	text-indent: -9999px;
	cursor: pointer !important;
	width: 250px;
	margin-top: 10px;
}
font input[value=""商品についての問合わせ""]:hover {
	opacity: 0.7;
}
/***「商品お気に入り」ボタン***/

#rakutenLimitedId_aroundCart div.bkm {
	width: 250px !important;
	height: 35px !important;
}
#rakutenLimitedId_aroundCart div.bkm {
	float: none;
	padding-bottom: 0 !important;
}
#rakutenLimitedId_aroundCart div.bookmarkArea div.bkm a.addBkm span.bkmStar {
	background: url(""http://www.rakuten.ne.jp/gold/kintsu/images/okini01.jpg"") no-repeat scroll 0 0 rgba(0, 0, 0, 0) !important;
	display: inline-block !important;
	height: 35px !important;
	margin: 0 0 10px !important;
	width: 250px !important;
}
/***「店舗お気に入り」ボタン***/

#rakutenLimitedId_aroundCart div.shopBkm {
	float: none !important;
	width: 250px !important;
	height: 35px !important;
}
#rakutenLimitedId_aroundCart div.shopBkm {
	padding-left: 0 !important;
}
#rakutenLimitedId_aroundCart div.shopBookmarkArea div.shopBkm a.addShopBkm span.shopBkmStar {
	background: url(""http://www.rakuten.ne.jp/gold/kintsu/images/okini02.jpg"") no-repeat scroll 0 0 rgba(0, 0, 0, 0) !important;
	display: inline-block !important;
	height: 35px !important;
	margin-right: 0 !important;
	width: 250px !important;
}
#rnkInShopPartsArea {
	margin: 0;
	padding: 0;		
}
#rnkInShopMain {
	margin: 0;
	padding: 0;		
}
</style>

<table width=""630"" border=""0"" cellpadding=""0"" cellspacing=""0"" style=""margin: 0 auto;"">
<tr>
<td valign=""top"" align=""left"">

</td>
</tr>
</table>",urbano v02 ケース 手帳型 浴衣 着物 和柄 v02ケース v02ケース v02ケース v02ケース v02ケース v02ケース v02ケース v02ケース v02ケース v02ケース アルバーノ v02 カバー：ケータイ屋24　楽天市場店,スマートフォンアクセサリー携帯ストラップストラップスマホケーススマートフォン ケーススマホピアスイヤホンジャック アクセサリースマートフォンピアスネックストラップスワロフスキー ピアススワロフスキー ストラップスマホカバースマートフォン カバーurbano v02 ケース 手帳型 浴衣 着物 和柄 v02ケース v02ケース v02ケース v02ケース v02ケース v02ケース v02ケース v02ケース v02ケース v02ケース アルバーノ v02 カバー,V02 ケース 手帳型 スマホケース 手帳ケース☆。urbano v02 ケース 手帳型 浴衣 着物 和柄 v02ケース v02ケース v02ケース v02ケース v02ケース v02ケース v02ケース v02ケース v02ケース v02ケース アルバーノ v02 カバー[rn]
8-90044,http://tshop.r10s.jp/kintsu/cabinet/plus-s/diary/plus-diary-tmd0007a2.jpg?fitin=700:700,1836.8000,,スマートフォン・タブレット > スマートフォンアクセサリー > スマートフォンケース,URBANO V02 手帳型ケース v02 手帳型ケース アルバーノ ケース 手帳型 キャット アニマル 動物 カバー v02ケース v02カバー au ケース カバー おしゃれ かわいい 手帳型スマホケース スマホケース スマホカバー,V02 ケース 手帳型 スマホケース 手帳ケース☆,"<font color=""#ff0000""><b>※ 画像はイメージです。<br>
機種やカメラの位置等によって、デザインの見え方が異ったり<br>絵柄が切れる場合がございます。
<br>
予めご了承ください。</b></font><br><br>
シンプルでお洒落な猫の 手帳型 ダイアリーケース。バラエティも豊富☆ URBANO V02ケース<br>
<br><table border=""0"" cellpadding=""2"" cellspacing=""0"" width=""400""><tbody> <tr>
      <td bgcolor=""#cccccc"">　商品特長</td>
    </tr>
    <tr>
      <td><br>
      <font size=""2"">Plus-s(プラスエス)シリーズは、手帳型カバーをベースに、高品質UV硬化型インクにてプリント！商品加工すべてを日本国内の熟練した職人の手作業で行われます。made in japan<br>
      <br>
      しっかりと装着出来、端末を傷から守る事ができる機能性にも優れたケースです。合皮素材で、UV硬化型インクにて高品質プリントを施すことにより、高級感ある仕上がりとなっております。<BR>
      <br>
      </font></td>
    </tr>
    <tr>
      <td align=""center"">&nbsp;<img src=""http://image.rakuten.co.jp/kintsu/cabinet/plus-s/explanation_plus-s.jpg"" /><br>
      <br>
      </td>
    </tr>
    <tr><td align=""left"" bgcolor=""cccccc"">　商品説明</td></tr><tr><td align=""left""><br><font size=""2"" color=""#404040"">
      ・装着したまま充電可能（一部非対応）（卓上ホルダには対応しません）<br>
      ・ベースの手帳型ケースは、複数の仕入れ先より入手しており、入荷時期によって形状が若干変わる事があります。<br>
      </font>
      <hr>
      <font size=""2"" color=""#404040"">素材：手帳ケース本体／合皮　<br>ハードケース／ポリカーボネート(ブラックケース)<br>
      加工：UV硬化型インク<br>
      対応機種：URBANO V02<br>
      </font>
      <hr>
      <font size=""2"" color=""#404040"">※機種本体は含まれておりません。<br>
      ※仕様は予告なく変更する場合がございます。
<br>
      ※ 実物の色に近づけるように努めていますが、ご利用のモニター、PCやスマートフォンの環境により掲載写真の色が実物の色と違って見える場合がございます。
</font></td></tr></tbody></table><style type=""text/css"">
span.unit {
	background: url(http://www.rakuten.ne.jp/gold/kintsu/images/cart_up_send.png) no-repeat left top;
	text-indent: -9999;
	display: block;
	width: 325px;
	height: 80;
	margin: 15px 0;
}
span.choice {
	display: inline-block;
	font-size: 15px;
	margin: 5px auto;
	width: 112px;
}
select[name=""choice""] {
	font-size: 15px;
	max-width: 200px;
}
td.inventory_choice_name {
	background-color: #F7F7F7;
}
/***買い物かごまわり全ボタン・入力欄共通***/
input[value=""買い物かごに入れる""] {
	background: url(""http://www.rakuten.ne.jp/gold/kintsu/images/cart04.png"") no-repeat;
	/*border: 1px solid #930;*/
	border: 0;
	height: 45px;
	text-indent: -9999px;
	cursor: pointer !important;
	width: 250px;
	margin-top: 10px;
	display: block;
}
input[value=""買い物かごに入れる""]:not(:target) {
	background-size: cover\9; /* IE9 */
	height: 45px\9;
	width: 250px\9;
}

@media screen and (-ms-high-contrast: active), (-ms-high-contrast: none) {
input[value=""買い物かごに入れる""] {
	background-size: cover;     /* IE10 */
	height: 45px;
	width: 250px;
}
}
input[value=""買い物かごに入れる""]:hover {
	opacity: 0.8;
}
/***「お問合せ」ボタン***/
font input[value=""商品についての問合わせ""] {
	background: url(""http://www.rakuten.ne.jp/gold/kintsu/images/toiawase01.png"") no-repeat;
	/*border: 1px solid #930;*/
	border: 0;
	height: 35px;
	text-indent: -9999px;
	cursor: pointer !important;
	width: 250px;
	margin-top: 10px;
}
font input[value=""商品についての問合わせ""]:hover {
	opacity: 0.7;
}
/***「商品お気に入り」ボタン***/

#rakutenLimitedId_aroundCart div.bkm {
	width: 250px !important;
	height: 35px !important;
}
#rakutenLimitedId_aroundCart div.bkm {
	float: none;
	padding-bottom: 0 !important;
}
#rakutenLimitedId_aroundCart div.bookmarkArea div.bkm a.addBkm span.bkmStar {
	background: url(""http://www.rakuten.ne.jp/gold/kintsu/images/okini01.jpg"") no-repeat scroll 0 0 rgba(0, 0, 0, 0) !important;
	display: inline-block !important;
	height: 35px !important;
	margin: 0 0 10px !important;
	width: 250px !important;
}
/***「店舗お気に入り」ボタン***/

#rakutenLimitedId_aroundCart div.shopBkm {
	float: none !important;
	width: 250px !important;
	height: 35px !important;
}
#rakutenLimitedId_aroundCart div.shopBkm {
	padding-left: 0 !important;
}
#rakutenLimitedId_aroundCart div.shopBookmarkArea div.shopBkm a.addShopBkm span.shopBkmStar {
	background: url(""http://www.rakuten.ne.jp/gold/kintsu/images/okini02.jpg"") no-repeat scroll 0 0 rgba(0, 0, 0, 0) !important;
	display: inline-block !important;
	height: 35px !important;
	margin-right: 0 !important;
	width: 250px !important;
}
#rnkInShopPartsArea {
	margin: 0;
	padding: 0;		
}
#rnkInShopMain {
	margin: 0;
	padding: 0;		
}
</style>

<table width=""630"" border=""0"" cellpadding=""0"" cellspacing=""0"" style=""margin: 0 auto;"">
<tr>
<td valign=""top"" align=""left"">

</td>
</tr>
</table>",URBANO V02 手帳型ケース v02 手帳型ケース アルバーノ ケース 手帳型 キャット アニマル 動物 カバー v02ケース v02カバー au ケース カバー おしゃれ かわいい 手帳型スマホケース スマホケース スマホカバー：ケータイ屋24　楽天市場店,スマートフォンアクセサリー携帯ストラップストラップスマホケーススマートフォン ケーススマホピアスイヤホンジャック アクセサリースマートフォンピアスネックストラップスワロフスキー ピアススワロフスキー ストラップスマホカバースマートフォン カバーURBANO V02 手帳型ケース v02 手帳型ケース アルバーノ ケース 手帳型 キャット アニマル 動物 カバー v02ケース v02カバー au ケース カバー おしゃれ かわいい 手帳型スマホケース スマホケース スマホカバー,V02 ケース 手帳型 スマホケース 手帳ケース☆。URBANO V02 手帳型ケース v02 手帳型ケース アルバーノ ケース 手帳型 キャット アニマル 動物 カバー v02ケース v02カバー au ケース カバー おしゃれ かわいい 手帳型スマホケース スマホケース スマホカバー[rn]
8-90045,http://tshop.r10s.jp/kintsu/cabinet/plus-s/diary/plus-diary-1031a2.jpg?fitin=700:700,1836.8000,,スマートフォン・タブレット > スマートフォンアクセサリー > スマートフォンケース,urbano v02 ケース 手帳型 和柄 波兎 なみうさぎ ウサギ  v02ケース v02ケース v02ケース v02ケース v02ケース v02ケース v02ケース v02ケース v02ケース v02ケース アルバーノ v02 カバー,アルバーノ v02 カバー 手帳型,"<font color=""#ff0000""><b>※ 画像はイメージです。<br>
機種やカメラの位置等によって、デザインの見え方が異ったり<br>絵柄が切れる場合がございます。
<br>
予めご了承ください。</b></font><br><br>
和柄 美しい波兎(なみうさぎ)の プリントした手帳型 ダイアリーケース。バラエティも豊富☆ URBANO V02ケース<br>
<br><table border=""0"" cellpadding=""2"" cellspacing=""0"" width=""400""><tbody> <tr>
      <td bgcolor=""#cccccc"">　商品特長</td>
    </tr>
    <tr>
      <td><br>
      <font size=""2"">Plus-s(プラスエス)シリーズは、手帳型製カバーをベースに、高品質UV硬化型インクにてプリント！商品加工すべてを日本国内の熟練した職人の手作業で行われます。made in japan<br>
      <br>
      しっかりと装着出来、端末を傷から守る事ができる機能性にも優れたケースです。合皮素材で、UV硬化型インクにて高品質プリントを施すことにより、高級感ある仕上がりとなっております。<BR>
      <br>
      </font></td>
    </tr>
    <tr>
      <td align=""center"">&nbsp;<img src=""http://image.rakuten.co.jp/kintsu/cabinet/plus-s/explanation_plus-s.jpg"" /><br>
      <br>
      </td>
    </tr>
    <tr><td align=""left"" bgcolor=""cccccc"">　商品説明</td></tr><tr><td align=""left""><br><font size=""2"" color=""#404040"">
      ・装着したまま充電可能（一部非対応）（卓上ホルダには対応しません）<br>
      ・ベースの手帳型ケースは、複数の仕入れ先より入手しており、入荷時期によって形状が若干変わる事があります。<br>
      </font>
      <hr>
      <font size=""2"" color=""#404040"">素材：手帳ケース本体／合皮　<br>ハードケース／ポリカーボネート(ブラックケース)<br>
      加工：UV硬化型インク<br>
      対応機種：URBANO V02<br>
      </font>
      <hr>
      <font size=""2"" color=""#404040"">※機種本体は含まれておりません。<br>
      ※仕様は予告なく変更する場合がございます。
<br>
      ※実物の色に近づけるように努めていますが、ご利用のモニター、PCやスマートフォンの環境により掲載写真の色が実物の色と違って見える場合がございます。
</font></td></tr></tbody></table><style type=""text/css"">
span.unit {
	background: url(http://www.rakuten.ne.jp/gold/kintsu/images/cart_up_send.png) no-repeat left top;
	text-indent: -9999;
	display: block;
	width: 325px;
	height: 80;
	margin: 15px 0;
}
span.choice {
	display: inline-block;
	font-size: 15px;
	margin: 5px auto;
	width: 112px;
}
select[name=""choice""] {
	font-size: 15px;
	max-width: 200px;
}
td.inventory_choice_name {
	background-color: #F7F7F7;
}
/***買い物かごまわり全ボタン・入力欄共通***/
input[value=""買い物かごに入れる""] {
	background: url(""http://www.rakuten.ne.jp/gold/kintsu/images/cart04.png"") no-repeat;
	/*border: 1px solid #930;*/
	border: 0;
	height: 45px;
	text-indent: -9999px;
	cursor: pointer !important;
	width: 250px;
	margin-top: 10px;
	display: block;
}
input[value=""買い物かごに入れる""]:not(:target) {
	background-size: cover\9; /* IE9 */
	height: 45px\9;
	width: 250px\9;
}

@media screen and (-ms-high-contrast: active), (-ms-high-contrast: none) {
input[value=""買い物かごに入れる""] {
	background-size: cover;     /* IE10 */
	height: 45px;
	width: 250px;
}
}
input[value=""買い物かごに入れる""]:hover {
	opacity: 0.8;
}
/***「お問合せ」ボタン***/
font input[value=""商品についての問合わせ""] {
	background: url(""http://www.rakuten.ne.jp/gold/kintsu/images/toiawase01.png"") no-repeat;
	/*border: 1px solid #930;*/
	border: 0;
	height: 35px;
	text-indent: -9999px;
	cursor: pointer !important;
	width: 250px;
	margin-top: 10px;
}
font input[value=""商品についての問合わせ""]:hover {
	opacity: 0.7;
}
/***「商品お気に入り」ボタン***/

#rakutenLimitedId_aroundCart div.bkm {
	width: 250px !important;
	height: 35px !important;
}
#rakutenLimitedId_aroundCart div.bkm {
	float: none;
	padding-bottom: 0 !important;
}
#rakutenLimitedId_aroundCart div.bookmarkArea div.bkm a.addBkm span.bkmStar {
	background: url(""http://www.rakuten.ne.jp/gold/kintsu/images/okini01.jpg"") no-repeat scroll 0 0 rgba(0, 0, 0, 0) !important;
	display: inline-block !important;
	height: 35px !important;
	margin: 0 0 10px !important;
	width: 250px !important;
}
/***「店舗お気に入り」ボタン***/

#rakutenLimitedId_aroundCart div.shopBkm {
	float: none !important;
	width: 250px !important;
	height: 35px !important;
}
#rakutenLimitedId_aroundCart div.shopBkm {
	padding-left: 0 !important;
}
#rakutenLimitedId_aroundCart div.shopBookmarkArea div.shopBkm a.addShopBkm span.shopBkmStar {
	background: url(""http://www.rakuten.ne.jp/gold/kintsu/images/okini02.jpg"") no-repeat scroll 0 0 rgba(0, 0, 0, 0) !important;
	display: inline-block !important;
	height: 35px !important;
	margin-right: 0 !important;
	width: 250px !important;
}
#rnkInShopPartsArea {
	margin: 0;
	padding: 0;		
}
#rnkInShopMain {
	margin: 0;
	padding: 0;		
}
</style>

<table width=""630"" border=""0"" cellpadding=""0"" cellspacing=""0"" style=""margin: 0 auto;"">
<tr>
<td valign=""top"" align=""left"">

</td>
</tr>
</table>",urbano v02 ケース 手帳型 和柄 波兎 なみうさぎ ウサギ  v02ケース v02ケース v02ケース v02ケース v02ケース v02ケース v02ケース v02ケース v02ケース v02ケース アルバーノ v02 カバー：ケータイ屋24　楽天市場店,スマートフォンアクセサリー携帯ストラップストラップスマホケーススマートフォン ケーススマホピアスイヤホンジャック アクセサリースマートフォンピアスネックストラップスワロフスキー ピアススワロフスキー ストラップスマホカバースマートフォン カバーurbano v02 ケース 手帳型 和柄 波兎 なみうさぎ ウサギ  v02ケース v02ケース v02ケース v02ケース v02ケース v02ケース v02ケース v02ケース v02ケース v02ケース アルバーノ v02 カバー,アルバーノ v02 カバー 手帳型。urbano v02 ケース 手帳型 和柄 波兎 なみうさぎ ウサギ  v02ケース v02ケース v02ケース v02ケース v02ケース v02ケース v02ケース v02ケース v02ケース v02ケース アルバーノ v02 カバー[rn]
8-90046,http://tshop.r10s.jp/kintsu/cabinet/plus-s/m/v02/ps-v02-0342a.jpg?fitin=700:700,1600.0000,,スマートフォン・タブレット > スマートフォンアクセサリー > スマートフォンケース,urbano v02 ケース マルコポーロ Marco Polo 世界の記述 urbano v02 ケース urbano v02 ケース urbano v02 ケース urbano v02 ケース urbano v02 ケース urbano v02 ケース アルバーノ v02 カバー アルバーノ v02 カバー アルバーノ v02 カバー アルバーノ v02 カバー,V02 ケース カバー 2個以上で送料無料！,"タバコパッケージ風なマルコ・ポーロと書かれた面白デザイン URBANO V02 クリア ケース。種類も豊富♪<br><br><table border=""0"" cellpadding=""2"" cellspacing=""0"" width=""400""><tbody> <tr>
      <td bgcolor=""#cccccc"">　商品特長</td>
    </tr>
    <tr>
      <td><br>
      <font size=""2"">Plus-s(プラスエス)シリーズは、ポリカーボネイト製カバーをベースに、高品質UV硬化型インクにてプリント！商品加工すべてを日本国内の熟練した職人の手作業で行われます。made in japan<br>
      <br>
      しっかりと装着出来、端末を傷から守る事ができる機能性にも優れたケースです。ハードケース素材で、UV硬化型インクにて高品質プリントを施すことにより、高級感ある仕上がりとなっております。<BR>
      <BR>
      ジャケットを装着したままで、イヤホンや充電コネクターの接続、タッチパネルの使用など操作性も確保しております。 <BR>
      <br>
      </font></td>
    </tr>
    <tr>
      <td align=""center"">&nbsp;<img src=""http://image.rakuten.co.jp/kintsu/cabinet/plus-s/explanation_plus-s.jpg"" /><br>
      <br>
      </td>
    </tr>
    <tr><td align=""left"" bgcolor=""cccccc"">　商品説明</td></tr><tr><td align=""left""><br><font size=""2"" color=""#404040"">・スマートフォンケース側面への印刷は入りません。<br>
      ・装着したまま充電可能（卓上ホルダには対応しません）です。<br>
      ・ベースのスマートフォンケースは、複数の仕入れ先より入手しており、入荷時期によって形状が若干変わる事があります。<br>
      </font>
      <hr>
      <font size=""2"" color=""#404040"">素材：ケース本体／ポリカーボネート(クリアケース)<br>
      加工：UV硬化型インク（側面にプリントは入りません）<br>
      対応機種・サイズ：URBANO V02 専用<br>
      </font>
      <hr>
      <font size=""2"" color=""#404040"">※機種本体は含まれておりません。<br>
      ※仕様は予告なく変更する場合がございます。</font></td></tr></tbody></table><style type=""text/css"">
span.unit {
	background: url(http://www.rakuten.ne.jp/gold/kintsu/images/cart_up_send.png) no-repeat left top;
	text-indent: -9999;
	display: block;
	width: 325px;
	height: 80;
	margin: 15px 0;
}
span.choice {
	display: inline-block;
	font-size: 15px;
	margin: 5px auto;
	width: 112px;
}
select[name=""choice""] {
	font-size: 15px;
	max-width: 200px;
}
td.inventory_choice_name {
	background-color: #F7F7F7;
}
/***買い物かごまわり全ボタン・入力欄共通***/
input[value=""買い物かごに入れる""] {
	background: url(""http://www.rakuten.ne.jp/gold/kintsu/images/cart04.png"") no-repeat;
	/*border: 1px solid #930;*/
	border: 0;
	height: 45px;
	text-indent: -9999px;
	cursor: pointer !important;
	width: 250px;
	margin-top: 10px;
	display: block;
}
input[value=""買い物かごに入れる""]:not(:target) {
	background-size: cover\9; /* IE9 */
	height: 45px\9;
	width: 250px\9;
}

@media screen and (-ms-high-contrast: active), (-ms-high-contrast: none) {
input[value=""買い物かごに入れる""] {
	background-size: cover;     /* IE10 */
	height: 45px;
	width: 250px;
}
}
input[value=""買い物かごに入れる""]:hover {
	opacity: 0.8;
}
/***「お問合せ」ボタン***/
font input[value=""商品についての問合わせ""] {
	background: url(""http://www.rakuten.ne.jp/gold/kintsu/images/toiawase01.png"") no-repeat;
	/*border: 1px solid #930;*/
	border: 0;
	height: 35px;
	text-indent: -9999px;
	cursor: pointer !important;
	width: 250px;
	margin-top: 10px;
}
font input[value=""商品についての問合わせ""]:hover {
	opacity: 0.7;
}
/***「商品お気に入り」ボタン***/

#rakutenLimitedId_aroundCart div.bkm {
	width: 250px !important;
	height: 35px !important;
}
#rakutenLimitedId_aroundCart div.bkm {
	float: none;
	padding-bottom: 0 !important;
}
#rakutenLimitedId_aroundCart div.bookmarkArea div.bkm a.addBkm span.bkmStar {
	background: url(""http://www.rakuten.ne.jp/gold/kintsu/images/okini01.jpg"") no-repeat scroll 0 0 rgba(0, 0, 0, 0) !important;
	display: inline-block !important;
	height: 35px !important;
	margin: 0 0 10px !important;
	width: 250px !important;
}
/***「店舗お気に入り」ボタン***/

#rakutenLimitedId_aroundCart div.shopBkm {
	float: none !important;
	width: 250px !important;
	height: 35px !important;
}
#rakutenLimitedId_aroundCart div.shopBkm {
	padding-left: 0 !important;
}
#rakutenLimitedId_aroundCart div.shopBookmarkArea div.shopBkm a.addShopBkm span.shopBkmStar {
	background: url(""http://www.rakuten.ne.jp/gold/kintsu/images/okini02.jpg"") no-repeat scroll 0 0 rgba(0, 0, 0, 0) !important;
	display: inline-block !important;
	height: 35px !important;
	margin-right: 0 !important;
	width: 250px !important;
}
#rnkInShopPartsArea {
	margin: 0;
	padding: 0;		
}
#rnkInShopMain {
	margin: 0;
	padding: 0;		
}
</style>

<table width=""630"" border=""0"" cellpadding=""0"" cellspacing=""0"" style=""margin: 0 auto;"">
<tr>
<td valign=""top"" align=""left"">

</td>
</tr>
</table>",urbano v02 ケース マルコポーロ Marco Polo 世界の記述 urbano v02 ケース urbano v02 ケース urbano v02 ケース urbano v02 ケース urbano v02 ケース urbano v02 ケース アルバーノ v02 カバー アルバーノ v02 カバー アルバーノ v02 カバー アルバーノ v02 カバー：ケータイ屋24　楽天市場店,スマートフォンアクセサリー携帯ストラップストラップスマホケーススマートフォン ケーススマホピアスイヤホンジャック アクセサリースマートフォンピアスネックストラップスワロフスキー ピアススワロフスキー ストラップスマホカバースマートフォン カバーurbano v02 ケース マルコポーロ Marco Polo 世界の記述 urbano v02 ケース urbano v02 ケース urbano v02 ケース urbano v02 ケース urbano v02 ケース urbano v02 ケース アルバーノ v02 カバー アルバーノ v02 カバー アルバーノ v02 カバー アルバーノ v02 カバー,V02 ケース カバー 2個以上で送料無料！。urbano v02 ケース マルコポーロ Marco Polo 世界の記述 urbano v02 ケース urbano v02 ケース urbano v02 ケース urbano v02 ケース urbano v02 ケース urbano v02 ケース アルバーノ v02 カバー アルバーノ v02 カバー アルバーノ v02 カバー アルバーノ v02 カバー[rn]
8-90047,http://tshop.r10s.jp/kintsu/cabinet/plus-s/m/v02/ps-v02-0039a.jpg?fitin=700:700,1600.0000,,スマートフォン・タブレット > スマートフォンアクセサリー > スマートフォンケース,urbano v02 ケース ヘビ柄 アニマル urbano v02 ケース urbano v02 ケース urbano v02 ケース urbano v02 ケース urbano v02 ケース urbano v02 ケース アルバーノ v02 カバー アルバーノ v02 カバー アルバーノ v02 カバー アルバーノ v02 カバー アルバーノ v02 カバー,V02 ケース カバー 2個以上で送料無料！,"オシャレなヘビ柄 URBANO V02 クリア ケース。ヘビは縁起がいいので、何かご利益があるかも…♪<br><br><table border=""0"" cellpadding=""2"" cellspacing=""0"" width=""400""><tbody> <tr>
      <td bgcolor=""#cccccc"">　商品特長</td>
    </tr>
    <tr>
      <td><br>
      <font size=""2"">Plus-s(プラスエス)シリーズは、ポリカーボネイト製カバーをベースに、高品質UV硬化型インクにてプリント！商品加工すべてを日本国内の熟練した職人の手作業で行われます。made in japan<br>
      <br>
      しっかりと装着出来、端末を傷から守る事ができる機能性にも優れたケースです。ハードケース素材で、UV硬化型インクにて高品質プリントを施すことにより、高級感ある仕上がりとなっております。<BR>
      <BR>
      ジャケットを装着したままで、イヤホンや充電コネクターの接続、タッチパネルの使用など操作性も確保しております。 <BR>
      <br>
      </font></td>
    </tr>
    <tr>
      <td align=""center"">&nbsp;<img src=""http://image.rakuten.co.jp/kintsu/cabinet/plus-s/explanation_plus-s.jpg"" /><br>
      <br>
      </td>
    </tr>
    <tr><td align=""left"" bgcolor=""cccccc"">　商品説明</td></tr><tr><td align=""left""><br><font size=""2"" color=""#404040"">・スマートフォンケース側面への印刷は入りません。<br>
      ・装着したまま充電可能（卓上ホルダには対応しません）です。<br>
      ・ベースのスマートフォンケースは、複数の仕入れ先より入手しており、入荷時期によって形状が若干変わる事があります。<br>
      </font>
      <hr>
      <font size=""2"" color=""#404040"">素材：ケース本体／ポリカーボネート(クリアケース)<br>
      加工：UV硬化型インク（側面にプリントは入りません）<br>
      対応機種・サイズ：URBANO V02 専用<br>
      </font>
      <hr>
      <font size=""2"" color=""#404040"">※機種本体は含まれておりません。<br>
      ※仕様は予告なく変更する場合がございます。</font></td></tr></tbody></table><style type=""text/css"">
span.unit {
	background: url(http://www.rakuten.ne.jp/gold/kintsu/images/cart_up_send.png) no-repeat left top;
	text-indent: -9999;
	display: block;
	width: 325px;
	height: 80;
	margin: 15px 0;
}
span.choice {
	display: inline-block;
	font-size: 15px;
	margin: 5px auto;
	width: 112px;
}
select[name=""choice""] {
	font-size: 15px;
	max-width: 200px;
}
td.inventory_choice_name {
	background-color: #F7F7F7;
}
/***買い物かごまわり全ボタン・入力欄共通***/
input[value=""買い物かごに入れる""] {
	background: url(""http://www.rakuten.ne.jp/gold/kintsu/images/cart04.png"") no-repeat;
	/*border: 1px solid #930;*/
	border: 0;
	height: 45px;
	text-indent: -9999px;
	cursor: pointer !important;
	width: 250px;
	margin-top: 10px;
	display: block;
}
input[value=""買い物かごに入れる""]:not(:target) {
	background-size: cover\9; /* IE9 */
	height: 45px\9;
	width: 250px\9;
}

@media screen and (-ms-high-contrast: active), (-ms-high-contrast: none) {
input[value=""買い物かごに入れる""] {
	background-size: cover;     /* IE10 */
	height: 45px;
	width: 250px;
}
}
input[value=""買い物かごに入れる""]:hover {
	opacity: 0.8;
}
/***「お問合せ」ボタン***/
font input[value=""商品についての問合わせ""] {
	background: url(""http://www.rakuten.ne.jp/gold/kintsu/images/toiawase01.png"") no-repeat;
	/*border: 1px solid #930;*/
	border: 0;
	height: 35px;
	text-indent: -9999px;
	cursor: pointer !important;
	width: 250px;
	margin-top: 10px;
}
font input[value=""商品についての問合わせ""]:hover {
	opacity: 0.7;
}
/***「商品お気に入り」ボタン***/

#rakutenLimitedId_aroundCart div.bkm {
	width: 250px !important;
	height: 35px !important;
}
#rakutenLimitedId_aroundCart div.bkm {
	float: none;
	padding-bottom: 0 !important;
}
#rakutenLimitedId_aroundCart div.bookmarkArea div.bkm a.addBkm span.bkmStar {
	background: url(""http://www.rakuten.ne.jp/gold/kintsu/images/okini01.jpg"") no-repeat scroll 0 0 rgba(0, 0, 0, 0) !important;
	display: inline-block !important;
	height: 35px !important;
	margin: 0 0 10px !important;
	width: 250px !important;
}
/***「店舗お気に入り」ボタン***/

#rakutenLimitedId_aroundCart div.shopBkm {
	float: none !important;
	width: 250px !important;
	height: 35px !important;
}
#rakutenLimitedId_aroundCart div.shopBkm {
	padding-left: 0 !important;
}
#rakutenLimitedId_aroundCart div.shopBookmarkArea div.shopBkm a.addShopBkm span.shopBkmStar {
	background: url(""http://www.rakuten.ne.jp/gold/kintsu/images/okini02.jpg"") no-repeat scroll 0 0 rgba(0, 0, 0, 0) !important;
	display: inline-block !important;
	height: 35px !important;
	margin-right: 0 !important;
	width: 250px !important;
}
#rnkInShopPartsArea {
	margin: 0;
	padding: 0;		
}
#rnkInShopMain {
	margin: 0;
	padding: 0;		
}
</style>

<table width=""630"" border=""0"" cellpadding=""0"" cellspacing=""0"" style=""margin: 0 auto;"">
<tr>
<td valign=""top"" align=""left"">

</td>
</tr>
</table>",urbano v02 ケース ヘビ柄 アニマル urbano v02 ケース urbano v02 ケース urbano v02 ケース urbano v02 ケース urbano v02 ケース urbano v02 ケース アルバーノ v02 カバー アルバーノ v02 カバー アルバーノ v02 カバー アルバーノ v02 カバー アルバーノ v02 カバー：ケータイ屋24　楽天市場店,スマートフォンアクセサリー携帯ストラップストラップスマホケーススマートフォン ケーススマホピアスイヤホンジャック アクセサリースマートフォンピアスネックストラップスワロフスキー ピアススワロフスキー ストラップスマホカバースマートフォン カバーurbano v02 ケース ヘビ柄 アニマル urbano v02 ケース urbano v02 ケース urbano v02 ケース urbano v02 ケース urbano v02 ケース urbano v02 ケース アルバーノ v02 カバー アルバーノ v02 カバー アルバーノ v02 カバー アルバーノ v02 カバー アルバーノ v02 カバー,V02 ケース カバー 2個以上で送料無料！。urbano v02 ケース ヘビ柄 アニマル urbano v02 ケース urbano v02 ケース urbano v02 ケース urbano v02 ケース urbano v02 ケース urbano v02 ケース アルバーノ v02 カバー アルバーノ v02 カバー アルバーノ v02 カバー アルバーノ v02 カバー アルバーノ v02 カバー[rn]
8-90048,http://tshop.r10s.jp/kintsu/cabinet/plus-s/diary/plus-diary-icd0031a2.jpg?fitin=700:700,1836.8000,,スマートフォン・タブレット > スマートフォンアクセサリー > スマートフォンケース,URBANO V02 手帳型ケース v02 手帳型ケース アルバーノ ケース 手帳型 トースト 食パン 食べ物 カバー v02ケース v02カバー au ケース カバー おしゃれ かわいい 手帳型スマホケース スマホケース スマホカバー,V02 ケース 手帳型 スマホケース 手帳ケース☆,"<font color=""#ff0000""><b>※ 画像はイメージです。<br>
機種やカメラの位置等によって、デザインの見え方が異ったり<br>絵柄が切れる場合がございます。
<br>
予めご了承ください。</b></font><br><br>
こんがり焼けたトーストと色々なトッピングの 手帳型 ダイアリーケース。バラエティも豊富☆ URBANO V02ケース<br>
<br><table border=""0"" cellpadding=""2"" cellspacing=""0"" width=""400""><tbody> <tr>
      <td bgcolor=""#cccccc"">　商品特長</td>
    </tr>
    <tr>
      <td><br>
      <font size=""2"">Plus-s(プラスエス)シリーズは、手帳型カバーをベースに、高品質UV硬化型インクにてプリント！商品加工すべてを日本国内の熟練した職人の手作業で行われます。made in japan<br>
      <br>
      しっかりと装着出来、端末を傷から守る事ができる機能性にも優れたケースです。合皮素材で、UV硬化型インクにて高品質プリントを施すことにより、高級感ある仕上がりとなっております。<BR>
      <br>
      </font></td>
    </tr>
    <tr>
      <td align=""center"">&nbsp;<img src=""http://image.rakuten.co.jp/kintsu/cabinet/plus-s/explanation_plus-s.jpg"" /><br>
      <br>
      </td>
    </tr>
    <tr><td align=""left"" bgcolor=""cccccc"">　商品説明</td></tr><tr><td align=""left""><br><font size=""2"" color=""#404040"">
      ・装着したまま充電可能（一部非対応）（卓上ホルダには対応しません）<br>
      ・ベースの手帳型ケースは、複数の仕入れ先より入手しており、入荷時期によって形状が若干変わる事があります。<br>
      </font>
      <hr>
      <font size=""2"" color=""#404040"">素材：手帳ケース本体／合皮　<br>ハードケース／ポリカーボネート(ブラックケース)<br>
      加工：UV硬化型インク<br>
      対応機種：URBANO V02<br>
      </font>
      <hr>
      <font size=""2"" color=""#404040"">※機種本体は含まれておりません。<br>
      ※仕様は予告なく変更する場合がございます。
<br>
      ※ 実物の色に近づけるように努めていますが、ご利用のモニター、PCやスマートフォンの環境により掲載写真の色が実物の色と違って見える場合がございます。
</font></td></tr></tbody></table><style type=""text/css"">
span.unit {
	background: url(http://www.rakuten.ne.jp/gold/kintsu/images/cart_up_send.png) no-repeat left top;
	text-indent: -9999;
	display: block;
	width: 325px;
	height: 80;
	margin: 15px 0;
}
span.choice {
	display: inline-block;
	font-size: 15px;
	margin: 5px auto;
	width: 112px;
}
select[name=""choice""] {
	font-size: 15px;
	max-width: 200px;
}
td.inventory_choice_name {
	background-color: #F7F7F7;
}
/***買い物かごまわり全ボタン・入力欄共通***/
input[value=""買い物かごに入れる""] {
	background: url(""http://www.rakuten.ne.jp/gold/kintsu/images/cart04.png"") no-repeat;
	/*border: 1px solid #930;*/
	border: 0;
	height: 45px;
	text-indent: -9999px;
	cursor: pointer !important;
	width: 250px;
	margin-top: 10px;
	display: block;
}
input[value=""買い物かごに入れる""]:not(:target) {
	background-size: cover\9; /* IE9 */
	height: 45px\9;
	width: 250px\9;
}

@media screen and (-ms-high-contrast: active), (-ms-high-contrast: none) {
input[value=""買い物かごに入れる""] {
	background-size: cover;     /* IE10 */
	height: 45px;
	width: 250px;
}
}
input[value=""買い物かごに入れる""]:hover {
	opacity: 0.8;
}
/***「お問合せ」ボタン***/
font input[value=""商品についての問合わせ""] {
	background: url(""http://www.rakuten.ne.jp/gold/kintsu/images/toiawase01.png"") no-repeat;
	/*border: 1px solid #930;*/
	border: 0;
	height: 35px;
	text-indent: -9999px;
	cursor: pointer !important;
	width: 250px;
	margin-top: 10px;
}
font input[value=""商品についての問合わせ""]:hover {
	opacity: 0.7;
}
/***「商品お気に入り」ボタン***/

#rakutenLimitedId_aroundCart div.bkm {
	width: 250px !important;
	height: 35px !important;
}
#rakutenLimitedId_aroundCart div.bkm {
	float: none;
	padding-bottom: 0 !important;
}
#rakutenLimitedId_aroundCart div.bookmarkArea div.bkm a.addBkm span.bkmStar {
	background: url(""http://www.rakuten.ne.jp/gold/kintsu/images/okini01.jpg"") no-repeat scroll 0 0 rgba(0, 0, 0, 0) !important;
	display: inline-block !important;
	height: 35px !important;
	margin: 0 0 10px !important;
	width: 250px !important;
}
/***「店舗お気に入り」ボタン***/

#rakutenLimitedId_aroundCart div.shopBkm {
	float: none !important;
	width: 250px !important;
	height: 35px !important;
}
#rakutenLimitedId_aroundCart div.shopBkm {
	padding-left: 0 !important;
}
#rakutenLimitedId_aroundCart div.shopBookmarkArea div.shopBkm a.addShopBkm span.shopBkmStar {
	background: url(""http://www.rakuten.ne.jp/gold/kintsu/images/okini02.jpg"") no-repeat scroll 0 0 rgba(0, 0, 0, 0) !important;
	display: inline-block !important;
	height: 35px !important;
	margin-right: 0 !important;
	width: 250px !important;
}
#rnkInShopPartsArea {
	margin: 0;
	padding: 0;		
}
#rnkInShopMain {
	margin: 0;
	padding: 0;		
}
</style>

<table width=""630"" border=""0"" cellpadding=""0"" cellspacing=""0"" style=""margin: 0 auto;"">
<tr>
<td valign=""top"" align=""left"">

</td>
</tr>
</table>",URBANO V02 手帳型ケース v02 手帳型ケース アルバーノ ケース 手帳型 トースト 食パン 食べ物 カバー v02ケース v02カバー au ケース カバー おしゃれ かわいい 手帳型スマホケース スマホケース スマホカバー：ケータイ屋24　楽天市場店,スマートフォンアクセサリー携帯ストラップストラップスマホケーススマートフォン ケーススマホピアスイヤホンジャック アクセサリースマートフォンピアスネックストラップスワロフスキー ピアススワロフスキー ストラップスマホカバースマートフォン カバーURBANO V02 手帳型ケース v02 手帳型ケース アルバーノ ケース 手帳型 トースト 食パン 食べ物 カバー v02ケース v02カバー au ケース カバー おしゃれ かわいい 手帳型スマホケース スマホケース スマホカバー,V02 ケース 手帳型 スマホケース 手帳ケース☆。URBANO V02 手帳型ケース v02 手帳型ケース アルバーノ ケース 手帳型 トースト 食パン 食べ物 カバー v02ケース v02カバー au ケース カバー おしゃれ かわいい 手帳型スマホケース スマホケース スマホカバー[rn]
8-90049,http://tshop.r10s.jp/kintsu/cabinet/plus-s/diary/plus-diary-tmd0015a2.jpg?fitin=700:700,1836.8000,,スマートフォン・タブレット > スマートフォンアクセサリー > スマートフォンケース,URBANO V02 手帳型ケース v02 手帳型ケース アルバーノ ケース 手帳型 テディベア くま ぬいぐるみ カバー v02ケース v02カバー au ケース カバー おしゃれ かわいい 手帳型スマホケース スマホケース スマホカバー,V02 ケース 手帳型 スマホケース 手帳ケース☆,"<font color=""#ff0000""><b>※ 画像はイメージです。<br>
機種やカメラの位置等によって、デザインの見え方が異ったり<br>絵柄が切れる場合がございます。
<br>
予めご了承ください。</b></font><br><br>
大きなリボンがかわいいテディベアの 手帳型 ダイアリーケース。バラエティも豊富☆ URBANO V02ケース<br>
<br><table border=""0"" cellpadding=""2"" cellspacing=""0"" width=""400""><tbody> <tr>
      <td bgcolor=""#cccccc"">　商品特長</td>
    </tr>
    <tr>
      <td><br>
      <font size=""2"">Plus-s(プラスエス)シリーズは、手帳型カバーをベースに、高品質UV硬化型インクにてプリント！商品加工すべてを日本国内の熟練した職人の手作業で行われます。made in japan<br>
      <br>
      しっかりと装着出来、端末を傷から守る事ができる機能性にも優れたケースです。合皮素材で、UV硬化型インクにて高品質プリントを施すことにより、高級感ある仕上がりとなっております。<BR>
      <br>
      </font></td>
    </tr>
    <tr>
      <td align=""center"">&nbsp;<img src=""http://image.rakuten.co.jp/kintsu/cabinet/plus-s/explanation_plus-s.jpg"" /><br>
      <br>
      </td>
    </tr>
    <tr><td align=""left"" bgcolor=""cccccc"">　商品説明</td></tr><tr><td align=""left""><br><font size=""2"" color=""#404040"">
      ・装着したまま充電可能（一部非対応）（卓上ホルダには対応しません）<br>
      ・ベースの手帳型ケースは、複数の仕入れ先より入手しており、入荷時期によって形状が若干変わる事があります。<br>
      </font>
      <hr>
      <font size=""2"" color=""#404040"">素材：手帳ケース本体／合皮　<br>ハードケース／ポリカーボネート(ブラックケース)<br>
      加工：UV硬化型インク<br>
      対応機種：URBANO V02<br>
      </font>
      <hr>
      <font size=""2"" color=""#404040"">※機種本体は含まれておりません。<br>
      ※仕様は予告なく変更する場合がございます。
<br>
      ※ 実物の色に近づけるように努めていますが、ご利用のモニター、PCやスマートフォンの環境により掲載写真の色が実物の色と違って見える場合がございます。
</font></td></tr></tbody></table><style type=""text/css"">
span.unit {
	background: url(http://www.rakuten.ne.jp/gold/kintsu/images/cart_up_send.png) no-repeat left top;
	text-indent: -9999;
	display: block;
	width: 325px;
	height: 80;
	margin: 15px 0;
}
span.choice {
	display: inline-block;
	font-size: 15px;
	margin: 5px auto;
	width: 112px;
}
select[name=""choice""] {
	font-size: 15px;
	max-width: 200px;
}
td.inventory_choice_name {
	background-color: #F7F7F7;
}
/***買い物かごまわり全ボタン・入力欄共通***/
input[value=""買い物かごに入れる""] {
	background: url(""http://www.rakuten.ne.jp/gold/kintsu/images/cart04.png"") no-repeat;
	/*border: 1px solid #930;*/
	border: 0;
	height: 45px;
	text-indent: -9999px;
	cursor: pointer !important;
	width: 250px;
	margin-top: 10px;
	display: block;
}
input[value=""買い物かごに入れる""]:not(:target) {
	background-size: cover\9; /* IE9 */
	height: 45px\9;
	width: 250px\9;
}

@media screen and (-ms-high-contrast: active), (-ms-high-contrast: none) {
input[value=""買い物かごに入れる""] {
	background-size: cover;     /* IE10 */
	height: 45px;
	width: 250px;
}
}
input[value=""買い物かごに入れる""]:hover {
	opacity: 0.8;
}
/***「お問合せ」ボタン***/
font input[value=""商品についての問合わせ""] {
	background: url(""http://www.rakuten.ne.jp/gold/kintsu/images/toiawase01.png"") no-repeat;
	/*border: 1px solid #930;*/
	border: 0;
	height: 35px;
	text-indent: -9999px;
	cursor: pointer !important;
	width: 250px;
	margin-top: 10px;
}
font input[value=""商品についての問合わせ""]:hover {
	opacity: 0.7;
}
/***「商品お気に入り」ボタン***/

#rakutenLimitedId_aroundCart div.bkm {
	width: 250px !important;
	height: 35px !important;
}
#rakutenLimitedId_aroundCart div.bkm {
	float: none;
	padding-bottom: 0 !important;
}
#rakutenLimitedId_aroundCart div.bookmarkArea div.bkm a.addBkm span.bkmStar {
	background: url(""http://www.rakuten.ne.jp/gold/kintsu/images/okini01.jpg"") no-repeat scroll 0 0 rgba(0, 0, 0, 0) !important;
	display: inline-block !important;
	height: 35px !important;
	margin: 0 0 10px !important;
	width: 250px !important;
}
/***「店舗お気に入り」ボタン***/

#rakutenLimitedId_aroundCart div.shopBkm {
	float: none !important;
	width: 250px !important;
	height: 35px !important;
}
#rakutenLimitedId_aroundCart div.shopBkm {
	padding-left: 0 !important;
}
#rakutenLimitedId_aroundCart div.shopBookmarkArea div.shopBkm a.addShopBkm span.shopBkmStar {
	background: url(""http://www.rakuten.ne.jp/gold/kintsu/images/okini02.jpg"") no-repeat scroll 0 0 rgba(0, 0, 0, 0) !important;
	display: inline-block !important;
	height: 35px !important;
	margin-right: 0 !important;
	width: 250px !important;
}
#rnkInShopPartsArea {
	margin: 0;
	padding: 0;		
}
#rnkInShopMain {
	margin: 0;
	padding: 0;		
}
</style>

<table width=""630"" border=""0"" cellpadding=""0"" cellspacing=""0"" style=""margin: 0 auto;"">
<tr>
<td valign=""top"" align=""left"">

</td>
</tr>
</table>",URBANO V02 手帳型ケース v02 手帳型ケース アルバーノ ケース 手帳型 テディベア くま ぬいぐるみ カバー v02ケース v02カバー au ケース カバー おしゃれ かわいい 手帳型スマホケース スマホケース スマホカバー：ケータイ屋24　楽天市場店,スマートフォンアクセサリー携帯ストラップストラップスマホケーススマートフォン ケーススマホピアスイヤホンジャック アクセサリースマートフォンピアスネックストラップスワロフスキー ピアススワロフスキー ストラップスマホカバースマートフォン カバーURBANO V02 手帳型ケース v02 手帳型ケース アルバーノ ケース 手帳型 テディベア くま ぬいぐるみ カバー v02ケース v02カバー au ケース カバー おしゃれ かわいい 手帳型スマホケース スマホケース スマホカバー,V02 ケース 手帳型 スマホケース 手帳ケース☆。URBANO V02 手帳型ケース v02 手帳型ケース アルバーノ ケース 手帳型 テディベア くま ぬいぐるみ カバー v02ケース v02カバー au ケース カバー おしゃれ かわいい 手帳型スマホケース スマホケース スマホカバー[rn]
8-90050,http://tshop.r10s.jp/kintsu/cabinet/plus-s/m/v02/ps-v02-0035a.jpg?fitin=700:700,1600.0000,,スマートフォン・タブレット > スマートフォンアクセサリー > スマートフォンケース,urbano v02 ケース ヒョウ柄 レオパード urbano v02 ケース urbano v02 ケース urbano v02 ケース urbano v02 ケース urbano v02 ケース urbano v02 ケース アルバーノ v02 カバー アルバーノ v02 カバー アルバーノ v02 カバー アルバーノ v02 カバー アルバーノ v02 カバー,V02 ケース カバー 2個以上で送料無料！,"オシャレなヒョウ柄 URBANO V02 クリア ケース。カラーも豊富♪<br><br><table border=""0"" cellpadding=""2"" cellspacing=""0"" width=""400""><tbody> <tr>
      <td bgcolor=""#cccccc"">　商品特長</td>
    </tr>
    <tr>
      <td><br>
      <font size=""2"">Plus-s(プラスエス)シリーズは、ポリカーボネイト製カバーをベースに、高品質UV硬化型インクにてプリント！商品加工すべてを日本国内の熟練した職人の手作業で行われます。made in japan<br>
      <br>
      しっかりと装着出来、端末を傷から守る事ができる機能性にも優れたケースです。ハードケース素材で、UV硬化型インクにて高品質プリントを施すことにより、高級感ある仕上がりとなっております。<BR>
      <BR>
      ジャケットを装着したままで、イヤホンや充電コネクターの接続、タッチパネルの使用など操作性も確保しております。 <BR>
      <br>
      </font></td>
    </tr>
    <tr>
      <td align=""center"">&nbsp;<img src=""http://image.rakuten.co.jp/kintsu/cabinet/plus-s/explanation_plus-s.jpg"" /><br>
      <br>
      </td>
    </tr>
    <tr><td align=""left"" bgcolor=""cccccc"">　商品説明</td></tr><tr><td align=""left""><br><font size=""2"" color=""#404040"">・スマートフォンケース側面への印刷は入りません。<br>
      ・装着したまま充電可能（卓上ホルダには対応しません）です。<br>
      ・ベースのスマートフォンケースは、複数の仕入れ先より入手しており、入荷時期によって形状が若干変わる事があります。<br>
      </font>
      <hr>
      <font size=""2"" color=""#404040"">素材：ケース本体／ポリカーボネート(クリアケース)<br>
      加工：UV硬化型インク（側面にプリントは入りません）<br>
      対応機種・サイズ：URBANO V02 専用<br>
      </font>
      <hr>
      <font size=""2"" color=""#404040"">※機種本体は含まれておりません。<br>
      ※仕様は予告なく変更する場合がございます。</font></td></tr></tbody></table><style type=""text/css"">
span.unit {
	background: url(http://www.rakuten.ne.jp/gold/kintsu/images/cart_up_send.png) no-repeat left top;
	text-indent: -9999;
	display: block;
	width: 325px;
	height: 80;
	margin: 15px 0;
}
span.choice {
	display: inline-block;
	font-size: 15px;
	margin: 5px auto;
	width: 112px;
}
select[name=""choice""] {
	font-size: 15px;
	max-width: 200px;
}
td.inventory_choice_name {
	background-color: #F7F7F7;
}
/***買い物かごまわり全ボタン・入力欄共通***/
input[value=""買い物かごに入れる""] {
	background: url(""http://www.rakuten.ne.jp/gold/kintsu/images/cart04.png"") no-repeat;
	/*border: 1px solid #930;*/
	border: 0;
	height: 45px;
	text-indent: -9999px;
	cursor: pointer !important;
	width: 250px;
	margin-top: 10px;
	display: block;
}
input[value=""買い物かごに入れる""]:not(:target) {
	background-size: cover\9; /* IE9 */
	height: 45px\9;
	width: 250px\9;
}

@media screen and (-ms-high-contrast: active), (-ms-high-contrast: none) {
input[value=""買い物かごに入れる""] {
	background-size: cover;     /* IE10 */
	height: 45px;
	width: 250px;
}
}
input[value=""買い物かごに入れる""]:hover {
	opacity: 0.8;
}
/***「お問合せ」ボタン***/
font input[value=""商品についての問合わせ""] {
	background: url(""http://www.rakuten.ne.jp/gold/kintsu/images/toiawase01.png"") no-repeat;
	/*border: 1px solid #930;*/
	border: 0;
	height: 35px;
	text-indent: -9999px;
	cursor: pointer !important;
	width: 250px;
	margin-top: 10px;
}
font input[value=""商品についての問合わせ""]:hover {
	opacity: 0.7;
}
/***「商品お気に入り」ボタン***/

#rakutenLimitedId_aroundCart div.bkm {
	width: 250px !important;
	height: 35px !important;
}
#rakutenLimitedId_aroundCart div.bkm {
	float: none;
	padding-bottom: 0 !important;
}
#rakutenLimitedId_aroundCart div.bookmarkArea div.bkm a.addBkm span.bkmStar {
	background: url(""http://www.rakuten.ne.jp/gold/kintsu/images/okini01.jpg"") no-repeat scroll 0 0 rgba(0, 0, 0, 0) !important;
	display: inline-block !important;
	height: 35px !important;
	margin: 0 0 10px !important;
	width: 250px !important;
}
/***「店舗お気に入り」ボタン***/

#rakutenLimitedId_aroundCart div.shopBkm {
	float: none !important;
	width: 250px !important;
	height: 35px !important;
}
#rakutenLimitedId_aroundCart div.shopBkm {
	padding-left: 0 !important;
}
#rakutenLimitedId_aroundCart div.shopBookmarkArea div.shopBkm a.addShopBkm span.shopBkmStar {
	background: url(""http://www.rakuten.ne.jp/gold/kintsu/images/okini02.jpg"") no-repeat scroll 0 0 rgba(0, 0, 0, 0) !important;
	display: inline-block !important;
	height: 35px !important;
	margin-right: 0 !important;
	width: 250px !important;
}
#rnkInShopPartsArea {
	margin: 0;
	padding: 0;		
}
#rnkInShopMain {
	margin: 0;
	padding: 0;		
}
</style>

<table width=""630"" border=""0"" cellpadding=""0"" cellspacing=""0"" style=""margin: 0 auto;"">
<tr>
<td valign=""top"" align=""left"">

</td>
</tr>
</table>",urbano v02 ケース ヒョウ柄 レオパード urbano v02 ケース urbano v02 ケース urbano v02 ケース urbano v02 ケース urbano v02 ケース urbano v02 ケース アルバーノ v02 カバー アルバーノ v02 カバー アルバーノ v02 カバー アルバーノ v02 カバー アルバーノ v02 カバー：ケータイ屋24　楽天市場店,スマートフォンアクセサリー携帯ストラップストラップスマホケーススマートフォン ケーススマホピアスイヤホンジャック アクセサリースマートフォンピアスネックストラップスワロフスキー ピアススワロフスキー ストラップスマホカバースマートフォン カバーurbano v02 ケース ヒョウ柄 レオパード urbano v02 ケース urbano v02 ケース urbano v02 ケース urbano v02 ケース urbano v02 ケース urbano v02 ケース アルバーノ v02 カバー アルバーノ v02 カバー アルバーノ v02 カバー アルバーノ v02 カバー アルバーノ v02 カバー,V02 ケース カバー 2個以上で送料無料！。urbano v02 ケース ヒョウ柄 レオパード urbano v02 ケース urbano v02 ケース urbano v02 ケース urbano v02 ケース urbano v02 ケース urbano v02 ケース アルバーノ v02 カバー アルバーノ v02 カバー アルバーノ v02 カバー アルバーノ v02 カバー アルバーノ v02 カバー[rn]
8-90051,http://tshop.r10s.jp/kintsu/cabinet/plus-s/n/v02/ps-v02-1028a.jpg?fitin=700:700,1600.0000,,スマートフォン・タブレット > スマートフォンアクセサリー > スマートフォンケース,和柄 龍 リュウ urbano v02 ケース アルバーノ v02 カバー v02カバー v02ケース urbanov02 au クリア ハードケース スマホケース スマホカバー 携帯カバー,V02 ケース カバー 2個以上で送料無料！,"和柄 美しい龍のURBANO V02 クリア ケース。<br><br><table border=""0"" cellpadding=""2"" cellspacing=""0"" width=""400""><tbody> <tr>
      <td bgcolor=""#cccccc"">　商品特長</td>
    </tr>
    <tr>
      <td><br>
      <font size=""2"">Plus-s(プラスエス)シリーズは、ポリカーボネイト製カバーをベースに、高品質UV硬化型インクにてプリント！商品加工すべてを日本国内の熟練した職人の手作業で行われます。made in japan<br>
      <br>
      しっかりと装着出来、端末を傷から守る事ができる機能性にも優れたケースです。ハードケース素材で、UV硬化型インクにて高品質プリントを施すことにより、高級感ある仕上がりとなっております。<BR>
      <BR>
      ジャケットを装着したままで、イヤホンや充電コネクターの接続、タッチパネルの使用など操作性も確保しております。 <BR>
      <br>
      </font></td>
    </tr>
    <tr>
      <td align=""center"">&nbsp;<img src=""http://image.rakuten.co.jp/kintsu/cabinet/plus-s/explanation_plus-s.jpg"" /><br>
      <br>
      </td>
    </tr>
    <tr><td align=""left"" bgcolor=""cccccc"">　商品説明</td></tr><tr><td align=""left""><br><font size=""2"" color=""#404040"">・スマートフォンケース側面への印刷は入りません。<br>
      ・装着したまま充電可能（卓上ホルダには対応しません）です。<br>
      ・ベースのスマートフォンケースは、複数の仕入れ先より入手しており、入荷時期によって形状が若干変わる事があります。<br>
      </font>
      <hr>
      <font size=""2"" color=""#404040"">素材：ケース本体／ポリカーボネート(クリアケース)<br>
      加工：UV硬化型インク（側面にプリントは入りません）<br>
      対応機種・サイズ：URBANO V02 専用<br>
      </font>
      <hr>
      <font size=""2"" color=""#404040"">※機種本体は含まれておりません。<br>
      ※仕様は予告なく変更する場合がございます。</font></td></tr></tbody></table><style type=""text/css"">
span.unit {
	background: url(http://www.rakuten.ne.jp/gold/kintsu/images/cart_up_send.png) no-repeat left top;
	text-indent: -9999;
	display: block;
	width: 325px;
	height: 80;
	margin: 15px 0;
}
span.choice {
	display: inline-block;
	font-size: 15px;
	margin: 5px auto;
	width: 112px;
}
select[name=""choice""] {
	font-size: 15px;
	max-width: 200px;
}
td.inventory_choice_name {
	background-color: #F7F7F7;
}
/***買い物かごまわり全ボタン・入力欄共通***/
input[value=""買い物かごに入れる""] {
	background: url(""http://www.rakuten.ne.jp/gold/kintsu/images/cart04.png"") no-repeat;
	/*border: 1px solid #930;*/
	border: 0;
	height: 45px;
	text-indent: -9999px;
	cursor: pointer !important;
	width: 250px;
	margin-top: 10px;
	display: block;
}
input[value=""買い物かごに入れる""]:not(:target) {
	background-size: cover\9; /* IE9 */
	height: 45px\9;
	width: 250px\9;
}

@media screen and (-ms-high-contrast: active), (-ms-high-contrast: none) {
input[value=""買い物かごに入れる""] {
	background-size: cover;     /* IE10 */
	height: 45px;
	width: 250px;
}
}
input[value=""買い物かごに入れる""]:hover {
	opacity: 0.8;
}
/***「お問合せ」ボタン***/
font input[value=""商品についての問合わせ""] {
	background: url(""http://www.rakuten.ne.jp/gold/kintsu/images/toiawase01.png"") no-repeat;
	/*border: 1px solid #930;*/
	border: 0;
	height: 35px;
	text-indent: -9999px;
	cursor: pointer !important;
	width: 250px;
	margin-top: 10px;
}
font input[value=""商品についての問合わせ""]:hover {
	opacity: 0.7;
}
/***「商品お気に入り」ボタン***/

#rakutenLimitedId_aroundCart div.bkm {
	width: 250px !important;
	height: 35px !important;
}
#rakutenLimitedId_aroundCart div.bkm {
	float: none;
	padding-bottom: 0 !important;
}
#rakutenLimitedId_aroundCart div.bookmarkArea div.bkm a.addBkm span.bkmStar {
	background: url(""http://www.rakuten.ne.jp/gold/kintsu/images/okini01.jpg"") no-repeat scroll 0 0 rgba(0, 0, 0, 0) !important;
	display: inline-block !important;
	height: 35px !important;
	margin: 0 0 10px !important;
	width: 250px !important;
}
/***「店舗お気に入り」ボタン***/

#rakutenLimitedId_aroundCart div.shopBkm {
	float: none !important;
	width: 250px !important;
	height: 35px !important;
}
#rakutenLimitedId_aroundCart div.shopBkm {
	padding-left: 0 !important;
}
#rakutenLimitedId_aroundCart div.shopBookmarkArea div.shopBkm a.addShopBkm span.shopBkmStar {
	background: url(""http://www.rakuten.ne.jp/gold/kintsu/images/okini02.jpg"") no-repeat scroll 0 0 rgba(0, 0, 0, 0) !important;
	display: inline-block !important;
	height: 35px !important;
	margin-right: 0 !important;
	width: 250px !important;
}
#rnkInShopPartsArea {
	margin: 0;
	padding: 0;		
}
#rnkInShopMain {
	margin: 0;
	padding: 0;		
}
</style>

<table width=""630"" border=""0"" cellpadding=""0"" cellspacing=""0"" style=""margin: 0 auto;"">
<tr>
<td valign=""top"" align=""left"">

</td>
</tr>
</table>",和柄 龍 リュウ urbano v02 ケース アルバーノ v02 カバー v02カバー v02ケース urbanov02 au クリア ハードケース スマホケース スマホカバー 携帯カバー：ケータイ屋24　楽天市場店,スマートフォンアクセサリー携帯ストラップストラップスマホケーススマートフォン ケーススマホピアスイヤホンジャック アクセサリースマートフォンピアスネックストラップスワロフスキー ピアススワロフスキー ストラップスマホカバースマートフォン カバー和柄 龍 リュウ urbano v02 ケース アルバーノ v02 カバー v02カバー v02ケース urbanov02 au クリア ハードケース スマホケース スマホカバー 携帯カバー,V02 ケース カバー 2個以上で送料無料！。和柄 龍 リュウ urbano v02 ケース アルバーノ v02 カバー v02カバー v02ケース urbanov02 au クリア ハードケース スマホケース スマホカバー 携帯カバー[rn]
8-90052,http://tshop.r10s.jp/kintsu/cabinet/plus-s/diary/plus-diary-mud0042a2.jpg?fitin=700:700,1836.8000,,スマートフォン・タブレット > スマートフォンアクセサリー > スマートフォンケース,URBANO V02 手帳型ケース v02 手帳型ケース アルバーノ ケース 手帳型 チェック チェッカー 市松模様 カバー v02ケース v02カバー au ケース カバー おしゃれ かわいい 手帳型スマホケース スマホケース スマホカバー,V02 ケース 手帳型 スマホケース 手帳ケース☆,"<font color=""#ff0000""><b>※ 画像はイメージです。<br>
機種やカメラの位置等によって、デザインの見え方が異ったり<br>絵柄が切れる場合がございます。
<br>
予めご了承ください。</b></font><br><br>
カラフルで上品な市松模様（タイル・チェック柄）の 手帳型 ダイアリーケース。バラエティも豊富☆ URBANO V02ケース<br>
<br><table border=""0"" cellpadding=""2"" cellspacing=""0"" width=""400""><tbody> <tr>
      <td bgcolor=""#cccccc"">　商品特長</td>
    </tr>
    <tr>
      <td><br>
      <font size=""2"">Plus-s(プラスエス)シリーズは、手帳型カバーをベースに、高品質UV硬化型インクにてプリント！商品加工すべてを日本国内の熟練した職人の手作業で行われます。made in japan<br>
      <br>
      しっかりと装着出来、端末を傷から守る事ができる機能性にも優れたケースです。合皮素材で、UV硬化型インクにて高品質プリントを施すことにより、高級感ある仕上がりとなっております。<BR>
      <br>
      </font></td>
    </tr>
    <tr>
      <td align=""center"">&nbsp;<img src=""http://image.rakuten.co.jp/kintsu/cabinet/plus-s/explanation_plus-s.jpg"" /><br>
      <br>
      </td>
    </tr>
    <tr><td align=""left"" bgcolor=""cccccc"">　商品説明</td></tr><tr><td align=""left""><br><font size=""2"" color=""#404040"">
      ・装着したまま充電可能（一部非対応）（卓上ホルダには対応しません）<br>
      ・ベースの手帳型ケースは、複数の仕入れ先より入手しており、入荷時期によって形状が若干変わる事があります。<br>
      </font>
      <hr>
      <font size=""2"" color=""#404040"">素材：手帳ケース本体／合皮　<br>ハードケース／ポリカーボネート(ブラックケース)<br>
      加工：UV硬化型インク<br>
      対応機種：URBANO V02<br>
      </font>
      <hr>
      <font size=""2"" color=""#404040"">※機種本体は含まれておりません。<br>
      ※仕様は予告なく変更する場合がございます。
<br>
      ※ 実物の色に近づけるように努めていますが、ご利用のモニター、PCやスマートフォンの環境により掲載写真の色が実物の色と違って見える場合がございます。
</font></td></tr></tbody></table><style type=""text/css"">
span.unit {
	background: url(http://www.rakuten.ne.jp/gold/kintsu/images/cart_up_send.png) no-repeat left top;
	text-indent: -9999;
	display: block;
	width: 325px;
	height: 80;
	margin: 15px 0;
}
span.choice {
	display: inline-block;
	font-size: 15px;
	margin: 5px auto;
	width: 112px;
}
select[name=""choice""] {
	font-size: 15px;
	max-width: 200px;
}
td.inventory_choice_name {
	background-color: #F7F7F7;
}
/***買い物かごまわり全ボタン・入力欄共通***/
input[value=""買い物かごに入れる""] {
	background: url(""http://www.rakuten.ne.jp/gold/kintsu/images/cart04.png"") no-repeat;
	/*border: 1px solid #930;*/
	border: 0;
	height: 45px;
	text-indent: -9999px;
	cursor: pointer !important;
	width: 250px;
	margin-top: 10px;
	display: block;
}
input[value=""買い物かごに入れる""]:not(:target) {
	background-size: cover\9; /* IE9 */
	height: 45px\9;
	width: 250px\9;
}

@media screen and (-ms-high-contrast: active), (-ms-high-contrast: none) {
input[value=""買い物かごに入れる""] {
	background-size: cover;     /* IE10 */
	height: 45px;
	width: 250px;
}
}
input[value=""買い物かごに入れる""]:hover {
	opacity: 0.8;
}
/***「お問合せ」ボタン***/
font input[value=""商品についての問合わせ""] {
	background: url(""http://www.rakuten.ne.jp/gold/kintsu/images/toiawase01.png"") no-repeat;
	/*border: 1px solid #930;*/
	border: 0;
	height: 35px;
	text-indent: -9999px;
	cursor: pointer !important;
	width: 250px;
	margin-top: 10px;
}
font input[value=""商品についての問合わせ""]:hover {
	opacity: 0.7;
}
/***「商品お気に入り」ボタン***/

#rakutenLimitedId_aroundCart div.bkm {
	width: 250px !important;
	height: 35px !important;
}
#rakutenLimitedId_aroundCart div.bkm {
	float: none;
	padding-bottom: 0 !important;
}
#rakutenLimitedId_aroundCart div.bookmarkArea div.bkm a.addBkm span.bkmStar {
	background: url(""http://www.rakuten.ne.jp/gold/kintsu/images/okini01.jpg"") no-repeat scroll 0 0 rgba(0, 0, 0, 0) !important;
	display: inline-block !important;
	height: 35px !important;
	margin: 0 0 10px !important;
	width: 250px !important;
}
/***「店舗お気に入り」ボタン***/

#rakutenLimitedId_aroundCart div.shopBkm {
	float: none !important;
	width: 250px !important;
	height: 35px !important;
}
#rakutenLimitedId_aroundCart div.shopBkm {
	padding-left: 0 !important;
}
#rakutenLimitedId_aroundCart div.shopBookmarkArea div.shopBkm a.addShopBkm span.shopBkmStar {
	background: url(""http://www.rakuten.ne.jp/gold/kintsu/images/okini02.jpg"") no-repeat scroll 0 0 rgba(0, 0, 0, 0) !important;
	display: inline-block !important;
	height: 35px !important;
	margin-right: 0 !important;
	width: 250px !important;
}
#rnkInShopPartsArea {
	margin: 0;
	padding: 0;		
}
#rnkInShopMain {
	margin: 0;
	padding: 0;		
}
</style>

<table width=""630"" border=""0"" cellpadding=""0"" cellspacing=""0"" style=""margin: 0 auto;"">
<tr>
<td valign=""top"" align=""left"">

</td>
</tr>
</table>",URBANO V02 手帳型ケース v02 手帳型ケース アルバーノ ケース 手帳型 チェック チェッカー 市松模様 カバー v02ケース v02カバー au ケース カバー おしゃれ かわいい 手帳型スマホケース スマホケース スマホカバー：ケータイ屋24　楽天市場店,スマートフォンアクセサリー携帯ストラップストラップスマホケーススマートフォン ケーススマホピアスイヤホンジャック アクセサリースマートフォンピアスネックストラップスワロフスキー ピアススワロフスキー ストラップスマホカバースマートフォン カバーURBANO V02 手帳型ケース v02 手帳型ケース アルバーノ ケース 手帳型 チェック チェッカー 市松模様 カバー v02ケース v02カバー au ケース カバー おしゃれ かわいい 手帳型スマホケース スマホケース スマホカバー,V02 ケース 手帳型 スマホケース 手帳ケース☆。URBANO V02 手帳型ケース v02 手帳型ケース アルバーノ ケース 手帳型 チェック チェッカー 市松模様 カバー v02ケース v02カバー au ケース カバー おしゃれ かわいい 手帳型スマホケース スマホケース スマホカバー[rn]
8-90053,http://tshop.r10s.jp/kintsu/cabinet/plus-s/n/v02/ps-v02-1050a.jpg?fitin=700:700,1600.0000,,スマートフォン・タブレット > スマートフォンアクセサリー > スマートフォンケース,木目 TYPE1 urbano v02 ケース アルバーノ v02 カバー v02カバー v02ケース urbanov02 au クリア ハードケース スマホケース スマホカバー 携帯カバー,V02 ケース カバー 2個以上で送料無料！,"美しい木目のURBANO V02 クリア ケース。<br><br><table border=""0"" cellpadding=""2"" cellspacing=""0"" width=""400""><tbody> <tr>
      <td bgcolor=""#cccccc"">　商品特長</td>
    </tr>
    <tr>
      <td><br>
      <font size=""2"">Plus-s(プラスエス)シリーズは、ポリカーボネイト製カバーをベースに、高品質UV硬化型インクにてプリント！商品加工すべてを日本国内の熟練した職人の手作業で行われます。made in japan<br>
      <br>
      しっかりと装着出来、端末を傷から守る事ができる機能性にも優れたケースです。ハードケース素材で、UV硬化型インクにて高品質プリントを施すことにより、高級感ある仕上がりとなっております。<BR>
      <BR>
      ジャケットを装着したままで、イヤホンや充電コネクターの接続、タッチパネルの使用など操作性も確保しております。 <BR>
      <br>
      </font></td>
    </tr>
    <tr>
      <td align=""center"">&nbsp;<img src=""http://image.rakuten.co.jp/kintsu/cabinet/plus-s/explanation_plus-s.jpg"" /><br>
      <br>
      </td>
    </tr>
    <tr><td align=""left"" bgcolor=""cccccc"">　商品説明</td></tr><tr><td align=""left""><br><font size=""2"" color=""#404040"">・スマートフォンケース側面への印刷は入りません。<br>
      ・装着したまま充電可能（卓上ホルダには対応しません）です。<br>
      ・ベースのスマートフォンケースは、複数の仕入れ先より入手しており、入荷時期によって形状が若干変わる事があります。<br>
      </font>
      <hr>
      <font size=""2"" color=""#404040"">素材：ケース本体／ポリカーボネート(クリアケース)<br>
      加工：UV硬化型インク（側面にプリントは入りません）<br>
      対応機種・サイズ：URBANO V02 専用<br>
      </font>
      <hr>
      <font size=""2"" color=""#404040"">※機種本体は含まれておりません。<br>
      ※仕様は予告なく変更する場合がございます。</font></td></tr></tbody></table><style type=""text/css"">
span.unit {
	background: url(http://www.rakuten.ne.jp/gold/kintsu/images/cart_up_send.png) no-repeat left top;
	text-indent: -9999;
	display: block;
	width: 325px;
	height: 80;
	margin: 15px 0;
}
span.choice {
	display: inline-block;
	font-size: 15px;
	margin: 5px auto;
	width: 112px;
}
select[name=""choice""] {
	font-size: 15px;
	max-width: 200px;
}
td.inventory_choice_name {
	background-color: #F7F7F7;
}
/***買い物かごまわり全ボタン・入力欄共通***/
input[value=""買い物かごに入れる""] {
	background: url(""http://www.rakuten.ne.jp/gold/kintsu/images/cart04.png"") no-repeat;
	/*border: 1px solid #930;*/
	border: 0;
	height: 45px;
	text-indent: -9999px;
	cursor: pointer !important;
	width: 250px;
	margin-top: 10px;
	display: block;
}
input[value=""買い物かごに入れる""]:not(:target) {
	background-size: cover\9; /* IE9 */
	height: 45px\9;
	width: 250px\9;
}

@media screen and (-ms-high-contrast: active), (-ms-high-contrast: none) {
input[value=""買い物かごに入れる""] {
	background-size: cover;     /* IE10 */
	height: 45px;
	width: 250px;
}
}
input[value=""買い物かごに入れる""]:hover {
	opacity: 0.8;
}
/***「お問合せ」ボタン***/
font input[value=""商品についての問合わせ""] {
	background: url(""http://www.rakuten.ne.jp/gold/kintsu/images/toiawase01.png"") no-repeat;
	/*border: 1px solid #930;*/
	border: 0;
	height: 35px;
	text-indent: -9999px;
	cursor: pointer !important;
	width: 250px;
	margin-top: 10px;
}
font input[value=""商品についての問合わせ""]:hover {
	opacity: 0.7;
}
/***「商品お気に入り」ボタン***/

#rakutenLimitedId_aroundCart div.bkm {
	width: 250px !important;
	height: 35px !important;
}
#rakutenLimitedId_aroundCart div.bkm {
	float: none;
	padding-bottom: 0 !important;
}
#rakutenLimitedId_aroundCart div.bookmarkArea div.bkm a.addBkm span.bkmStar {
	background: url(""http://www.rakuten.ne.jp/gold/kintsu/images/okini01.jpg"") no-repeat scroll 0 0 rgba(0, 0, 0, 0) !important;
	display: inline-block !important;
	height: 35px !important;
	margin: 0 0 10px !important;
	width: 250px !important;
}
/***「店舗お気に入り」ボタン***/

#rakutenLimitedId_aroundCart div.shopBkm {
	float: none !important;
	width: 250px !important;
	height: 35px !important;
}
#rakutenLimitedId_aroundCart div.shopBkm {
	padding-left: 0 !important;
}
#rakutenLimitedId_aroundCart div.shopBookmarkArea div.shopBkm a.addShopBkm span.shopBkmStar {
	background: url(""http://www.rakuten.ne.jp/gold/kintsu/images/okini02.jpg"") no-repeat scroll 0 0 rgba(0, 0, 0, 0) !important;
	display: inline-block !important;
	height: 35px !important;
	margin-right: 0 !important;
	width: 250px !important;
}
#rnkInShopPartsArea {
	margin: 0;
	padding: 0;		
}
#rnkInShopMain {
	margin: 0;
	padding: 0;		
}
</style>

<table width=""630"" border=""0"" cellpadding=""0"" cellspacing=""0"" style=""margin: 0 auto;"">
<tr>
<td valign=""top"" align=""left"">

</td>
</tr>
</table>",木目 TYPE1 urbano v02 ケース アルバーノ v02 カバー v02カバー v02ケース urbanov02 au クリア ハードケース スマホケース スマホカバー 携帯カバー：ケータイ屋24　楽天市場店,スマートフォンアクセサリー携帯ストラップストラップスマホケーススマートフォン ケーススマホピアスイヤホンジャック アクセサリースマートフォンピアスネックストラップスワロフスキー ピアススワロフスキー ストラップスマホカバースマートフォン カバー木目 TYPE1 urbano v02 ケース アルバーノ v02 カバー v02カバー v02ケース urbanov02 au クリア ハードケース スマホケース スマホカバー 携帯カバー,V02 ケース カバー 2個以上で送料無料！。木目 TYPE1 urbano v02 ケース アルバーノ v02 カバー v02カバー v02ケース urbanov02 au クリア ハードケース スマホケース スマホカバー 携帯カバー[rn]
8-90054,http://tshop.r10s.jp/kintsu/cabinet/plus-s/diary/plus-diary-csd0008a2.jpg?fitin=700:700,2207.2000,,スマートフォン・タブレット > スマートフォンアクセサリー > スマートフォンケース,URBANO V02 手帳型ケース v02 手帳型ケース アルバーノ ケース 手帳型 デコパーツ いちご ストロベリー カバー v02ケース v02カバー au ケース カバー おしゃれ かわいい 手帳型スマホケース スマホケース スマホカバー,V02 ケース 手帳型 スマホケース 手帳ケース☆,"<font color=""#ff0000""><b>※ 画像はイメージです。<br>
機種やカメラの位置等によって、デザインの見え方が異ったり<br>絵柄が切れる場合がございます。
<br>
予めご了承ください。</b></font><br><br>
お花のデコパーツがアクセントのキュートないちご柄の 手帳型 ダイアリーケース。バラエティも豊富☆ URBANO V02ケース<br>
<br><table border=""0"" cellpadding=""2"" cellspacing=""0"" width=""400""><tbody> <tr>
      <td bgcolor=""#cccccc"">　商品特長</td>
    </tr>
    <tr>
      <td><br>
      <font size=""2"">Plus-s(プラスエス)シリーズは、手帳型カバーをベースに、高品質UV硬化型インクにてプリント！商品加工すべてを日本国内の熟練した職人の手作業で行われます。made in japan<br>
      <br>
      しっかりと装着出来、端末を傷から守る事ができる機能性にも優れたケースです。合皮素材で、UV硬化型インクにて高品質プリントを施すことにより、高級感ある仕上がりとなっております。<BR>
      <br>
      </font></td>
    </tr>
    <tr>
      <td align=""center"">&nbsp;<img src=""http://image.rakuten.co.jp/kintsu/cabinet/plus-s/explanation_plus-s.jpg"" /><br>
      <br>
      </td>
    </tr>
    <tr><td align=""left"" bgcolor=""cccccc"">　商品説明</td></tr><tr><td align=""left""><br><font size=""2"" color=""#404040"">
      ・装着したまま充電可能（一部非対応）（卓上ホルダには対応しません）<br>
      ・ベースの手帳型ケースは、複数の仕入れ先より入手しており、入荷時期によって形状が若干変わる事があります。<br>
      </font>
      <hr>
      <font size=""2"" color=""#404040"">素材：手帳ケース本体／合皮　<br>ハードケース／ポリカーボネート(ブラックケース)<br>
      加工：UV硬化型インク<br>
      対応機種：URBANO V02<br>
      </font>
      <hr>
      <font size=""2"" color=""#404040"">※機種本体は含まれておりません。<br>
      ※仕様は予告なく変更する場合がございます。
<br>
      ※ 実物の色に近づけるように努めていますが、ご利用のモニター、PCやスマートフォンの環境により掲載写真の色が実物の色と違って見える場合がございます。
</font></td></tr></tbody></table><style type=""text/css"">
span.unit {
	background: url(http://www.rakuten.ne.jp/gold/kintsu/images/cart_up_send.png) no-repeat left top;
	text-indent: -9999;
	display: block;
	width: 325px;
	height: 80;
	margin: 15px 0;
}
span.choice {
	display: inline-block;
	font-size: 15px;
	margin: 5px auto;
	width: 112px;
}
select[name=""choice""] {
	font-size: 15px;
	max-width: 200px;
}
td.inventory_choice_name {
	background-color: #F7F7F7;
}
/***買い物かごまわり全ボタン・入力欄共通***/
input[value=""買い物かごに入れる""] {
	background: url(""http://www.rakuten.ne.jp/gold/kintsu/images/cart04.png"") no-repeat;
	/*border: 1px solid #930;*/
	border: 0;
	height: 45px;
	text-indent: -9999px;
	cursor: pointer !important;
	width: 250px;
	margin-top: 10px;
	display: block;
}
input[value=""買い物かごに入れる""]:not(:target) {
	background-size: cover\9; /* IE9 */
	height: 45px\9;
	width: 250px\9;
}

@media screen and (-ms-high-contrast: active), (-ms-high-contrast: none) {
input[value=""買い物かごに入れる""] {
	background-size: cover;     /* IE10 */
	height: 45px;
	width: 250px;
}
}
input[value=""買い物かごに入れる""]:hover {
	opacity: 0.8;
}
/***「お問合せ」ボタン***/
font input[value=""商品についての問合わせ""] {
	background: url(""http://www.rakuten.ne.jp/gold/kintsu/images/toiawase01.png"") no-repeat;
	/*border: 1px solid #930;*/
	border: 0;
	height: 35px;
	text-indent: -9999px;
	cursor: pointer !important;
	width: 250px;
	margin-top: 10px;
}
font input[value=""商品についての問合わせ""]:hover {
	opacity: 0.7;
}
/***「商品お気に入り」ボタン***/

#rakutenLimitedId_aroundCart div.bkm {
	width: 250px !important;
	height: 35px !important;
}
#rakutenLimitedId_aroundCart div.bkm {
	float: none;
	padding-bottom: 0 !important;
}
#rakutenLimitedId_aroundCart div.bookmarkArea div.bkm a.addBkm span.bkmStar {
	background: url(""http://www.rakuten.ne.jp/gold/kintsu/images/okini01.jpg"") no-repeat scroll 0 0 rgba(0, 0, 0, 0) !important;
	display: inline-block !important;
	height: 35px !important;
	margin: 0 0 10px !important;
	width: 250px !important;
}
/***「店舗お気に入り」ボタン***/

#rakutenLimitedId_aroundCart div.shopBkm {
	float: none !important;
	width: 250px !important;
	height: 35px !important;
}
#rakutenLimitedId_aroundCart div.shopBkm {
	padding-left: 0 !important;
}
#rakutenLimitedId_aroundCart div.shopBookmarkArea div.shopBkm a.addShopBkm span.shopBkmStar {
	background: url(""http://www.rakuten.ne.jp/gold/kintsu/images/okini02.jpg"") no-repeat scroll 0 0 rgba(0, 0, 0, 0) !important;
	display: inline-block !important;
	height: 35px !important;
	margin-right: 0 !important;
	width: 250px !important;
}
#rnkInShopPartsArea {
	margin: 0;
	padding: 0;		
}
#rnkInShopMain {
	margin: 0;
	padding: 0;		
}
</style>

<table width=""630"" border=""0"" cellpadding=""0"" cellspacing=""0"" style=""margin: 0 auto;"">
<tr>
<td valign=""top"" align=""left"">

</td>
</tr>
</table>",URBANO V02 手帳型ケース v02 手帳型ケース アルバーノ ケース 手帳型 デコパーツ いちご ストロベリー カバー v02ケース v02カバー au ケース カバー おしゃれ かわいい 手帳型スマホケース スマホケース スマホカバー：ケータイ屋24　楽天市場店,スマートフォンアクセサリー携帯ストラップストラップスマホケーススマートフォン ケーススマホピアスイヤホンジャック アクセサリースマートフォンピアスネックストラップスワロフスキー ピアススワロフスキー ストラップスマホカバースマートフォン カバーURBANO V02 手帳型ケース v02 手帳型ケース アルバーノ ケース 手帳型 デコパーツ いちご ストロベリー カバー v02ケース v02カバー au ケース カバー おしゃれ かわいい 手帳型スマホケース スマホケース スマホカバー,V02 ケース 手帳型 スマホケース 手帳ケース☆。URBANO V02 手帳型ケース v02 手帳型ケース アルバーノ ケース 手帳型 デコパーツ いちご ストロベリー カバー v02ケース v02カバー au ケース カバー おしゃれ かわいい 手帳型スマホケース スマホケース スマホカバー[rn]
8-90055,http://tshop.r10s.jp/kintsu/cabinet/plus-s/m/v02/ps-v02-0337a.jpg?fitin=700:700,1600.0000,,スマートフォン・タブレット > スマートフォンアクセサリー > スマートフォンケース,urbano v02 ケース 輝く星 不思議の国のアリス クリア urbano v02 ケース urbano v02 ケース urbano v02 ケース urbano v02 ケース urbano v02 ケース urbano v02 ケース アルバーノ v02 カバー アルバーノ v02 カバー アルバーノ v02 カバー アルバーノ v02 カバー,V02 ケース カバー 2個以上で送料無料！,"世界名作童話 輝く星をの間を落ちてくるアリス。不思議な世界へ URBANO V02 クリア ケース。裏側が透けるデザインなので、機種本体のデザインが活かされます♪<br><br>
<table border=""0"" cellpadding=""2"" cellspacing=""0"" width=""400"">
 <tbody>
  <tr>
   <td bgcolor=""#cccccc"">　商品特長</td>
  </tr>
  <tr>
   <td><br><font size=""2"">Plus-s(プラスエス)シリーズは、ポリカーボネイト製カバーをベースに、高品質UV硬化型インクにてプリント！商品加工すべてを日本国内の熟練した職人の手作業で行われます。made in japan<br><br>しっかりと装着出来、端末を傷から守る事ができる機能性にも優れたケースです。ハードケース素材で、UV硬化型インクにて高品質プリントを施すことにより、高級感ある仕上がりとなっております。<BR><BR>ジャケットを装着したままで、イヤホンや充電コネクターの接続、タッチパネルの使用など操作性も確保しております。<BR><br></font>
   </td>
  </tr>
  <tr>
   <td align=""center"">&nbsp;<img src=""http://image.rakuten.co.jp/kintsu/cabinet/plus-s/explanation_plus-s.jpg"" /><br><br>
   </td>
  </tr>
  <tr>
   <td align=""left"" bgcolor=""cccccc"">　商品説明</td></tr><tr><td align=""left""><br><font size=""2"" color=""#404040"">・スマートフォンケース側面への印刷は入りません。<br>
      ・装着したまま充電可能（卓上ホルダには対応しません）です。<br>
      ・ベースのスマートフォンケースは、複数の仕入れ先より入手しており、入荷時期によって形状が若干変わる事があります。<br></font>
    <hr>
     <font size=""2"" color=""#404040"">素材：ケース本体／ポリカーボネート(クリアケース)<br>加工：UV硬化型インク（側面にプリントは入りません）<br>対応機種・サイズ：URBANO V02 専用<br></font>
    <hr>
     <font size=""2"" color=""#404040"">※機種本体は含まれておりません。<br>※仕様は予告なく変更する場合がございます。</font>
   </td>
  </tr>
 </tbody>
</table><style type=""text/css"">
span.unit {
	background: url(http://www.rakuten.ne.jp/gold/kintsu/images/cart_up_send.png) no-repeat left top;
	text-indent: -9999;
	display: block;
	width: 325px;
	height: 80;
	margin: 15px 0;
}
span.choice {
	display: inline-block;
	font-size: 15px;
	margin: 5px auto;
	width: 112px;
}
select[name=""choice""] {
	font-size: 15px;
	max-width: 200px;
}
td.inventory_choice_name {
	background-color: #F7F7F7;
}
/***買い物かごまわり全ボタン・入力欄共通***/
input[value=""買い物かごに入れる""] {
	background: url(""http://www.rakuten.ne.jp/gold/kintsu/images/cart04.png"") no-repeat;
	/*border: 1px solid #930;*/
	border: 0;
	height: 45px;
	text-indent: -9999px;
	cursor: pointer !important;
	width: 250px;
	margin-top: 10px;
	display: block;
}
input[value=""買い物かごに入れる""]:not(:target) {
	background-size: cover\9; /* IE9 */
	height: 45px\9;
	width: 250px\9;
}

@media screen and (-ms-high-contrast: active), (-ms-high-contrast: none) {
input[value=""買い物かごに入れる""] {
	background-size: cover;     /* IE10 */
	height: 45px;
	width: 250px;
}
}
input[value=""買い物かごに入れる""]:hover {
	opacity: 0.8;
}
/***「お問合せ」ボタン***/
font input[value=""商品についての問合わせ""] {
	background: url(""http://www.rakuten.ne.jp/gold/kintsu/images/toiawase01.png"") no-repeat;
	/*border: 1px solid #930;*/
	border: 0;
	height: 35px;
	text-indent: -9999px;
	cursor: pointer !important;
	width: 250px;
	margin-top: 10px;
}
font input[value=""商品についての問合わせ""]:hover {
	opacity: 0.7;
}
/***「商品お気に入り」ボタン***/

#rakutenLimitedId_aroundCart div.bkm {
	width: 250px !important;
	height: 35px !important;
}
#rakutenLimitedId_aroundCart div.bkm {
	float: none;
	padding-bottom: 0 !important;
}
#rakutenLimitedId_aroundCart div.bookmarkArea div.bkm a.addBkm span.bkmStar {
	background: url(""http://www.rakuten.ne.jp/gold/kintsu/images/okini01.jpg"") no-repeat scroll 0 0 rgba(0, 0, 0, 0) !important;
	display: inline-block !important;
	height: 35px !important;
	margin: 0 0 10px !important;
	width: 250px !important;
}
/***「店舗お気に入り」ボタン***/

#rakutenLimitedId_aroundCart div.shopBkm {
	float: none !important;
	width: 250px !important;
	height: 35px !important;
}
#rakutenLimitedId_aroundCart div.shopBkm {
	padding-left: 0 !important;
}
#rakutenLimitedId_aroundCart div.shopBookmarkArea div.shopBkm a.addShopBkm span.shopBkmStar {
	background: url(""http://www.rakuten.ne.jp/gold/kintsu/images/okini02.jpg"") no-repeat scroll 0 0 rgba(0, 0, 0, 0) !important;
	display: inline-block !important;
	height: 35px !important;
	margin-right: 0 !important;
	width: 250px !important;
}
#rnkInShopPartsArea {
	margin: 0;
	padding: 0;		
}
#rnkInShopMain {
	margin: 0;
	padding: 0;		
}
</style>

<table width=""630"" border=""0"" cellpadding=""0"" cellspacing=""0"" style=""margin: 0 auto;"">
<tr>
<td valign=""top"" align=""left"">

</td>
</tr>
</table>",urbano v02 ケース 輝く星 不思議の国のアリス クリア urbano v02 ケース urbano v02 ケース urbano v02 ケース urbano v02 ケース urbano v02 ケース urbano v02 ケース アルバーノ v02 カバー アルバーノ v02 カバー アルバーノ v02 カバー アルバーノ v02 カバー：ケータイ屋24　楽天市場店,スマートフォンアクセサリー携帯ストラップストラップスマホケーススマートフォン ケーススマホピアスイヤホンジャック アクセサリースマートフォンピアスネックストラップスワロフスキー ピアススワロフスキー ストラップスマホカバースマートフォン カバーurbano v02 ケース 輝く星 不思議の国のアリス クリア urbano v02 ケース urbano v02 ケース urbano v02 ケース urbano v02 ケース urbano v02 ケース urbano v02 ケース アルバーノ v02 カバー アルバーノ v02 カバー アルバーノ v02 カバー アルバーノ v02 カバー,V02 ケース カバー 2個以上で送料無料！。urbano v02 ケース 輝く星 不思議の国のアリス クリア urbano v02 ケース urbano v02 ケース urbano v02 ケース urbano v02 ケース urbano v02 ケース urbano v02 ケース アルバーノ v02 カバー アルバーノ v02 カバー アルバーノ v02 カバー アルバーノ v02 カバー[rn]
8-90056,http://tshop.r10s.jp/kintsu/cabinet/plus-s/m/v02/ps-v02-0135a.jpg?fitin=700:700,1600.0000,,スマートフォン・タブレット > スマートフォンアクセサリー > スマートフォンケース,アメ車ガール カラー urbano v02 ケース アルバーノ v02 カバー v02カバー v02ケース urbanov02 au クリア ハードケース スマホケース スマホカバー 携帯カバー,V02 ケース カバー 2個以上で送料無料！,"アメ車の上にガールが座ったロカビリーなファッション☆URBANO V02 クリア ケース。<br><br><table border=""0"" cellpadding=""2"" cellspacing=""0"" width=""400""><tbody> <tr>
      <td bgcolor=""#cccccc"">　商品特長</td>
    </tr>
    <tr>
      <td><br>
      <font size=""2"">Plus-s(プラスエス)シリーズは、ポリカーボネイト製カバーをベースに、高品質UV硬化型インクにてプリント！商品加工すべてを日本国内の熟練した職人の手作業で行われます。made in japan<br>
      <br>
      しっかりと装着出来、端末を傷から守る事ができる機能性にも優れたケースです。ハードケース素材で、UV硬化型インクにて高品質プリントを施すことにより、高級感ある仕上がりとなっております。<BR>
      <BR>
      ジャケットを装着したままで、イヤホンや充電コネクターの接続、タッチパネルの使用など操作性も確保しております。 <BR>
      <br>
      </font></td>
    </tr>
    <tr>
      <td align=""center"">&nbsp;<img src=""http://image.rakuten.co.jp/kintsu/cabinet/plus-s/explanation_plus-s.jpg"" /><br>
      <br>
      </td>
    </tr>
    <tr><td align=""left"" bgcolor=""cccccc"">　商品説明</td></tr><tr><td align=""left""><br><font size=""2"" color=""#404040"">・スマートフォンケース側面への印刷は入りません。<br>
      ・装着したまま充電可能（卓上ホルダには対応しません）です。<br>
      ・ベースのスマートフォンケースは、複数の仕入れ先より入手しており、入荷時期によって形状が若干変わる事があります。<br>
      </font>
      <hr>
      <font size=""2"" color=""#404040"">素材：ケース本体／ポリカーボネート(クリアケース)<br>
      加工：UV硬化型インク（側面にプリントは入りません）<br>
      対応機種・サイズ：URBANO V02 専用<br>
      </font>
      <hr>
      <font size=""2"" color=""#404040"">※機種本体は含まれておりません。<br>
      ※仕様は予告なく変更する場合がございます。</font></td></tr></tbody></table><style type=""text/css"">
span.unit {
	background: url(http://www.rakuten.ne.jp/gold/kintsu/images/cart_up_send.png) no-repeat left top;
	text-indent: -9999;
	display: block;
	width: 325px;
	height: 80;
	margin: 15px 0;
}
span.choice {
	display: inline-block;
	font-size: 15px;
	margin: 5px auto;
	width: 112px;
}
select[name=""choice""] {
	font-size: 15px;
	max-width: 200px;
}
td.inventory_choice_name {
	background-color: #F7F7F7;
}
/***買い物かごまわり全ボタン・入力欄共通***/
input[value=""買い物かごに入れる""] {
	background: url(""http://www.rakuten.ne.jp/gold/kintsu/images/cart04.png"") no-repeat;
	/*border: 1px solid #930;*/
	border: 0;
	height: 45px;
	text-indent: -9999px;
	cursor: pointer !important;
	width: 250px;
	margin-top: 10px;
	display: block;
}
input[value=""買い物かごに入れる""]:not(:target) {
	background-size: cover\9; /* IE9 */
	height: 45px\9;
	width: 250px\9;
}

@media screen and (-ms-high-contrast: active), (-ms-high-contrast: none) {
input[value=""買い物かごに入れる""] {
	background-size: cover;     /* IE10 */
	height: 45px;
	width: 250px;
}
}
input[value=""買い物かごに入れる""]:hover {
	opacity: 0.8;
}
/***「お問合せ」ボタン***/
font input[value=""商品についての問合わせ""] {
	background: url(""http://www.rakuten.ne.jp/gold/kintsu/images/toiawase01.png"") no-repeat;
	/*border: 1px solid #930;*/
	border: 0;
	height: 35px;
	text-indent: -9999px;
	cursor: pointer !important;
	width: 250px;
	margin-top: 10px;
}
font input[value=""商品についての問合わせ""]:hover {
	opacity: 0.7;
}
/***「商品お気に入り」ボタン***/

#rakutenLimitedId_aroundCart div.bkm {
	width: 250px !important;
	height: 35px !important;
}
#rakutenLimitedId_aroundCart div.bkm {
	float: none;
	padding-bottom: 0 !important;
}
#rakutenLimitedId_aroundCart div.bookmarkArea div.bkm a.addBkm span.bkmStar {
	background: url(""http://www.rakuten.ne.jp/gold/kintsu/images/okini01.jpg"") no-repeat scroll 0 0 rgba(0, 0, 0, 0) !important;
	display: inline-block !important;
	height: 35px !important;
	margin: 0 0 10px !important;
	width: 250px !important;
}
/***「店舗お気に入り」ボタン***/

#rakutenLimitedId_aroundCart div.shopBkm {
	float: none !important;
	width: 250px !important;
	height: 35px !important;
}
#rakutenLimitedId_aroundCart div.shopBkm {
	padding-left: 0 !important;
}
#rakutenLimitedId_aroundCart div.shopBookmarkArea div.shopBkm a.addShopBkm span.shopBkmStar {
	background: url(""http://www.rakuten.ne.jp/gold/kintsu/images/okini02.jpg"") no-repeat scroll 0 0 rgba(0, 0, 0, 0) !important;
	display: inline-block !important;
	height: 35px !important;
	margin-right: 0 !important;
	width: 250px !important;
}
#rnkInShopPartsArea {
	margin: 0;
	padding: 0;		
}
#rnkInShopMain {
	margin: 0;
	padding: 0;		
}
</style>

<table width=""630"" border=""0"" cellpadding=""0"" cellspacing=""0"" style=""margin: 0 auto;"">
<tr>
<td valign=""top"" align=""left"">

</td>
</tr>
</table>",アメ車ガール カラー urbano v02 ケース アルバーノ v02 カバー v02カバー v02ケース urbanov02 au クリア ハードケース スマホケース スマホカバー 携帯カバー：ケータイ屋24　楽天市場店,スマートフォンアクセサリー携帯ストラップストラップスマホケーススマートフォン ケーススマホピアスイヤホンジャック アクセサリースマートフォンピアスネックストラップスワロフスキー ピアススワロフスキー ストラップスマホカバースマートフォン カバーアメ車ガール カラー urbano v02 ケース アルバーノ v02 カバー v02カバー v02ケース urbanov02 au クリア ハードケース スマホケース スマホカバー 携帯カバー,V02 ケース カバー 2個以上で送料無料！。アメ車ガール カラー urbano v02 ケース アルバーノ v02 カバー v02カバー v02ケース urbanov02 au クリア ハードケース スマホケース スマホカバー 携帯カバー[rn]
8-90057,http://tshop.r10s.jp/kintsu/cabinet/plus-s/m/v02/ps-v02-0047a.jpg?fitin=700:700,1600.0000,,スマートフォン・タブレット > スマートフォンアクセサリー > スマートフォンケース,urbano v02 ケース 非常識 DESIRE 非常口 urbano v02 ケース urbano v02 ケース urbano v02 ケース urbano v02 ケース urbano v02 ケース urbano v02 ケース アルバーノ v02 カバー アルバーノ v02 カバー アルバーノ v02 カバー アルバーノ v02 カバー,V02 ケース カバー 2個以上で送料無料！,"パロディ非常識のロゴのURBANO V02 クリア ケース。インパクト大！<br><br><table border=""0"" cellpadding=""2"" cellspacing=""0"" width=""400""><tbody> <tr>
      <td bgcolor=""#cccccc"">　商品特長</td>
    </tr>
    <tr>
      <td><br>
      <font size=""2"">Plus-s(プラスエス)シリーズは、ポリカーボネイト製カバーをベースに、高品質UV硬化型インクにてプリント！商品加工すべてを日本国内の熟練した職人の手作業で行われます。made in japan<br>
      <br>
      しっかりと装着出来、端末を傷から守る事ができる機能性にも優れたケースです。ハードケース素材で、UV硬化型インクにて高品質プリントを施すことにより、高級感ある仕上がりとなっております。<BR>
      <BR>
      ジャケットを装着したままで、イヤホンや充電コネクターの接続、タッチパネルの使用など操作性も確保しております。 <BR>
      <br>
      </font></td>
    </tr>
    <tr>
      <td align=""center"">&nbsp;<img src=""http://image.rakuten.co.jp/kintsu/cabinet/plus-s/explanation_plus-s.jpg"" /><br>
      <br>
      </td>
    </tr>
    <tr><td align=""left"" bgcolor=""cccccc"">　商品説明</td></tr><tr><td align=""left""><br><font size=""2"" color=""#404040"">・スマートフォンケース側面への印刷は入りません。<br>
      ・装着したまま充電可能（卓上ホルダには対応しません）です。<br>
      ・ベースのスマートフォンケースは、複数の仕入れ先より入手しており、入荷時期によって形状が若干変わる事があります。<br>
      </font>
      <hr>
      <font size=""2"" color=""#404040"">素材：ケース本体／ポリカーボネート(クリアケース)<br>
      加工：UV硬化型インク（側面にプリントは入りません）<br>
      対応機種・サイズ：URBANO V02 専用<br>
      </font>
      <hr>
      <font size=""2"" color=""#404040"">※機種本体は含まれておりません。<br>
      ※仕様は予告なく変更する場合がございます。</font></td></tr></tbody></table><style type=""text/css"">
span.unit {
	background: url(http://www.rakuten.ne.jp/gold/kintsu/images/cart_up_send.png) no-repeat left top;
	text-indent: -9999;
	display: block;
	width: 325px;
	height: 80;
	margin: 15px 0;
}
span.choice {
	display: inline-block;
	font-size: 15px;
	margin: 5px auto;
	width: 112px;
}
select[name=""choice""] {
	font-size: 15px;
	max-width: 200px;
}
td.inventory_choice_name {
	background-color: #F7F7F7;
}
/***買い物かごまわり全ボタン・入力欄共通***/
input[value=""買い物かごに入れる""] {
	background: url(""http://www.rakuten.ne.jp/gold/kintsu/images/cart04.png"") no-repeat;
	/*border: 1px solid #930;*/
	border: 0;
	height: 45px;
	text-indent: -9999px;
	cursor: pointer !important;
	width: 250px;
	margin-top: 10px;
	display: block;
}
input[value=""買い物かごに入れる""]:not(:target) {
	background-size: cover\9; /* IE9 */
	height: 45px\9;
	width: 250px\9;
}

@media screen and (-ms-high-contrast: active), (-ms-high-contrast: none) {
input[value=""買い物かごに入れる""] {
	background-size: cover;     /* IE10 */
	height: 45px;
	width: 250px;
}
}
input[value=""買い物かごに入れる""]:hover {
	opacity: 0.8;
}
/***「お問合せ」ボタン***/
font input[value=""商品についての問合わせ""] {
	background: url(""http://www.rakuten.ne.jp/gold/kintsu/images/toiawase01.png"") no-repeat;
	/*border: 1px solid #930;*/
	border: 0;
	height: 35px;
	text-indent: -9999px;
	cursor: pointer !important;
	width: 250px;
	margin-top: 10px;
}
font input[value=""商品についての問合わせ""]:hover {
	opacity: 0.7;
}
/***「商品お気に入り」ボタン***/

#rakutenLimitedId_aroundCart div.bkm {
	width: 250px !important;
	height: 35px !important;
}
#rakutenLimitedId_aroundCart div.bkm {
	float: none;
	padding-bottom: 0 !important;
}
#rakutenLimitedId_aroundCart div.bookmarkArea div.bkm a.addBkm span.bkmStar {
	background: url(""http://www.rakuten.ne.jp/gold/kintsu/images/okini01.jpg"") no-repeat scroll 0 0 rgba(0, 0, 0, 0) !important;
	display: inline-block !important;
	height: 35px !important;
	margin: 0 0 10px !important;
	width: 250px !important;
}
/***「店舗お気に入り」ボタン***/

#rakutenLimitedId_aroundCart div.shopBkm {
	float: none !important;
	width: 250px !important;
	height: 35px !important;
}
#rakutenLimitedId_aroundCart div.shopBkm {
	padding-left: 0 !important;
}
#rakutenLimitedId_aroundCart div.shopBookmarkArea div.shopBkm a.addShopBkm span.shopBkmStar {
	background: url(""http://www.rakuten.ne.jp/gold/kintsu/images/okini02.jpg"") no-repeat scroll 0 0 rgba(0, 0, 0, 0) !important;
	display: inline-block !important;
	height: 35px !important;
	margin-right: 0 !important;
	width: 250px !important;
}
#rnkInShopPartsArea {
	margin: 0;
	padding: 0;		
}
#rnkInShopMain {
	margin: 0;
	padding: 0;		
}
</style>

<table width=""630"" border=""0"" cellpadding=""0"" cellspacing=""0"" style=""margin: 0 auto;"">
<tr>
<td valign=""top"" align=""left"">

</td>
</tr>
</table>",urbano v02 ケース 非常識 DESIRE 非常口 urbano v02 ケース urbano v02 ケース urbano v02 ケース urbano v02 ケース urbano v02 ケース urbano v02 ケース アルバーノ v02 カバー アルバーノ v02 カバー アルバーノ v02 カバー アルバーノ v02 カバー：ケータイ屋24　楽天市場店,スマートフォンアクセサリー携帯ストラップストラップスマホケーススマートフォン ケーススマホピアスイヤホンジャック アクセサリースマートフォンピアスネックストラップスワロフスキー ピアススワロフスキー ストラップスマホカバースマートフォン カバーurbano v02 ケース 非常識 DESIRE 非常口 urbano v02 ケース urbano v02 ケース urbano v02 ケース urbano v02 ケース urbano v02 ケース urbano v02 ケース アルバーノ v02 カバー アルバーノ v02 カバー アルバーノ v02 カバー アルバーノ v02 カバー,V02 ケース カバー 2個以上で送料無料！。urbano v02 ケース 非常識 DESIRE 非常口 urbano v02 ケース urbano v02 ケース urbano v02 ケース urbano v02 ケース urbano v02 ケース urbano v02 ケース アルバーノ v02 カバー アルバーノ v02 カバー アルバーノ v02 カバー アルバーノ v02 カバー[rn]
8-90058,http://tshop.r10s.jp/kintsu/cabinet/plus-s/n/v02/ps-v02-1161a.jpg?fitin=700:700,1600.0000,,スマートフォン・タブレット > スマートフォンアクセサリー > スマートフォンケース,アイラブニューヨーク！ USA　アメリカ urbano v02 ケース アルバーノ v02 カバー v02カバー v02ケース urbanov02 au クリア ハードケース スマホケース スマホカバー 携帯カバー,V02 ケース カバー 2個以上で送料無料！,"アメリカンな気分になれるデザインですよ！ URBANO V02 クリア ケース。裏側が透けるデザインなので、機種本体のデザインが活かされます♪<br><br><table border=""0"" cellpadding=""2"" cellspacing=""0"" width=""400""><tbody> <tr>
      <td bgcolor=""#cccccc"">　商品特長</td>
    </tr>
    <tr>
      <td><br>
      <font size=""2"">Plus-s(プラスエス)シリーズは、ポリカーボネイト製カバーをベースに、高品質UV硬化型インクにてプリント！商品加工すべてを日本国内の熟練した職人の手作業で行われます。made in japan<br>
      <br>
      しっかりと装着出来、端末を傷から守る事ができる機能性にも優れたケースです。ハードケース素材で、UV硬化型インクにて高品質プリントを施すことにより、高級感ある仕上がりとなっております。<BR>
      <BR>
      ジャケットを装着したままで、イヤホンや充電コネクターの接続、タッチパネルの使用など操作性も確保しております。 <BR>
      <br>
      </font></td>
    </tr>
    <tr>
      <td align=""center"">&nbsp;<img src=""http://image.rakuten.co.jp/kintsu/cabinet/plus-s/explanation_plus-s.jpg"" /><br>
      <br>
      </td>
    </tr>
    <tr><td align=""left"" bgcolor=""cccccc"">　商品説明</td></tr><tr><td align=""left""><br><font size=""2"" color=""#404040"">・スマートフォンケース側面への印刷は入りません。<br>
      ・装着したまま充電可能（卓上ホルダには対応しません）です。<br>
      ・ベースのスマートフォンケースは、複数の仕入れ先より入手しており、入荷時期によって形状が若干変わる事があります。<br>
      </font>
      <hr>
      <font size=""2"" color=""#404040"">素材：ケース本体／ポリカーボネート(クリアケース)<br>
      加工：UV硬化型インク（側面にプリントは入りません）<br>
      対応機種・サイズ：URBANO V02 専用<br>
      </font>
      <hr>
      <font size=""2"" color=""#404040"">※機種本体は含まれておりません。<br>
      ※仕様は予告なく変更する場合がございます。</font></td></tr></tbody></table><style type=""text/css"">
span.unit {
	background: url(http://www.rakuten.ne.jp/gold/kintsu/images/cart_up_send.png) no-repeat left top;
	text-indent: -9999;
	display: block;
	width: 325px;
	height: 80;
	margin: 15px 0;
}
span.choice {
	display: inline-block;
	font-size: 15px;
	margin: 5px auto;
	width: 112px;
}
select[name=""choice""] {
	font-size: 15px;
	max-width: 200px;
}
td.inventory_choice_name {
	background-color: #F7F7F7;
}
/***買い物かごまわり全ボタン・入力欄共通***/
input[value=""買い物かごに入れる""] {
	background: url(""http://www.rakuten.ne.jp/gold/kintsu/images/cart04.png"") no-repeat;
	/*border: 1px solid #930;*/
	border: 0;
	height: 45px;
	text-indent: -9999px;
	cursor: pointer !important;
	width: 250px;
	margin-top: 10px;
	display: block;
}
input[value=""買い物かごに入れる""]:not(:target) {
	background-size: cover\9; /* IE9 */
	height: 45px\9;
	width: 250px\9;
}

@media screen and (-ms-high-contrast: active), (-ms-high-contrast: none) {
input[value=""買い物かごに入れる""] {
	background-size: cover;     /* IE10 */
	height: 45px;
	width: 250px;
}
}
input[value=""買い物かごに入れる""]:hover {
	opacity: 0.8;
}
/***「お問合せ」ボタン***/
font input[value=""商品についての問合わせ""] {
	background: url(""http://www.rakuten.ne.jp/gold/kintsu/images/toiawase01.png"") no-repeat;
	/*border: 1px solid #930;*/
	border: 0;
	height: 35px;
	text-indent: -9999px;
	cursor: pointer !important;
	width: 250px;
	margin-top: 10px;
}
font input[value=""商品についての問合わせ""]:hover {
	opacity: 0.7;
}
/***「商品お気に入り」ボタン***/

#rakutenLimitedId_aroundCart div.bkm {
	width: 250px !important;
	height: 35px !important;
}
#rakutenLimitedId_aroundCart div.bkm {
	float: none;
	padding-bottom: 0 !important;
}
#rakutenLimitedId_aroundCart div.bookmarkArea div.bkm a.addBkm span.bkmStar {
	background: url(""http://www.rakuten.ne.jp/gold/kintsu/images/okini01.jpg"") no-repeat scroll 0 0 rgba(0, 0, 0, 0) !important;
	display: inline-block !important;
	height: 35px !important;
	margin: 0 0 10px !important;
	width: 250px !important;
}
/***「店舗お気に入り」ボタン***/

#rakutenLimitedId_aroundCart div.shopBkm {
	float: none !important;
	width: 250px !important;
	height: 35px !important;
}
#rakutenLimitedId_aroundCart div.shopBkm {
	padding-left: 0 !important;
}
#rakutenLimitedId_aroundCart div.shopBookmarkArea div.shopBkm a.addShopBkm span.shopBkmStar {
	background: url(""http://www.rakuten.ne.jp/gold/kintsu/images/okini02.jpg"") no-repeat scroll 0 0 rgba(0, 0, 0, 0) !important;
	display: inline-block !important;
	height: 35px !important;
	margin-right: 0 !important;
	width: 250px !important;
}
#rnkInShopPartsArea {
	margin: 0;
	padding: 0;		
}
#rnkInShopMain {
	margin: 0;
	padding: 0;		
}
</style>

<table width=""630"" border=""0"" cellpadding=""0"" cellspacing=""0"" style=""margin: 0 auto;"">
<tr>
<td valign=""top"" align=""left"">

</td>
</tr>
</table>",アイラブニューヨーク！ USA　アメリカ urbano v02 ケース アルバーノ v02 カバー v02カバー v02ケース urbanov02 au クリア ハードケース スマホケース スマホカバー 携帯カバー：ケータイ屋24　楽天市場店,スマートフォンアクセサリー携帯ストラップストラップスマホケーススマートフォン ケーススマホピアスイヤホンジャック アクセサリースマートフォンピアスネックストラップスワロフスキー ピアススワロフスキー ストラップスマホカバースマートフォン カバーアイラブニューヨーク！ USA　アメリカ urbano v02 ケース アルバーノ v02 カバー v02カバー v02ケース urbanov02 au クリア ハードケース スマホケース スマホカバー 携帯カバー,V02 ケース カバー 2個以上で送料無料！。アイラブニューヨーク！ USA　アメリカ urbano v02 ケース アルバーノ v02 カバー v02カバー v02ケース urbanov02 au クリア ハードケース スマホケース スマホカバー 携帯カバー[rn]
8-90059,http://tshop.r10s.jp/kintsu/cabinet/plus-s/diary/plus-diary-mud0041a2.jpg?fitin=700:700,1836.8000,,スマートフォン・タブレット > スマートフォンアクセサリー > スマートフォンケース,URBANO V02 手帳型ケース v02 手帳型ケース アルバーノ ケース 手帳型 マルチ カラフル ストライプ 柄 カバー v02ケース v02カバー au ケース カバー おしゃれ かわいい 手帳型スマホケース スマホケース スマホカバー,V02 ケース 手帳型 スマホケース 手帳ケース☆,"<font color=""#ff0000""><b>※ 画像はイメージです。<br>
機種やカメラの位置等によって、デザインの見え方が異ったり<br>絵柄が切れる場合がございます。
<br>
予めご了承ください。</b></font><br><br>
マルチカラーのストライプ柄(ボーダー チェック スミス)の 手帳型 ダイアリーケース。バラエティも豊富☆ URBANO V02ケース<br>
<br><table border=""0"" cellpadding=""2"" cellspacing=""0"" width=""400""><tbody> <tr>
      <td bgcolor=""#cccccc"">　商品特長</td>
    </tr>
    <tr>
      <td><br>
      <font size=""2"">Plus-s(プラスエス)シリーズは、手帳型カバーをベースに、高品質UV硬化型インクにてプリント！商品加工すべてを日本国内の熟練した職人の手作業で行われます。made in japan<br>
      <br>
      しっかりと装着出来、端末を傷から守る事ができる機能性にも優れたケースです。合皮素材で、UV硬化型インクにて高品質プリントを施すことにより、高級感ある仕上がりとなっております。<BR>
      <br>
      </font></td>
    </tr>
    <tr>
      <td align=""center"">&nbsp;<img src=""http://image.rakuten.co.jp/kintsu/cabinet/plus-s/explanation_plus-s.jpg"" /><br>
      <br>
      </td>
    </tr>
    <tr><td align=""left"" bgcolor=""cccccc"">　商品説明</td></tr><tr><td align=""left""><br><font size=""2"" color=""#404040"">
      ・装着したまま充電可能（一部非対応）（卓上ホルダには対応しません）<br>
      ・ベースの手帳型ケースは、複数の仕入れ先より入手しており、入荷時期によって形状が若干変わる事があります。<br>
      </font>
      <hr>
      <font size=""2"" color=""#404040"">素材：手帳ケース本体／合皮　<br>ハードケース／ポリカーボネート(ブラックケース)<br>
      加工：UV硬化型インク<br>
      対応機種：URBANO V02<br>
      </font>
      <hr>
      <font size=""2"" color=""#404040"">※機種本体は含まれておりません。<br>
      ※仕様は予告なく変更する場合がございます。
<br>
      ※ 実物の色に近づけるように努めていますが、ご利用のモニター、PCやスマートフォンの環境により掲載写真の色が実物の色と違って見える場合がございます。
</font></td></tr></tbody></table><style type=""text/css"">
span.unit {
	background: url(http://www.rakuten.ne.jp/gold/kintsu/images/cart_up_send.png) no-repeat left top;
	text-indent: -9999;
	display: block;
	width: 325px;
	height: 80;
	margin: 15px 0;
}
span.choice {
	display: inline-block;
	font-size: 15px;
	margin: 5px auto;
	width: 112px;
}
select[name=""choice""] {
	font-size: 15px;
	max-width: 200px;
}
td.inventory_choice_name {
	background-color: #F7F7F7;
}
/***買い物かごまわり全ボタン・入力欄共通***/
input[value=""買い物かごに入れる""] {
	background: url(""http://www.rakuten.ne.jp/gold/kintsu/images/cart04.png"") no-repeat;
	/*border: 1px solid #930;*/
	border: 0;
	height: 45px;
	text-indent: -9999px;
	cursor: pointer !important;
	width: 250px;
	margin-top: 10px;
	display: block;
}
input[value=""買い物かごに入れる""]:not(:target) {
	background-size: cover\9; /* IE9 */
	height: 45px\9;
	width: 250px\9;
}

@media screen and (-ms-high-contrast: active), (-ms-high-contrast: none) {
input[value=""買い物かごに入れる""] {
	background-size: cover;     /* IE10 */
	height: 45px;
	width: 250px;
}
}
input[value=""買い物かごに入れる""]:hover {
	opacity: 0.8;
}
/***「お問合せ」ボタン***/
font input[value=""商品についての問合わせ""] {
	background: url(""http://www.rakuten.ne.jp/gold/kintsu/images/toiawase01.png"") no-repeat;
	/*border: 1px solid #930;*/
	border: 0;
	height: 35px;
	text-indent: -9999px;
	cursor: pointer !important;
	width: 250px;
	margin-top: 10px;
}
font input[value=""商品についての問合わせ""]:hover {
	opacity: 0.7;
}
/***「商品お気に入り」ボタン***/

#rakutenLimitedId_aroundCart div.bkm {
	width: 250px !important;
	height: 35px !important;
}
#rakutenLimitedId_aroundCart div.bkm {
	float: none;
	padding-bottom: 0 !important;
}
#rakutenLimitedId_aroundCart div.bookmarkArea div.bkm a.addBkm span.bkmStar {
	background: url(""http://www.rakuten.ne.jp/gold/kintsu/images/okini01.jpg"") no-repeat scroll 0 0 rgba(0, 0, 0, 0) !important;
	display: inline-block !important;
	height: 35px !important;
	margin: 0 0 10px !important;
	width: 250px !important;
}
/***「店舗お気に入り」ボタン***/

#rakutenLimitedId_aroundCart div.shopBkm {
	float: none !important;
	width: 250px !important;
	height: 35px !important;
}
#rakutenLimitedId_aroundCart div.shopBkm {
	padding-left: 0 !important;
}
#rakutenLimitedId_aroundCart div.shopBookmarkArea div.shopBkm a.addShopBkm span.shopBkmStar {
	background: url(""http://www.rakuten.ne.jp/gold/kintsu/images/okini02.jpg"") no-repeat scroll 0 0 rgba(0, 0, 0, 0) !important;
	display: inline-block !important;
	height: 35px !important;
	margin-right: 0 !important;
	width: 250px !important;
}
#rnkInShopPartsArea {
	margin: 0;
	padding: 0;		
}
#rnkInShopMain {
	margin: 0;
	padding: 0;		
}
</style>

<table width=""630"" border=""0"" cellpadding=""0"" cellspacing=""0"" style=""margin: 0 auto;"">
<tr>
<td valign=""top"" align=""left"">

</td>
</tr>
</table>",URBANO V02 手帳型ケース v02 手帳型ケース アルバーノ ケース 手帳型 マルチ カラフル ストライプ 柄 カバー v02ケース v02カバー au ケース カバー おしゃれ かわいい 手帳型スマホケース スマホケース スマホカバー：ケータイ屋24　楽天市場店,スマートフォンアクセサリー携帯ストラップストラップスマホケーススマートフォン ケーススマホピアスイヤホンジャック アクセサリースマートフォンピアスネックストラップスワロフスキー ピアススワロフスキー ストラップスマホカバースマートフォン カバーURBANO V02 手帳型ケース v02 手帳型ケース アルバーノ ケース 手帳型 マルチ カラフル ストライプ 柄 カバー v02ケース v02カバー au ケース カバー おしゃれ かわいい 手帳型スマホケース スマホケース スマホカバー,V02 ケース 手帳型 スマホケース 手帳ケース☆。URBANO V02 手帳型ケース v02 手帳型ケース アルバーノ ケース 手帳型 マルチ カラフル ストライプ 柄 カバー v02ケース v02カバー au ケース カバー おしゃれ かわいい 手帳型スマホケース スマホケース スマホカバー[rn]
8-90060,http://tshop.r10s.jp/kintsu/cabinet/plus-s/m/v02/ps-v02-0136a.jpg?fitin=700:700,1600.0000,,スマートフォン・タブレット > スマートフォンアクセサリー > スマートフォンケース,ファスナー チャック ジッパー urbano v02 ケース アルバーノ v02 カバー v02カバー v02ケース urbanov02 au クリア ハードケース スマホケース スマホカバー 携帯カバー,V02 ケース カバー 2個以上で送料無料！,"オシャレなファスナーの URBANO V02 クリア ケース。<br><br><table border=""0"" cellpadding=""2"" cellspacing=""0"" width=""400""><tbody> <tr>
      <td bgcolor=""#cccccc"">　商品特長</td>
    </tr>
    <tr>
      <td><br>
      <font size=""2"">Plus-s(プラスエス)シリーズは、ポリカーボネイト製カバーをベースに、高品質UV硬化型インクにてプリント！商品加工すべてを日本国内の熟練した職人の手作業で行われます。made in japan<br>
      <br>
      しっかりと装着出来、端末を傷から守る事ができる機能性にも優れたケースです。ハードケース素材で、UV硬化型インクにて高品質プリントを施すことにより、高級感ある仕上がりとなっております。<BR>
      <BR>
      ジャケットを装着したままで、イヤホンや充電コネクターの接続、タッチパネルの使用など操作性も確保しております。 <BR>
      <br>
      </font></td>
    </tr>
    <tr>
      <td align=""center"">&nbsp;<img src=""http://image.rakuten.co.jp/kintsu/cabinet/plus-s/explanation_plus-s.jpg"" /><br>
      <br>
      </td>
    </tr>
    <tr><td align=""left"" bgcolor=""cccccc"">　商品説明</td></tr><tr><td align=""left""><br><font size=""2"" color=""#404040"">・スマートフォンケース側面への印刷は入りません。<br>
      ・装着したまま充電可能（卓上ホルダには対応しません）です。<br>
      ・ベースのスマートフォンケースは、複数の仕入れ先より入手しており、入荷時期によって形状が若干変わる事があります。<br>
      </font>
      <hr>
      <font size=""2"" color=""#404040"">素材：ケース本体／ポリカーボネート（クリアケース）<br>
      加工：UV硬化型インク（側面にプリントは入りません）<br>
      対応機種・サイズ：URBANO V02 専用<br>
      </font>
      <hr>
      <font size=""2"" color=""#404040"">※機種本体は含まれておりません。<br>
      ※仕様は予告なく変更する場合がございます。</font></td></tr></tbody></table><style type=""text/css"">
span.unit {
	background: url(http://www.rakuten.ne.jp/gold/kintsu/images/cart_up_send.png) no-repeat left top;
	text-indent: -9999;
	display: block;
	width: 325px;
	height: 80;
	margin: 15px 0;
}
span.choice {
	display: inline-block;
	font-size: 15px;
	margin: 5px auto;
	width: 112px;
}
select[name=""choice""] {
	font-size: 15px;
	max-width: 200px;
}
td.inventory_choice_name {
	background-color: #F7F7F7;
}
/***買い物かごまわり全ボタン・入力欄共通***/
input[value=""買い物かごに入れる""] {
	background: url(""http://www.rakuten.ne.jp/gold/kintsu/images/cart04.png"") no-repeat;
	/*border: 1px solid #930;*/
	border: 0;
	height: 45px;
	text-indent: -9999px;
	cursor: pointer !important;
	width: 250px;
	margin-top: 10px;
	display: block;
}
input[value=""買い物かごに入れる""]:not(:target) {
	background-size: cover\9; /* IE9 */
	height: 45px\9;
	width: 250px\9;
}

@media screen and (-ms-high-contrast: active), (-ms-high-contrast: none) {
input[value=""買い物かごに入れる""] {
	background-size: cover;     /* IE10 */
	height: 45px;
	width: 250px;
}
}
input[value=""買い物かごに入れる""]:hover {
	opacity: 0.8;
}
/***「お問合せ」ボタン***/
font input[value=""商品についての問合わせ""] {
	background: url(""http://www.rakuten.ne.jp/gold/kintsu/images/toiawase01.png"") no-repeat;
	/*border: 1px solid #930;*/
	border: 0;
	height: 35px;
	text-indent: -9999px;
	cursor: pointer !important;
	width: 250px;
	margin-top: 10px;
}
font input[value=""商品についての問合わせ""]:hover {
	opacity: 0.7;
}
/***「商品お気に入り」ボタン***/

#rakutenLimitedId_aroundCart div.bkm {
	width: 250px !important;
	height: 35px !important;
}
#rakutenLimitedId_aroundCart div.bkm {
	float: none;
	padding-bottom: 0 !important;
}
#rakutenLimitedId_aroundCart div.bookmarkArea div.bkm a.addBkm span.bkmStar {
	background: url(""http://www.rakuten.ne.jp/gold/kintsu/images/okini01.jpg"") no-repeat scroll 0 0 rgba(0, 0, 0, 0) !important;
	display: inline-block !important;
	height: 35px !important;
	margin: 0 0 10px !important;
	width: 250px !important;
}
/***「店舗お気に入り」ボタン***/

#rakutenLimitedId_aroundCart div.shopBkm {
	float: none !important;
	width: 250px !important;
	height: 35px !important;
}
#rakutenLimitedId_aroundCart div.shopBkm {
	padding-left: 0 !important;
}
#rakutenLimitedId_aroundCart div.shopBookmarkArea div.shopBkm a.addShopBkm span.shopBkmStar {
	background: url(""http://www.rakuten.ne.jp/gold/kintsu/images/okini02.jpg"") no-repeat scroll 0 0 rgba(0, 0, 0, 0) !important;
	display: inline-block !important;
	height: 35px !important;
	margin-right: 0 !important;
	width: 250px !important;
}
#rnkInShopPartsArea {
	margin: 0;
	padding: 0;		
}
#rnkInShopMain {
	margin: 0;
	padding: 0;		
}
</style>

<table width=""630"" border=""0"" cellpadding=""0"" cellspacing=""0"" style=""margin: 0 auto;"">
<tr>
<td valign=""top"" align=""left"">

</td>
</tr>
</table>",ファスナー チャック ジッパー urbano v02 ケース アルバーノ v02 カバー v02カバー v02ケース urbanov02 au クリア ハードケース スマホケース スマホカバー 携帯カバー：ケータイ屋24　楽天市場店,スマートフォンアクセサリー携帯ストラップストラップスマホケーススマートフォン ケーススマホピアスイヤホンジャック アクセサリースマートフォンピアスネックストラップスワロフスキー ピアススワロフスキー ストラップスマホカバースマートフォン カバーファスナー チャック ジッパー urbano v02 ケース アルバーノ v02 カバー v02カバー v02ケース urbanov02 au クリア ハードケース スマホケース スマホカバー 携帯カバー,V02 ケース カバー 2個以上で送料無料！。ファスナー チャック ジッパー urbano v02 ケース アルバーノ v02 カバー v02カバー v02ケース urbanov02 au クリア ハードケース スマホケース スマホカバー 携帯カバー[rn]
8-90061,http://tshop.r10s.jp/kintsu/cabinet/plus-s/n/v02/ps-v02-1019a.jpg?fitin=700:700,1600.0000,,スマートフォン・タブレット > スマートフォンアクセサリー > スマートフォンケース,Night sky(夜空) マルチ urbano v02 ケース アルバーノ v02 カバー v02カバー v02ケース urbanov02 au クリア ハードケース スマホケース スマホカバー 携帯カバー,V02 ケース カバー 2個以上で送料無料！,"星空がキレイな夜空の URBANO V02 クリア ケース。種類も豊富♪<br><br><table border=""0"" cellpadding=""2"" cellspacing=""0"" width=""400""><tbody> <tr>
      <td bgcolor=""#cccccc"">　商品特長</td>
    </tr>
    <tr>
      <td><br>
      <font size=""2"">Plus-s(プラスエス)シリーズは、ポリカーボネイト製カバーをベースに、高品質UV硬化型インクにてプリント！商品加工すべてを日本国内の熟練した職人の手作業で行われます。made in japan<br>
      <br>
      しっかりと装着出来、端末を傷から守る事ができる機能性にも優れたケースです。ハードケース素材で、UV硬化型インクにて高品質プリントを施すことにより、高級感ある仕上がりとなっております。<BR>
      <BR>
      ジャケットを装着したままで、イヤホンや充電コネクターの接続、タッチパネルの使用など操作性も確保しております。 <BR>
      <br>
      </font></td>
    </tr>
    <tr>
      <td align=""center"">&nbsp;<img src=""http://image.rakuten.co.jp/kintsu/cabinet/plus-s/explanation_plus-s.jpg"" /><br>
      <br>
      </td>
    </tr>
    <tr><td align=""left"" bgcolor=""cccccc"">　商品説明</td></tr><tr><td align=""left""><br><font size=""2"" color=""#404040"">・スマートフォンケース側面への印刷は入りません。<br>
      ・装着したまま充電可能（卓上ホルダには対応しません）です。<br>
      ・ベースのスマートフォンケースは、複数の仕入れ先より入手しており、入荷時期によって形状が若干変わる事があります。<br>
      </font>
      <hr>
      <font size=""2"" color=""#404040"">素材：ケース本体／ポリカーボネート(クリアケース)<br>
      加工：UV硬化型インク（側面にプリントは入りません）<br>
      対応機種・サイズ：URBANO V02 専用<br>
      </font>
      <hr>
      <font size=""2"" color=""#404040"">※機種本体は含まれておりません。<br>
      ※仕様は予告なく変更する場合がございます。</font></td></tr></tbody></table><style type=""text/css"">
span.unit {
	background: url(http://www.rakuten.ne.jp/gold/kintsu/images/cart_up_send.png) no-repeat left top;
	text-indent: -9999;
	display: block;
	width: 325px;
	height: 80;
	margin: 15px 0;
}
span.choice {
	display: inline-block;
	font-size: 15px;
	margin: 5px auto;
	width: 112px;
}
select[name=""choice""] {
	font-size: 15px;
	max-width: 200px;
}
td.inventory_choice_name {
	background-color: #F7F7F7;
}
/***買い物かごまわり全ボタン・入力欄共通***/
input[value=""買い物かごに入れる""] {
	background: url(""http://www.rakuten.ne.jp/gold/kintsu/images/cart04.png"") no-repeat;
	/*border: 1px solid #930;*/
	border: 0;
	height: 45px;
	text-indent: -9999px;
	cursor: pointer !important;
	width: 250px;
	margin-top: 10px;
	display: block;
}
input[value=""買い物かごに入れる""]:not(:target) {
	background-size: cover\9; /* IE9 */
	height: 45px\9;
	width: 250px\9;
}

@media screen and (-ms-high-contrast: active), (-ms-high-contrast: none) {
input[value=""買い物かごに入れる""] {
	background-size: cover;     /* IE10 */
	height: 45px;
	width: 250px;
}
}
input[value=""買い物かごに入れる""]:hover {
	opacity: 0.8;
}
/***「お問合せ」ボタン***/
font input[value=""商品についての問合わせ""] {
	background: url(""http://www.rakuten.ne.jp/gold/kintsu/images/toiawase01.png"") no-repeat;
	/*border: 1px solid #930;*/
	border: 0;
	height: 35px;
	text-indent: -9999px;
	cursor: pointer !important;
	width: 250px;
	margin-top: 10px;
}
font input[value=""商品についての問合わせ""]:hover {
	opacity: 0.7;
}
/***「商品お気に入り」ボタン***/

#rakutenLimitedId_aroundCart div.bkm {
	width: 250px !important;
	height: 35px !important;
}
#rakutenLimitedId_aroundCart div.bkm {
	float: none;
	padding-bottom: 0 !important;
}
#rakutenLimitedId_aroundCart div.bookmarkArea div.bkm a.addBkm span.bkmStar {
	background: url(""http://www.rakuten.ne.jp/gold/kintsu/images/okini01.jpg"") no-repeat scroll 0 0 rgba(0, 0, 0, 0) !important;
	display: inline-block !important;
	height: 35px !important;
	margin: 0 0 10px !important;
	width: 250px !important;
}
/***「店舗お気に入り」ボタン***/

#rakutenLimitedId_aroundCart div.shopBkm {
	float: none !important;
	width: 250px !important;
	height: 35px !important;
}
#rakutenLimitedId_aroundCart div.shopBkm {
	padding-left: 0 !important;
}
#rakutenLimitedId_aroundCart div.shopBookmarkArea div.shopBkm a.addShopBkm span.shopBkmStar {
	background: url(""http://www.rakuten.ne.jp/gold/kintsu/images/okini02.jpg"") no-repeat scroll 0 0 rgba(0, 0, 0, 0) !important;
	display: inline-block !important;
	height: 35px !important;
	margin-right: 0 !important;
	width: 250px !important;
}
#rnkInShopPartsArea {
	margin: 0;
	padding: 0;		
}
#rnkInShopMain {
	margin: 0;
	padding: 0;		
}
</style>

<table width=""630"" border=""0"" cellpadding=""0"" cellspacing=""0"" style=""margin: 0 auto;"">
<tr>
<td valign=""top"" align=""left"">

</td>
</tr>
</table>",Night sky(夜空) マルチ urbano v02 ケース アルバーノ v02 カバー v02カバー v02ケース urbanov02 au クリア ハードケース スマホケース スマホカバー 携帯カバー：ケータイ屋24　楽天市場店,スマートフォンアクセサリー携帯ストラップストラップスマホケーススマートフォン ケーススマホピアスイヤホンジャック アクセサリースマートフォンピアスネックストラップスワロフスキー ピアススワロフスキー ストラップスマホカバースマートフォン カバーNight sky(夜空) マルチ urbano v02 ケース アルバーノ v02 カバー v02カバー v02ケース urbanov02 au クリア ハードケース スマホケース スマホカバー 携帯カバー,V02 ケース カバー 2個以上で送料無料！。Night sky(夜空) マルチ urbano v02 ケース アルバーノ v02 カバー v02カバー v02ケース urbanov02 au クリア ハードケース スマホケース スマホカバー 携帯カバー[rn]
8-90062,http://tshop.r10s.jp/kintsu/cabinet/plus-s/diary/plus-diary-0141a2.jpg?fitin=700:700,1836.8000,,スマートフォン・タブレット > スマートフォンアクセサリー > スマートフォンケース,urbano v02 ケース 手帳型 ボーダー チェック スミス柄  v02ケース v02ケース v02ケース v02ケース v02ケース v02ケース v02ケース v02ケース v02ケース v02ケース アルバーノ v02 カバー,アルバーノ v02 カバー 手帳型,"<font color=""#ff0000""><b>※ 画像はイメージです。<br>
機種やカメラの位置等によって、デザインの見え方が異ったり<br>絵柄が切れる場合がございます。
<br>
予めご了承ください。</b></font><br><br>
おしゃれなボーダーデザイン プリントした手帳型 ダイアリーケース。バラエティも豊富☆ URBANO V02ケース<br>
<br><table border=""0"" cellpadding=""2"" cellspacing=""0"" width=""400""><tbody> <tr>
      <td bgcolor=""#cccccc"">　商品特長</td>
    </tr>
    <tr>
      <td><br>
      <font size=""2"">Plus-s(プラスエス)シリーズは、手帳型製カバーをベースに、高品質UV硬化型インクにてプリント！商品加工すべてを日本国内の熟練した職人の手作業で行われます。made in japan<br>
      <br>
      しっかりと装着出来、端末を傷から守る事ができる機能性にも優れたケースです。合皮素材で、UV硬化型インクにて高品質プリントを施すことにより、高級感ある仕上がりとなっております。<BR>
      <br>
      </font></td>
    </tr>
    <tr>
      <td align=""center"">&nbsp;<img src=""http://image.rakuten.co.jp/kintsu/cabinet/plus-s/explanation_plus-s.jpg"" /><br>
      <br>
      </td>
    </tr>
    <tr><td align=""left"" bgcolor=""cccccc"">　商品説明</td></tr><tr><td align=""left""><br><font size=""2"" color=""#404040"">
      ・装着したまま充電可能（一部非対応）（卓上ホルダには対応しません）<br>
      ・ベースの手帳型ケースは、複数の仕入れ先より入手しており、入荷時期によって形状が若干変わる事があります。<br>
      </font>
      <hr>
      <font size=""2"" color=""#404040"">素材：手帳ケース本体／合皮　<br>ハードケース／ポリカーボネート(ブラックケース)<br>
      加工：UV硬化型インク<br>
      対応機種：URBANO V02<br>
      </font>
      <hr>
      <font size=""2"" color=""#404040"">※機種本体は含まれておりません。<br>
      ※仕様は予告なく変更する場合がございます。
<br>
      ※実物の色に近づけるように努めていますが、ご利用のモニター、PCやスマートフォンの環境により掲載写真の色が実物の色と違って見える場合がございます。
</font></td></tr></tbody></table><style type=""text/css"">
span.unit {
	background: url(http://www.rakuten.ne.jp/gold/kintsu/images/cart_up_send.png) no-repeat left top;
	text-indent: -9999;
	display: block;
	width: 325px;
	height: 80;
	margin: 15px 0;
}
span.choice {
	display: inline-block;
	font-size: 15px;
	margin: 5px auto;
	width: 112px;
}
select[name=""choice""] {
	font-size: 15px;
	max-width: 200px;
}
td.inventory_choice_name {
	background-color: #F7F7F7;
}
/***買い物かごまわり全ボタン・入力欄共通***/
input[value=""買い物かごに入れる""] {
	background: url(""http://www.rakuten.ne.jp/gold/kintsu/images/cart04.png"") no-repeat;
	/*border: 1px solid #930;*/
	border: 0;
	height: 45px;
	text-indent: -9999px;
	cursor: pointer !important;
	width: 250px;
	margin-top: 10px;
	display: block;
}
input[value=""買い物かごに入れる""]:not(:target) {
	background-size: cover\9; /* IE9 */
	height: 45px\9;
	width: 250px\9;
}

@media screen and (-ms-high-contrast: active), (-ms-high-contrast: none) {
input[value=""買い物かごに入れる""] {
	background-size: cover;     /* IE10 */
	height: 45px;
	width: 250px;
}
}
input[value=""買い物かごに入れる""]:hover {
	opacity: 0.8;
}
/***「お問合せ」ボタン***/
font input[value=""商品についての問合わせ""] {
	background: url(""http://www.rakuten.ne.jp/gold/kintsu/images/toiawase01.png"") no-repeat;
	/*border: 1px solid #930;*/
	border: 0;
	height: 35px;
	text-indent: -9999px;
	cursor: pointer !important;
	width: 250px;
	margin-top: 10px;
}
font input[value=""商品についての問合わせ""]:hover {
	opacity: 0.7;
}
/***「商品お気に入り」ボタン***/

#rakutenLimitedId_aroundCart div.bkm {
	width: 250px !important;
	height: 35px !important;
}
#rakutenLimitedId_aroundCart div.bkm {
	float: none;
	padding-bottom: 0 !important;
}
#rakutenLimitedId_aroundCart div.bookmarkArea div.bkm a.addBkm span.bkmStar {
	background: url(""http://www.rakuten.ne.jp/gold/kintsu/images/okini01.jpg"") no-repeat scroll 0 0 rgba(0, 0, 0, 0) !important;
	display: inline-block !important;
	height: 35px !important;
	margin: 0 0 10px !important;
	width: 250px !important;
}
/***「店舗お気に入り」ボタン***/

#rakutenLimitedId_aroundCart div.shopBkm {
	float: none !important;
	width: 250px !important;
	height: 35px !important;
}
#rakutenLimitedId_aroundCart div.shopBkm {
	padding-left: 0 !important;
}
#rakutenLimitedId_aroundCart div.shopBookmarkArea div.shopBkm a.addShopBkm span.shopBkmStar {
	background: url(""http://www.rakuten.ne.jp/gold/kintsu/images/okini02.jpg"") no-repeat scroll 0 0 rgba(0, 0, 0, 0) !important;
	display: inline-block !important;
	height: 35px !important;
	margin-right: 0 !important;
	width: 250px !important;
}
#rnkInShopPartsArea {
	margin: 0;
	padding: 0;		
}
#rnkInShopMain {
	margin: 0;
	padding: 0;		
}
</style>

<table width=""630"" border=""0"" cellpadding=""0"" cellspacing=""0"" style=""margin: 0 auto;"">
<tr>
<td valign=""top"" align=""left"">

</td>
</tr>
</table>",urbano v02 ケース 手帳型 ボーダー チェック スミス柄  v02ケース v02ケース v02ケース v02ケース v02ケース v02ケース v02ケース v02ケース v02ケース v02ケース アルバーノ v02 カバー：ケータイ屋24　楽天市場店,スマートフォンアクセサリー携帯ストラップストラップスマホケーススマートフォン ケーススマホピアスイヤホンジャック アクセサリースマートフォンピアスネックストラップスワロフスキー ピアススワロフスキー ストラップスマホカバースマートフォン カバーurbano v02 ケース 手帳型 ボーダー チェック スミス柄  v02ケース v02ケース v02ケース v02ケース v02ケース v02ケース v02ケース v02ケース v02ケース v02ケース アルバーノ v02 カバー,アルバーノ v02 カバー 手帳型。urbano v02 ケース 手帳型 ボーダー チェック スミス柄  v02ケース v02ケース v02ケース v02ケース v02ケース v02ケース v02ケース v02ケース v02ケース v02ケース アルバーノ v02 カバー[rn]
8-90063,http://tshop.r10s.jp/kintsu/cabinet/plus-s/n/v02/ps-v02-1090a.jpg?fitin=700:700,1600.0000,,スマートフォン・タブレット > スマートフォンアクセサリー > スマートフォンケース,らくがきライン クリア urbano v02 ケース アルバーノ v02 カバー v02カバー v02ケース urbanov02 au クリア ハードケース スマホケース スマホカバー 携帯カバー,V02 ケース カバー 2個以上で送料無料！,"ペンでラインを塗りつぶしたような URBANO V02 クリア ケース。裏側が透けるデザインなので、機種本体のデザインが活かされます♪<br><br>
<table border=""0"" cellpadding=""2"" cellspacing=""0"" width=""400"">
 <tbody>
  <tr>
   <td bgcolor=""#cccccc"">　商品特長</td>
  </tr>
  <tr>
   <td><br><font size=""2"">Plus-s(プラスエス)シリーズは、ポリカーボネイト製カバーをベースに、高品質UV硬化型インクにてプリント！商品加工すべてを日本国内の熟練した職人の手作業で行われます。made in japan<br><br>しっかりと装着出来、端末を傷から守る事ができる機能性にも優れたケースです。ハードケース素材で、UV硬化型インクにて高品質プリントを施すことにより、高級感ある仕上がりとなっております。<BR><BR>ジャケットを装着したままで、イヤホンや充電コネクターの接続、タッチパネルの使用など操作性も確保しております。<BR><br></font>
   </td>
  </tr>
  <tr>
   <td align=""center"">&nbsp;<img src=""http://image.rakuten.co.jp/kintsu/cabinet/plus-s/explanation_plus-s.jpg"" /><br><br>
   </td>
  </tr>
  <tr>
   <td align=""left"" bgcolor=""cccccc"">　商品説明</td></tr><tr><td align=""left""><br><font size=""2"" color=""#404040"">・スマートフォンケース側面への印刷は入りません。<br>
      ・装着したまま充電可能（卓上ホルダには対応しません）です。<br>
      ・ベースのスマートフォンケースは、複数の仕入れ先より入手しており、入荷時期によって形状が若干変わる事があります。<br></font>
    <hr>
     <font size=""2"" color=""#404040"">素材：ケース本体／ポリカーボネート(クリアケース)<br>加工：UV硬化型インク（側面にプリントは入りません）<br>対応機種・サイズ：URBANO V02 専用<br></font>
    <hr>
     <font size=""2"" color=""#404040"">※機種本体は含まれておりません。<br>※仕様は予告なく変更する場合がございます。</font>
   </td>
  </tr>
 </tbody>
</table><style type=""text/css"">
span.unit {
	background: url(http://www.rakuten.ne.jp/gold/kintsu/images/cart_up_send.png) no-repeat left top;
	text-indent: -9999;
	display: block;
	width: 325px;
	height: 80;
	margin: 15px 0;
}
span.choice {
	display: inline-block;
	font-size: 15px;
	margin: 5px auto;
	width: 112px;
}
select[name=""choice""] {
	font-size: 15px;
	max-width: 200px;
}
td.inventory_choice_name {
	background-color: #F7F7F7;
}
/***買い物かごまわり全ボタン・入力欄共通***/
input[value=""買い物かごに入れる""] {
	background: url(""http://www.rakuten.ne.jp/gold/kintsu/images/cart04.png"") no-repeat;
	/*border: 1px solid #930;*/
	border: 0;
	height: 45px;
	text-indent: -9999px;
	cursor: pointer !important;
	width: 250px;
	margin-top: 10px;
	display: block;
}
input[value=""買い物かごに入れる""]:not(:target) {
	background-size: cover\9; /* IE9 */
	height: 45px\9;
	width: 250px\9;
}

@media screen and (-ms-high-contrast: active), (-ms-high-contrast: none) {
input[value=""買い物かごに入れる""] {
	background-size: cover;     /* IE10 */
	height: 45px;
	width: 250px;
}
}
input[value=""買い物かごに入れる""]:hover {
	opacity: 0.8;
}
/***「お問合せ」ボタン***/
font input[value=""商品についての問合わせ""] {
	background: url(""http://www.rakuten.ne.jp/gold/kintsu/images/toiawase01.png"") no-repeat;
	/*border: 1px solid #930;*/
	border: 0;
	height: 35px;
	text-indent: -9999px;
	cursor: pointer !important;
	width: 250px;
	margin-top: 10px;
}
font input[value=""商品についての問合わせ""]:hover {
	opacity: 0.7;
}
/***「商品お気に入り」ボタン***/

#rakutenLimitedId_aroundCart div.bkm {
	width: 250px !important;
	height: 35px !important;
}
#rakutenLimitedId_aroundCart div.bkm {
	float: none;
	padding-bottom: 0 !important;
}
#rakutenLimitedId_aroundCart div.bookmarkArea div.bkm a.addBkm span.bkmStar {
	background: url(""http://www.rakuten.ne.jp/gold/kintsu/images/okini01.jpg"") no-repeat scroll 0 0 rgba(0, 0, 0, 0) !important;
	display: inline-block !important;
	height: 35px !important;
	margin: 0 0 10px !important;
	width: 250px !important;
}
/***「店舗お気に入り」ボタン***/

#rakutenLimitedId_aroundCart div.shopBkm {
	float: none !important;
	width: 250px !important;
	height: 35px !important;
}
#rakutenLimitedId_aroundCart div.shopBkm {
	padding-left: 0 !important;
}
#rakutenLimitedId_aroundCart div.shopBookmarkArea div.shopBkm a.addShopBkm span.shopBkmStar {
	background: url(""http://www.rakuten.ne.jp/gold/kintsu/images/okini02.jpg"") no-repeat scroll 0 0 rgba(0, 0, 0, 0) !important;
	display: inline-block !important;
	height: 35px !important;
	margin-right: 0 !important;
	width: 250px !important;
}
#rnkInShopPartsArea {
	margin: 0;
	padding: 0;		
}
#rnkInShopMain {
	margin: 0;
	padding: 0;		
}
</style>

<table width=""630"" border=""0"" cellpadding=""0"" cellspacing=""0"" style=""margin: 0 auto;"">
<tr>
<td valign=""top"" align=""left"">

</td>
</tr>
</table>",らくがきライン クリア urbano v02 ケース アルバーノ v02 カバー v02カバー v02ケース urbanov02 au クリア ハードケース スマホケース スマホカバー 携帯カバー：ケータイ屋24　楽天市場店,スマートフォンアクセサリー携帯ストラップストラップスマホケーススマートフォン ケーススマホピアスイヤホンジャック アクセサリースマートフォンピアスネックストラップスワロフスキー ピアススワロフスキー ストラップスマホカバースマートフォン カバーらくがきライン クリア urbano v02 ケース アルバーノ v02 カバー v02カバー v02ケース urbanov02 au クリア ハードケース スマホケース スマホカバー 携帯カバー,V02 ケース カバー 2個以上で送料無料！。らくがきライン クリア urbano v02 ケース アルバーノ v02 カバー v02カバー v02ケース urbanov02 au クリア ハードケース スマホケース スマホカバー 携帯カバー[rn]
8-90064,http://tshop.r10s.jp/kintsu/cabinet/plus-s/m/v02/ps-v02-0155a.jpg?fitin=700:700,1600.0000,,スマートフォン・タブレット > スマートフォンアクセサリー > スマートフォンケース,urbano v02 ケース チェック　市松模様　ブロック urbano v02 ケース urbano v02 ケース urbano v02 ケース urbano v02 ケース urbano v02 ケース urbano v02 ケース アルバーノ v02 カバー アルバーノ v02 カバー アルバーノ v02 カバー アルバーノ v02 カバー,V02 ケース カバー 2個以上で送料無料！,"オシャレなチェック柄！実機の色を活かしたデザインでドット部分以外は透ける URBANO V02 クリア ケース。裏側が透けるデザインなので、機種本体のデザインが活かされます♪<br><br>
<table border=""0"" cellpadding=""2"" cellspacing=""0"" width=""400"">
 <tbody>
  <tr>
   <td bgcolor=""#cccccc"">　商品特長</td>
  </tr>
  <tr>
   <td><br><font size=""2"">Plus-s(プラスエス)シリーズは、ポリカーボネイト製カバーをベースに、高品質UV硬化型インクにてプリント！商品加工すべてを日本国内の熟練した職人の手作業で行われます。made in japan<br><br>しっかりと装着出来、端末を傷から守る事ができる機能性にも優れたケースです。ハードケース素材で、UV硬化型インクにて高品質プリントを施すことにより、高級感ある仕上がりとなっております。<BR><BR>ジャケットを装着したままで、イヤホンや充電コネクターの接続、タッチパネルの使用など操作性も確保しております。<BR><br></font>
   </td>
  </tr>
  <tr>
   <td align=""center"">&nbsp;<img src=""http://image.rakuten.co.jp/kintsu/cabinet/plus-s/explanation_plus-s.jpg"" /><br><br>
   </td>
  </tr>
  <tr>
   <td align=""left"" bgcolor=""cccccc"">　商品説明</td></tr><tr><td align=""left""><br><font size=""2"" color=""#404040"">・スマートフォンケース側面への印刷は入りません。<br>
      ・装着したまま充電可能（卓上ホルダには対応しません）です。<br>
      ・ベースのスマートフォンケースは、複数の仕入れ先より入手しており、入荷時期によって形状が若干変わる事があります。<br></font>
    <hr>
     <font size=""2"" color=""#404040"">素材：ケース本体／ポリカーボネート(クリアケース)<br>加工：UV硬化型インク（側面にプリントは入りません）<br>対応機種・サイズ：URBANO V02 専用<br></font>
    <hr>
     <font size=""2"" color=""#404040"">※機種本体は含まれておりません。<br>※仕様は予告なく変更する場合がございます。</font>
   </td>
  </tr>
 </tbody>
</table><style type=""text/css"">
span.unit {
	background: url(http://www.rakuten.ne.jp/gold/kintsu/images/cart_up_send.png) no-repeat left top;
	text-indent: -9999;
	display: block;
	width: 325px;
	height: 80;
	margin: 15px 0;
}
span.choice {
	display: inline-block;
	font-size: 15px;
	margin: 5px auto;
	width: 112px;
}
select[name=""choice""] {
	font-size: 15px;
	max-width: 200px;
}
td.inventory_choice_name {
	background-color: #F7F7F7;
}
/***買い物かごまわり全ボタン・入力欄共通***/
input[value=""買い物かごに入れる""] {
	background: url(""http://www.rakuten.ne.jp/gold/kintsu/images/cart04.png"") no-repeat;
	/*border: 1px solid #930;*/
	border: 0;
	height: 45px;
	text-indent: -9999px;
	cursor: pointer !important;
	width: 250px;
	margin-top: 10px;
	display: block;
}
input[value=""買い物かごに入れる""]:not(:target) {
	background-size: cover\9; /* IE9 */
	height: 45px\9;
	width: 250px\9;
}

@media screen and (-ms-high-contrast: active), (-ms-high-contrast: none) {
input[value=""買い物かごに入れる""] {
	background-size: cover;     /* IE10 */
	height: 45px;
	width: 250px;
}
}
input[value=""買い物かごに入れる""]:hover {
	opacity: 0.8;
}
/***「お問合せ」ボタン***/
font input[value=""商品についての問合わせ""] {
	background: url(""http://www.rakuten.ne.jp/gold/kintsu/images/toiawase01.png"") no-repeat;
	/*border: 1px solid #930;*/
	border: 0;
	height: 35px;
	text-indent: -9999px;
	cursor: pointer !important;
	width: 250px;
	margin-top: 10px;
}
font input[value=""商品についての問合わせ""]:hover {
	opacity: 0.7;
}
/***「商品お気に入り」ボタン***/

#rakutenLimitedId_aroundCart div.bkm {
	width: 250px !important;
	height: 35px !important;
}
#rakutenLimitedId_aroundCart div.bkm {
	float: none;
	padding-bottom: 0 !important;
}
#rakutenLimitedId_aroundCart div.bookmarkArea div.bkm a.addBkm span.bkmStar {
	background: url(""http://www.rakuten.ne.jp/gold/kintsu/images/okini01.jpg"") no-repeat scroll 0 0 rgba(0, 0, 0, 0) !important;
	display: inline-block !important;
	height: 35px !important;
	margin: 0 0 10px !important;
	width: 250px !important;
}
/***「店舗お気に入り」ボタン***/

#rakutenLimitedId_aroundCart div.shopBkm {
	float: none !important;
	width: 250px !important;
	height: 35px !important;
}
#rakutenLimitedId_aroundCart div.shopBkm {
	padding-left: 0 !important;
}
#rakutenLimitedId_aroundCart div.shopBookmarkArea div.shopBkm a.addShopBkm span.shopBkmStar {
	background: url(""http://www.rakuten.ne.jp/gold/kintsu/images/okini02.jpg"") no-repeat scroll 0 0 rgba(0, 0, 0, 0) !important;
	display: inline-block !important;
	height: 35px !important;
	margin-right: 0 !important;
	width: 250px !important;
}
#rnkInShopPartsArea {
	margin: 0;
	padding: 0;		
}
#rnkInShopMain {
	margin: 0;
	padding: 0;		
}
</style>

<table width=""630"" border=""0"" cellpadding=""0"" cellspacing=""0"" style=""margin: 0 auto;"">
<tr>
<td valign=""top"" align=""left"">

</td>
</tr>
</table>",urbano v02 ケース チェック　市松模様　ブロック urbano v02 ケース urbano v02 ケース urbano v02 ケース urbano v02 ケース urbano v02 ケース urbano v02 ケース アルバーノ v02 カバー アルバーノ v02 カバー アルバーノ v02 カバー アルバーノ v02 カバー：ケータイ屋24　楽天市場店,スマートフォンアクセサリー携帯ストラップストラップスマホケーススマートフォン ケーススマホピアスイヤホンジャック アクセサリースマートフォンピアスネックストラップスワロフスキー ピアススワロフスキー ストラップスマホカバースマートフォン カバーurbano v02 ケース チェック　市松模様　ブロック urbano v02 ケース urbano v02 ケース urbano v02 ケース urbano v02 ケース urbano v02 ケース urbano v02 ケース アルバーノ v02 カバー アルバーノ v02 カバー アルバーノ v02 カバー アルバーノ v02 カバー,V02 ケース カバー 2個以上で送料無料！。urbano v02 ケース チェック　市松模様　ブロック urbano v02 ケース urbano v02 ケース urbano v02 ケース urbano v02 ケース urbano v02 ケース urbano v02 ケース アルバーノ v02 カバー アルバーノ v02 カバー アルバーノ v02 カバー アルバーノ v02 カバー[rn]
8-90065,http://tshop.r10s.jp/kintsu/cabinet/plus-s/m/v02/ps-v02-0335a.jpg?fitin=700:700,1600.0000,,スマートフォン・タブレット > スマートフォンアクセサリー > スマートフォンケース,urbano v02 ケース 輝く星 シンデレラと城 クリア urbano v02 ケース urbano v02 ケース urbano v02 ケース urbano v02 ケース urbano v02 ケース urbano v02 ケース アルバーノ v02 カバー アルバーノ v02 カバー アルバーノ v02 カバー アルバーノ v02 カバー,V02 ケース カバー 2個以上で送料無料！,"世界名作童話 輝く星の下にシンデレラ 城が佇む URBANO V02 クリア ケース。裏側が透けるデザインなので、機種本体のデザインが活かされます♪<br><br>
<table border=""0"" cellpadding=""2"" cellspacing=""0"" width=""400"">
 <tbody>
  <tr>
   <td bgcolor=""#cccccc"">　商品特長</td>
  </tr>
  <tr>
   <td><br><font size=""2"">Plus-s(プラスエス)シリーズは、ポリカーボネイト製カバーをベースに、高品質UV硬化型インクにてプリント！商品加工すべてを日本国内の熟練した職人の手作業で行われます。made in japan<br><br>しっかりと装着出来、端末を傷から守る事ができる機能性にも優れたケースです。ハードケース素材で、UV硬化型インクにて高品質プリントを施すことにより、高級感ある仕上がりとなっております。<BR><BR>ジャケットを装着したままで、イヤホンや充電コネクターの接続、タッチパネルの使用など操作性も確保しております。<BR><br></font>
   </td>
  </tr>
  <tr>
   <td align=""center"">&nbsp;<img src=""http://image.rakuten.co.jp/kintsu/cabinet/plus-s/explanation_plus-s.jpg"" /><br><br>
   </td>
  </tr>
  <tr>
   <td align=""left"" bgcolor=""cccccc"">　商品説明</td></tr><tr><td align=""left""><br><font size=""2"" color=""#404040"">・スマートフォンケース側面への印刷は入りません。<br>
      ・装着したまま充電可能（卓上ホルダには対応しません）です。<br>
      ・ベースのスマートフォンケースは、複数の仕入れ先より入手しており、入荷時期によって形状が若干変わる事があります。<br></font>
    <hr>
     <font size=""2"" color=""#404040"">素材：ケース本体／ポリカーボネート(クリアケース)<br>加工：UV硬化型インク（側面にプリントは入りません）<br>対応機種・サイズ：URBANO V02 専用<br></font>
    <hr>
     <font size=""2"" color=""#404040"">※機種本体は含まれておりません。<br>※仕様は予告なく変更する場合がございます。</font>
   </td>
  </tr>
 </tbody>
</table><style type=""text/css"">
span.unit {
	background: url(http://www.rakuten.ne.jp/gold/kintsu/images/cart_up_send.png) no-repeat left top;
	text-indent: -9999;
	display: block;
	width: 325px;
	height: 80;
	margin: 15px 0;
}
span.choice {
	display: inline-block;
	font-size: 15px;
	margin: 5px auto;
	width: 112px;
}
select[name=""choice""] {
	font-size: 15px;
	max-width: 200px;
}
td.inventory_choice_name {
	background-color: #F7F7F7;
}
/***買い物かごまわり全ボタン・入力欄共通***/
input[value=""買い物かごに入れる""] {
	background: url(""http://www.rakuten.ne.jp/gold/kintsu/images/cart04.png"") no-repeat;
	/*border: 1px solid #930;*/
	border: 0;
	height: 45px;
	text-indent: -9999px;
	cursor: pointer !important;
	width: 250px;
	margin-top: 10px;
	display: block;
}
input[value=""買い物かごに入れる""]:not(:target) {
	background-size: cover\9; /* IE9 */
	height: 45px\9;
	width: 250px\9;
}

@media screen and (-ms-high-contrast: active), (-ms-high-contrast: none) {
input[value=""買い物かごに入れる""] {
	background-size: cover;     /* IE10 */
	height: 45px;
	width: 250px;
}
}
input[value=""買い物かごに入れる""]:hover {
	opacity: 0.8;
}
/***「お問合せ」ボタン***/
font input[value=""商品についての問合わせ""] {
	background: url(""http://www.rakuten.ne.jp/gold/kintsu/images/toiawase01.png"") no-repeat;
	/*border: 1px solid #930;*/
	border: 0;
	height: 35px;
	text-indent: -9999px;
	cursor: pointer !important;
	width: 250px;
	margin-top: 10px;
}
font input[value=""商品についての問合わせ""]:hover {
	opacity: 0.7;
}
/***「商品お気に入り」ボタン***/

#rakutenLimitedId_aroundCart div.bkm {
	width: 250px !important;
	height: 35px !important;
}
#rakutenLimitedId_aroundCart div.bkm {
	float: none;
	padding-bottom: 0 !important;
}
#rakutenLimitedId_aroundCart div.bookmarkArea div.bkm a.addBkm span.bkmStar {
	background: url(""http://www.rakuten.ne.jp/gold/kintsu/images/okini01.jpg"") no-repeat scroll 0 0 rgba(0, 0, 0, 0) !important;
	display: inline-block !important;
	height: 35px !important;
	margin: 0 0 10px !important;
	width: 250px !important;
}
/***「店舗お気に入り」ボタン***/

#rakutenLimitedId_aroundCart div.shopBkm {
	float: none !important;
	width: 250px !important;
	height: 35px !important;
}
#rakutenLimitedId_aroundCart div.shopBkm {
	padding-left: 0 !important;
}
#rakutenLimitedId_aroundCart div.shopBookmarkArea div.shopBkm a.addShopBkm span.shopBkmStar {
	background: url(""http://www.rakuten.ne.jp/gold/kintsu/images/okini02.jpg"") no-repeat scroll 0 0 rgba(0, 0, 0, 0) !important;
	display: inline-block !important;
	height: 35px !important;
	margin-right: 0 !important;
	width: 250px !important;
}
#rnkInShopPartsArea {
	margin: 0;
	padding: 0;		
}
#rnkInShopMain {
	margin: 0;
	padding: 0;		
}
</style>

<table width=""630"" border=""0"" cellpadding=""0"" cellspacing=""0"" style=""margin: 0 auto;"">
<tr>
<td valign=""top"" align=""left"">

</td>
</tr>
</table>",urbano v02 ケース 輝く星 シンデレラと城 クリア urbano v02 ケース urbano v02 ケース urbano v02 ケース urbano v02 ケース urbano v02 ケース urbano v02 ケース アルバーノ v02 カバー アルバーノ v02 カバー アルバーノ v02 カバー アルバーノ v02 カバー：ケータイ屋24　楽天市場店,スマートフォンアクセサリー携帯ストラップストラップスマホケーススマートフォン ケーススマホピアスイヤホンジャック アクセサリースマートフォンピアスネックストラップスワロフスキー ピアススワロフスキー ストラップスマホカバースマートフォン カバーurbano v02 ケース 輝く星 シンデレラと城 クリア urbano v02 ケース urbano v02 ケース urbano v02 ケース urbano v02 ケース urbano v02 ケース urbano v02 ケース アルバーノ v02 カバー アルバーノ v02 カバー アルバーノ v02 カバー アルバーノ v02 カバー,V02 ケース カバー 2個以上で送料無料！。urbano v02 ケース 輝く星 シンデレラと城 クリア urbano v02 ケース urbano v02 ケース urbano v02 ケース urbano v02 ケース urbano v02 ケース urbano v02 ケース アルバーノ v02 カバー アルバーノ v02 カバー アルバーノ v02 カバー アルバーノ v02 カバー[rn]
8-90066,http://tshop.r10s.jp/kintsu/cabinet/plus-s/n/v02/ps-v02-1014a.jpg?fitin=700:700,1600.0000,,スマートフォン・タブレット > スマートフォンアクセサリー > スマートフォンケース,ドット ドクロ urbano v02 ケース アルバーノ v02 カバー v02カバー v02ケース urbanov02 au クリア ハードケース スマホケース スマホカバー 携帯カバー,V02 ケース カバー 2個以上で送料無料！,"カッコイイたくさんのドクロ ドット柄 URBANO V02 クリア ケース。<br><br><table border=""0"" cellpadding=""2"" cellspacing=""0"" width=""400""><tbody> <tr>
      <td bgcolor=""#cccccc"">　商品特長</td>
    </tr>
    <tr>
      <td><br>
      <font size=""2"">Plus-s(プラスエス)シリーズは、ポリカーボネイト製カバーをベースに、高品質UV硬化型インクにてプリント！商品加工すべてを日本国内の熟練した職人の手作業で行われます。made in japan<br>
      <br>
      しっかりと装着出来、端末を傷から守る事ができる機能性にも優れたケースです。ハードケース素材で、UV硬化型インクにて高品質プリントを施すことにより、高級感ある仕上がりとなっております。<BR>
      <BR>
      ジャケットを装着したままで、イヤホンや充電コネクターの接続、タッチパネルの使用など操作性も確保しております。 <BR>
      <br>
      </font></td>
    </tr>
    <tr>
      <td align=""center"">&nbsp;<img src=""http://image.rakuten.co.jp/kintsu/cabinet/plus-s/explanation_plus-s.jpg"" /><br>
      <br>
      </td>
    </tr>
    <tr><td align=""left"" bgcolor=""cccccc"">　商品説明</td></tr><tr><td align=""left""><br><font size=""2"" color=""#404040"">・スマートフォンケース側面への印刷は入りません。<br>
      ・装着したまま充電可能（卓上ホルダには対応しません）です。<br>
      ・ベースのスマートフォンケースは、複数の仕入れ先より入手しており、入荷時期によって形状が若干変わる事があります。<br>
      </font>
      <hr>
      <font size=""2"" color=""#404040"">素材：ケース本体／ポリカーボネート(クリアケース)<br>
      加工：UV硬化型インク（側面にプリントは入りません）<br>
      対応機種・サイズ：URBANO V02 専用<br>
      </font>
      <hr>
      <font size=""2"" color=""#404040"">※機種本体は含まれておりません。<br>
      ※仕様は予告なく変更する場合がございます。</font></td></tr></tbody></table><style type=""text/css"">
span.unit {
	background: url(http://www.rakuten.ne.jp/gold/kintsu/images/cart_up_send.png) no-repeat left top;
	text-indent: -9999;
	display: block;
	width: 325px;
	height: 80;
	margin: 15px 0;
}
span.choice {
	display: inline-block;
	font-size: 15px;
	margin: 5px auto;
	width: 112px;
}
select[name=""choice""] {
	font-size: 15px;
	max-width: 200px;
}
td.inventory_choice_name {
	background-color: #F7F7F7;
}
/***買い物かごまわり全ボタン・入力欄共通***/
input[value=""買い物かごに入れる""] {
	background: url(""http://www.rakuten.ne.jp/gold/kintsu/images/cart04.png"") no-repeat;
	/*border: 1px solid #930;*/
	border: 0;
	height: 45px;
	text-indent: -9999px;
	cursor: pointer !important;
	width: 250px;
	margin-top: 10px;
	display: block;
}
input[value=""買い物かごに入れる""]:not(:target) {
	background-size: cover\9; /* IE9 */
	height: 45px\9;
	width: 250px\9;
}

@media screen and (-ms-high-contrast: active), (-ms-high-contrast: none) {
input[value=""買い物かごに入れる""] {
	background-size: cover;     /* IE10 */
	height: 45px;
	width: 250px;
}
}
input[value=""買い物かごに入れる""]:hover {
	opacity: 0.8;
}
/***「お問合せ」ボタン***/
font input[value=""商品についての問合わせ""] {
	background: url(""http://www.rakuten.ne.jp/gold/kintsu/images/toiawase01.png"") no-repeat;
	/*border: 1px solid #930;*/
	border: 0;
	height: 35px;
	text-indent: -9999px;
	cursor: pointer !important;
	width: 250px;
	margin-top: 10px;
}
font input[value=""商品についての問合わせ""]:hover {
	opacity: 0.7;
}
/***「商品お気に入り」ボタン***/

#rakutenLimitedId_aroundCart div.bkm {
	width: 250px !important;
	height: 35px !important;
}
#rakutenLimitedId_aroundCart div.bkm {
	float: none;
	padding-bottom: 0 !important;
}
#rakutenLimitedId_aroundCart div.bookmarkArea div.bkm a.addBkm span.bkmStar {
	background: url(""http://www.rakuten.ne.jp/gold/kintsu/images/okini01.jpg"") no-repeat scroll 0 0 rgba(0, 0, 0, 0) !important;
	display: inline-block !important;
	height: 35px !important;
	margin: 0 0 10px !important;
	width: 250px !important;
}
/***「店舗お気に入り」ボタン***/

#rakutenLimitedId_aroundCart div.shopBkm {
	float: none !important;
	width: 250px !important;
	height: 35px !important;
}
#rakutenLimitedId_aroundCart div.shopBkm {
	padding-left: 0 !important;
}
#rakutenLimitedId_aroundCart div.shopBookmarkArea div.shopBkm a.addShopBkm span.shopBkmStar {
	background: url(""http://www.rakuten.ne.jp/gold/kintsu/images/okini02.jpg"") no-repeat scroll 0 0 rgba(0, 0, 0, 0) !important;
	display: inline-block !important;
	height: 35px !important;
	margin-right: 0 !important;
	width: 250px !important;
}
#rnkInShopPartsArea {
	margin: 0;
	padding: 0;		
}
#rnkInShopMain {
	margin: 0;
	padding: 0;		
}
</style>

<table width=""630"" border=""0"" cellpadding=""0"" cellspacing=""0"" style=""margin: 0 auto;"">
<tr>
<td valign=""top"" align=""left"">

</td>
</tr>
</table>",ドット ドクロ urbano v02 ケース アルバーノ v02 カバー v02カバー v02ケース urbanov02 au クリア ハードケース スマホケース スマホカバー 携帯カバー：ケータイ屋24　楽天市場店,スマートフォンアクセサリー携帯ストラップストラップスマホケーススマートフォン ケーススマホピアスイヤホンジャック アクセサリースマートフォンピアスネックストラップスワロフスキー ピアススワロフスキー ストラップスマホカバースマートフォン カバードット ドクロ urbano v02 ケース アルバーノ v02 カバー v02カバー v02ケース urbanov02 au クリア ハードケース スマホケース スマホカバー 携帯カバー,V02 ケース カバー 2個以上で送料無料！。ドット ドクロ urbano v02 ケース アルバーノ v02 カバー v02カバー v02ケース urbanov02 au クリア ハードケース スマホケース スマホカバー 携帯カバー[rn]
8-90067,http://tshop.r10s.jp/kintsu/cabinet/plus-s/diary/plus-diary-0035a2.jpg?fitin=700:700,1836.8000,,スマートフォン・タブレット > スマートフォンアクセサリー > スマートフォンケース,urbano v02 ケース 手帳型 ヒョウ柄　レオパード  v02ケース v02ケース v02ケース v02ケース v02ケース v02ケース v02ケース v02ケース v02ケース v02ケース アルバーノ v02 カバー,アルバーノ v02 カバー 手帳型,"<font color=""#ff0000""><b>※ 画像はイメージです。<br>
機種やカメラの位置等によって、デザインの見え方が異ったり<br>絵柄が切れる場合がございます。
<br>
予めご了承ください。</b></font><br><br>
オシャレなヒョウ柄をプリントした♪ 手帳型 ダイアリーケース。カラーも豊富☆ URBANO V02ケース<br>
<br><table border=""0"" cellpadding=""2"" cellspacing=""0"" width=""400""><tbody> <tr>
      <td bgcolor=""#cccccc"">　商品特長</td>
    </tr>
    <tr>
      <td><br>
      <font size=""2"">Plus-s(プラスエス)シリーズは、手帳型カバーをベースに、高品質UV硬化型インクにてプリント！商品加工すべてを日本国内の熟練した職人の手作業で行われます。made in japan<br>
      <br>
      しっかりと装着出来、端末を傷から守る事ができる機能性にも優れたケースです。合皮素材で、UV硬化型インクにて高品質プリントを施すことにより、高級感ある仕上がりとなっております。<BR>
      <br>
      </font></td>
    </tr>
    <tr>
      <td align=""center"">&nbsp;<img src=""http://image.rakuten.co.jp/kintsu/cabinet/plus-s/explanation_plus-s.jpg"" /><br>
      <br>
      </td>
    </tr>
    <tr><td align=""left"" bgcolor=""cccccc"">　商品説明</td></tr><tr><td align=""left""><br><font size=""2"" color=""#404040"">
      ・装着したまま充電可能（一部非対応）（卓上ホルダには対応しません）<br>
      ・ベースの手帳型ケースは、複数の仕入れ先より入手しており、入荷時期によって形状が若干変わる事があります。<br>
      </font>
      <hr>
      <font size=""2"" color=""#404040"">素材：手帳ケース本体／合皮　<br>ハードケース／ポリカーボネート(ブラックケース)<br>
      加工：UV硬化型インク<br>
      対応機種：URBANO V02<br>
      </font>
      <hr>
      <font size=""2"" color=""#404040"">※機種本体は含まれておりません。<br>
      ※仕様は予告なく変更する場合がございます。
<br>
      ※ 実物の色に近づけるように努めていますが、ご利用のモニター、PCやスマートフォンの環境により掲載写真の色が実物の色と違って見える場合がございます。
</font></td></tr></tbody></table><style type=""text/css"">
span.unit {
	background: url(http://www.rakuten.ne.jp/gold/kintsu/images/cart_up_send.png) no-repeat left top;
	text-indent: -9999;
	display: block;
	width: 325px;
	height: 80;
	margin: 15px 0;
}
span.choice {
	display: inline-block;
	font-size: 15px;
	margin: 5px auto;
	width: 112px;
}
select[name=""choice""] {
	font-size: 15px;
	max-width: 200px;
}
td.inventory_choice_name {
	background-color: #F7F7F7;
}
/***買い物かごまわり全ボタン・入力欄共通***/
input[value=""買い物かごに入れる""] {
	background: url(""http://www.rakuten.ne.jp/gold/kintsu/images/cart04.png"") no-repeat;
	/*border: 1px solid #930;*/
	border: 0;
	height: 45px;
	text-indent: -9999px;
	cursor: pointer !important;
	width: 250px;
	margin-top: 10px;
	display: block;
}
input[value=""買い物かごに入れる""]:not(:target) {
	background-size: cover\9; /* IE9 */
	height: 45px\9;
	width: 250px\9;
}

@media screen and (-ms-high-contrast: active), (-ms-high-contrast: none) {
input[value=""買い物かごに入れる""] {
	background-size: cover;     /* IE10 */
	height: 45px;
	width: 250px;
}
}
input[value=""買い物かごに入れる""]:hover {
	opacity: 0.8;
}
/***「お問合せ」ボタン***/
font input[value=""商品についての問合わせ""] {
	background: url(""http://www.rakuten.ne.jp/gold/kintsu/images/toiawase01.png"") no-repeat;
	/*border: 1px solid #930;*/
	border: 0;
	height: 35px;
	text-indent: -9999px;
	cursor: pointer !important;
	width: 250px;
	margin-top: 10px;
}
font input[value=""商品についての問合わせ""]:hover {
	opacity: 0.7;
}
/***「商品お気に入り」ボタン***/

#rakutenLimitedId_aroundCart div.bkm {
	width: 250px !important;
	height: 35px !important;
}
#rakutenLimitedId_aroundCart div.bkm {
	float: none;
	padding-bottom: 0 !important;
}
#rakutenLimitedId_aroundCart div.bookmarkArea div.bkm a.addBkm span.bkmStar {
	background: url(""http://www.rakuten.ne.jp/gold/kintsu/images/okini01.jpg"") no-repeat scroll 0 0 rgba(0, 0, 0, 0) !important;
	display: inline-block !important;
	height: 35px !important;
	margin: 0 0 10px !important;
	width: 250px !important;
}
/***「店舗お気に入り」ボタン***/

#rakutenLimitedId_aroundCart div.shopBkm {
	float: none !important;
	width: 250px !important;
	height: 35px !important;
}
#rakutenLimitedId_aroundCart div.shopBkm {
	padding-left: 0 !important;
}
#rakutenLimitedId_aroundCart div.shopBookmarkArea div.shopBkm a.addShopBkm span.shopBkmStar {
	background: url(""http://www.rakuten.ne.jp/gold/kintsu/images/okini02.jpg"") no-repeat scroll 0 0 rgba(0, 0, 0, 0) !important;
	display: inline-block !important;
	height: 35px !important;
	margin-right: 0 !important;
	width: 250px !important;
}
#rnkInShopPartsArea {
	margin: 0;
	padding: 0;		
}
#rnkInShopMain {
	margin: 0;
	padding: 0;		
}
</style>

<table width=""630"" border=""0"" cellpadding=""0"" cellspacing=""0"" style=""margin: 0 auto;"">
<tr>
<td valign=""top"" align=""left"">

</td>
</tr>
</table>",urbano v02 ケース 手帳型 ヒョウ柄　レオパード  v02ケース v02ケース v02ケース v02ケース v02ケース v02ケース v02ケース v02ケース v02ケース v02ケース アルバーノ v02 カバー：ケータイ屋24　楽天市場店,スマートフォンアクセサリー携帯ストラップストラップスマホケーススマートフォン ケーススマホピアスイヤホンジャック アクセサリースマートフォンピアスネックストラップスワロフスキー ピアススワロフスキー ストラップスマホカバースマートフォン カバーurbano v02 ケース 手帳型 ヒョウ柄　レオパード  v02ケース v02ケース v02ケース v02ケース v02ケース v02ケース v02ケース v02ケース v02ケース v02ケース アルバーノ v02 カバー,アルバーノ v02 カバー 手帳型。urbano v02 ケース 手帳型 ヒョウ柄　レオパード  v02ケース v02ケース v02ケース v02ケース v02ケース v02ケース v02ケース v02ケース v02ケース v02ケース アルバーノ v02 カバー[rn]
8-90068,http://tshop.r10s.jp/kintsu/cabinet/plus-s/m/v02/ps-v02-0072a.jpg?fitin=700:700,1600.0000,,スマートフォン・タブレット > スマートフォンアクセサリー > スマートフォンケース,urbano v02 ケース カラフルマカロン urbano v02 ケース urbano v02 ケース urbano v02 ケース urbano v02 ケース urbano v02 ケース urbano v02 ケース アルバーノ v02 カバー アルバーノ v02 カバー アルバーノ v02 カバー アルバーノ v02 カバー アルバーノ v02 カバー,V02 ケース カバー 2個以上で送料無料！,"カラフルなマカロン URBANO V02 クリア ケース。裏側が透けているクリアケースなので、スマホ本体のデザインも活かされます♪<br><br><table border=""0"" cellpadding=""2"" cellspacing=""0"" width=""400""><tbody> <tr>
      <td bgcolor=""#cccccc"">　商品特長</td>
    </tr>
    <tr>
      <td><br>
      <font size=""2"">Plus-s(プラスエス)シリーズは、ポリカーボネイト製カバーをベースに、高品質UV硬化型インクにてプリント！商品加工すべてを日本国内の熟練した職人の手作業で行われます。made in japan<br>
      <br>
      しっかりと装着出来、端末を傷から守る事ができる機能性にも優れたケースです。ハードケース素材で、UV硬化型インクにて高品質プリントを施すことにより、高級感ある仕上がりとなっております。<BR>
      <BR>
      ジャケットを装着したままで、イヤホンや充電コネクターの接続、タッチパネルの使用など操作性も確保しております。 <BR>
      <br>
      </font></td>
    </tr>
    <tr>
      <td align=""center"">&nbsp;<img src=""http://image.rakuten.co.jp/kintsu/cabinet/plus-s/explanation_plus-s.jpg"" /><br>
      <br>
      </td>
    </tr>
    <tr><td align=""left"" bgcolor=""cccccc"">　商品説明</td></tr><tr><td align=""left""><br><font size=""2"" color=""#404040"">・スマートフォンケース側面への印刷は入りません。<br>
      ・装着したまま充電可能（卓上ホルダには対応しません）です。<br>
      ・ベースのスマートフォンケースは、複数の仕入れ先より入手しており、入荷時期によって形状が若干変わる事があります。<br>
      </font>
      <hr>
      <font size=""2"" color=""#404040"">素材：ケース本体／ポリカーボネート(クリアケース)<br>
      加工：UV硬化型インク（側面にプリントは入りません）<br>
      対応機種・サイズ：URBANO V02 専用<br>
      </font>
      <hr>
      <font size=""2"" color=""#404040"">※機種本体は含まれておりません。<br>
      ※仕様は予告なく変更する場合がございます。</font></td></tr></tbody></table><style type=""text/css"">
span.unit {
	background: url(http://www.rakuten.ne.jp/gold/kintsu/images/cart_up_send.png) no-repeat left top;
	text-indent: -9999;
	display: block;
	width: 325px;
	height: 80;
	margin: 15px 0;
}
span.choice {
	display: inline-block;
	font-size: 15px;
	margin: 5px auto;
	width: 112px;
}
select[name=""choice""] {
	font-size: 15px;
	max-width: 200px;
}
td.inventory_choice_name {
	background-color: #F7F7F7;
}
/***買い物かごまわり全ボタン・入力欄共通***/
input[value=""買い物かごに入れる""] {
	background: url(""http://www.rakuten.ne.jp/gold/kintsu/images/cart04.png"") no-repeat;
	/*border: 1px solid #930;*/
	border: 0;
	height: 45px;
	text-indent: -9999px;
	cursor: pointer !important;
	width: 250px;
	margin-top: 10px;
	display: block;
}
input[value=""買い物かごに入れる""]:not(:target) {
	background-size: cover\9; /* IE9 */
	height: 45px\9;
	width: 250px\9;
}

@media screen and (-ms-high-contrast: active), (-ms-high-contrast: none) {
input[value=""買い物かごに入れる""] {
	background-size: cover;     /* IE10 */
	height: 45px;
	width: 250px;
}
}
input[value=""買い物かごに入れる""]:hover {
	opacity: 0.8;
}
/***「お問合せ」ボタン***/
font input[value=""商品についての問合わせ""] {
	background: url(""http://www.rakuten.ne.jp/gold/kintsu/images/toiawase01.png"") no-repeat;
	/*border: 1px solid #930;*/
	border: 0;
	height: 35px;
	text-indent: -9999px;
	cursor: pointer !important;
	width: 250px;
	margin-top: 10px;
}
font input[value=""商品についての問合わせ""]:hover {
	opacity: 0.7;
}
/***「商品お気に入り」ボタン***/

#rakutenLimitedId_aroundCart div.bkm {
	width: 250px !important;
	height: 35px !important;
}
#rakutenLimitedId_aroundCart div.bkm {
	float: none;
	padding-bottom: 0 !important;
}
#rakutenLimitedId_aroundCart div.bookmarkArea div.bkm a.addBkm span.bkmStar {
	background: url(""http://www.rakuten.ne.jp/gold/kintsu/images/okini01.jpg"") no-repeat scroll 0 0 rgba(0, 0, 0, 0) !important;
	display: inline-block !important;
	height: 35px !important;
	margin: 0 0 10px !important;
	width: 250px !important;
}
/***「店舗お気に入り」ボタン***/

#rakutenLimitedId_aroundCart div.shopBkm {
	float: none !important;
	width: 250px !important;
	height: 35px !important;
}
#rakutenLimitedId_aroundCart div.shopBkm {
	padding-left: 0 !important;
}
#rakutenLimitedId_aroundCart div.shopBookmarkArea div.shopBkm a.addShopBkm span.shopBkmStar {
	background: url(""http://www.rakuten.ne.jp/gold/kintsu/images/okini02.jpg"") no-repeat scroll 0 0 rgba(0, 0, 0, 0) !important;
	display: inline-block !important;
	height: 35px !important;
	margin-right: 0 !important;
	width: 250px !important;
}
#rnkInShopPartsArea {
	margin: 0;
	padding: 0;		
}
#rnkInShopMain {
	margin: 0;
	padding: 0;		
}
</style>

<table width=""630"" border=""0"" cellpadding=""0"" cellspacing=""0"" style=""margin: 0 auto;"">
<tr>
<td valign=""top"" align=""left"">

</td>
</tr>
</table>",urbano v02 ケース カラフルマカロン urbano v02 ケース urbano v02 ケース urbano v02 ケース urbano v02 ケース urbano v02 ケース urbano v02 ケース アルバーノ v02 カバー アルバーノ v02 カバー アルバーノ v02 カバー アルバーノ v02 カバー アルバーノ v02 カバー：ケータイ屋24　楽天市場店,スマートフォンアクセサリー携帯ストラップストラップスマホケーススマートフォン ケーススマホピアスイヤホンジャック アクセサリースマートフォンピアスネックストラップスワロフスキー ピアススワロフスキー ストラップスマホカバースマートフォン カバーurbano v02 ケース カラフルマカロン urbano v02 ケース urbano v02 ケース urbano v02 ケース urbano v02 ケース urbano v02 ケース urbano v02 ケース アルバーノ v02 カバー アルバーノ v02 カバー アルバーノ v02 カバー アルバーノ v02 カバー アルバーノ v02 カバー,V02 ケース カバー 2個以上で送料無料！。urbano v02 ケース カラフルマカロン urbano v02 ケース urbano v02 ケース urbano v02 ケース urbano v02 ケース urbano v02 ケース urbano v02 ケース アルバーノ v02 カバー アルバーノ v02 カバー アルバーノ v02 カバー アルバーノ v02 カバー アルバーノ v02 カバー[rn]
8-90069,http://tshop.r10s.jp/kintsu/cabinet/plus-s/m/v02/ps-v02-0084a.jpg?fitin=700:700,1600.0000,,スマートフォン・タブレット > スマートフォンアクセサリー > スマートフォンケース,urbano v02 ケース ペイズリー TYPE6 urbano v02 ケース urbano v02 ケース urbano v02 ケース urbano v02 ケース urbano v02 ケース urbano v02 ケース アルバーノ v02 カバー アルバーノ v02 カバー アルバーノ v02 カバー アルバーノ v02 カバー アルバーノ v02 カバー,V02 ケース カバー 2個以上で送料無料！,"ファッションとして人気のある美しいペイズリー柄をプリントしたURBANO V02 クリア ケース。<br><br><table border=""0"" cellpadding=""2"" cellspacing=""0"" width=""400""><tbody> <tr>
      <td bgcolor=""#cccccc"">　商品特長</td>
    </tr>
    <tr>
      <td><br>
      <font size=""2"">Plus-s(プラスエス)シリーズは、ポリカーボネイト製カバーをベースに、高品質UV硬化型インクにてプリント！商品加工すべてを日本国内の熟練した職人の手作業で行われます。made in japan<br>
      <br>
      しっかりと装着出来、端末を傷から守る事ができる機能性にも優れたケースです。ハードケース素材で、UV硬化型インクにて高品質プリントを施すことにより、高級感ある仕上がりとなっております。<BR>
      <BR>
      ジャケットを装着したままで、イヤホンや充電コネクターの接続、タッチパネルの使用など操作性も確保しております。 <BR>
      <br>
      </font></td>
    </tr>
    <tr>
      <td align=""center"">&nbsp;<img src=""http://image.rakuten.co.jp/kintsu/cabinet/plus-s/explanation_plus-s.jpg"" /><br>
      <br>
      </td>
    </tr>
    <tr><td align=""left"" bgcolor=""cccccc"">　商品説明</td></tr><tr><td align=""left""><br><font size=""2"" color=""#404040"">・スマートフォンケース側面への印刷は入りません。<br>
      ・装着したまま充電可能（卓上ホルダには対応しません）です。<br>
      ・ベースのスマートフォンケースは、複数の仕入れ先より入手しており、入荷時期によって形状が若干変わる事があります。<br>
      </font>
      <hr>
      <font size=""2"" color=""#404040"">素材：ケース本体／ポリカーボネート(クリアケース)<br>
      加工：UV硬化型インク（側面にプリントは入りません）<br>
      対応機種・サイズ：URBANO V02 専用<br>
      </font>
      <hr>
      <font size=""2"" color=""#404040"">※機種本体は含まれておりません。<br>
      ※仕様は予告なく変更する場合がございます。</font></td></tr></tbody></table><style type=""text/css"">
span.unit {
	background: url(http://www.rakuten.ne.jp/gold/kintsu/images/cart_up_send.png) no-repeat left top;
	text-indent: -9999;
	display: block;
	width: 325px;
	height: 80;
	margin: 15px 0;
}
span.choice {
	display: inline-block;
	font-size: 15px;
	margin: 5px auto;
	width: 112px;
}
select[name=""choice""] {
	font-size: 15px;
	max-width: 200px;
}
td.inventory_choice_name {
	background-color: #F7F7F7;
}
/***買い物かごまわり全ボタン・入力欄共通***/
input[value=""買い物かごに入れる""] {
	background: url(""http://www.rakuten.ne.jp/gold/kintsu/images/cart04.png"") no-repeat;
	/*border: 1px solid #930;*/
	border: 0;
	height: 45px;
	text-indent: -9999px;
	cursor: pointer !important;
	width: 250px;
	margin-top: 10px;
	display: block;
}
input[value=""買い物かごに入れる""]:not(:target) {
	background-size: cover\9; /* IE9 */
	height: 45px\9;
	width: 250px\9;
}

@media screen and (-ms-high-contrast: active), (-ms-high-contrast: none) {
input[value=""買い物かごに入れる""] {
	background-size: cover;     /* IE10 */
	height: 45px;
	width: 250px;
}
}
input[value=""買い物かごに入れる""]:hover {
	opacity: 0.8;
}
/***「お問合せ」ボタン***/
font input[value=""商品についての問合わせ""] {
	background: url(""http://www.rakuten.ne.jp/gold/kintsu/images/toiawase01.png"") no-repeat;
	/*border: 1px solid #930;*/
	border: 0;
	height: 35px;
	text-indent: -9999px;
	cursor: pointer !important;
	width: 250px;
	margin-top: 10px;
}
font input[value=""商品についての問合わせ""]:hover {
	opacity: 0.7;
}
/***「商品お気に入り」ボタン***/

#rakutenLimitedId_aroundCart div.bkm {
	width: 250px !important;
	height: 35px !important;
}
#rakutenLimitedId_aroundCart div.bkm {
	float: none;
	padding-bottom: 0 !important;
}
#rakutenLimitedId_aroundCart div.bookmarkArea div.bkm a.addBkm span.bkmStar {
	background: url(""http://www.rakuten.ne.jp/gold/kintsu/images/okini01.jpg"") no-repeat scroll 0 0 rgba(0, 0, 0, 0) !important;
	display: inline-block !important;
	height: 35px !important;
	margin: 0 0 10px !important;
	width: 250px !important;
}
/***「店舗お気に入り」ボタン***/

#rakutenLimitedId_aroundCart div.shopBkm {
	float: none !important;
	width: 250px !important;
	height: 35px !important;
}
#rakutenLimitedId_aroundCart div.shopBkm {
	padding-left: 0 !important;
}
#rakutenLimitedId_aroundCart div.shopBookmarkArea div.shopBkm a.addShopBkm span.shopBkmStar {
	background: url(""http://www.rakuten.ne.jp/gold/kintsu/images/okini02.jpg"") no-repeat scroll 0 0 rgba(0, 0, 0, 0) !important;
	display: inline-block !important;
	height: 35px !important;
	margin-right: 0 !important;
	width: 250px !important;
}
#rnkInShopPartsArea {
	margin: 0;
	padding: 0;		
}
#rnkInShopMain {
	margin: 0;
	padding: 0;		
}
</style>

<table width=""630"" border=""0"" cellpadding=""0"" cellspacing=""0"" style=""margin: 0 auto;"">
<tr>
<td valign=""top"" align=""left"">

</td>
</tr>
</table>",urbano v02 ケース ペイズリー TYPE6 urbano v02 ケース urbano v02 ケース urbano v02 ケース urbano v02 ケース urbano v02 ケース urbano v02 ケース アルバーノ v02 カバー アルバーノ v02 カバー アルバーノ v02 カバー アルバーノ v02 カバー アルバーノ v02 カバー：ケータイ屋24　楽天市場店,スマートフォンアクセサリー携帯ストラップストラップスマホケーススマートフォン ケーススマホピアスイヤホンジャック アクセサリースマートフォンピアスネックストラップスワロフスキー ピアススワロフスキー ストラップスマホカバースマートフォン カバーurbano v02 ケース ペイズリー TYPE6 urbano v02 ケース urbano v02 ケース urbano v02 ケース urbano v02 ケース urbano v02 ケース urbano v02 ケース アルバーノ v02 カバー アルバーノ v02 カバー アルバーノ v02 カバー アルバーノ v02 カバー アルバーノ v02 カバー,V02 ケース カバー 2個以上で送料無料！。urbano v02 ケース ペイズリー TYPE6 urbano v02 ケース urbano v02 ケース urbano v02 ケース urbano v02 ケース urbano v02 ケース urbano v02 ケース アルバーノ v02 カバー アルバーノ v02 カバー アルバーノ v02 カバー アルバーノ v02 カバー アルバーノ v02 カバー[rn]
8-90070,http://tshop.r10s.jp/kintsu/cabinet/plus-s/m/v02/ps-v02-0329a.jpg?fitin=700:700,1600.0000,,スマートフォン・タブレット > スマートフォンアクセサリー > スマートフォンケース,urbano v02 ケース ポップ・スター 星 SPACE カラー urbano v02 ケース urbano v02 ケース urbano v02 ケース urbano v02 ケース urbano v02 ケース urbano v02 ケース アルバーノ v02 カバー アルバーノ v02 カバー アルバーノ v02 カバー アルバーノ v02 カバー,V02 ケース カバー 2個以上で送料無料！,"輝くポップな星たち。隠れ人口衛星と隠れUFOがも紛れこんでいます。 URBANO V02 クリア ケース。種類も豊富♪<br><br><table border=""0"" cellpadding=""2"" cellspacing=""0"" width=""400""><tbody> <tr>
      <td bgcolor=""#cccccc"">　商品特長</td>
    </tr>
    <tr>
      <td><br>
      <font size=""2"">Plus-s(プラスエス)シリーズは、ポリカーボネイト製カバーをベースに、高品質UV硬化型インクにてプリント！商品加工すべてを日本国内の熟練した職人の手作業で行われます。made in japan<br>
      <br>
      しっかりと装着出来、端末を傷から守る事ができる機能性にも優れたケースです。ハードケース素材で、UV硬化型インクにて高品質プリントを施すことにより、高級感ある仕上がりとなっております。<BR>
      <BR>
      ジャケットを装着したままで、イヤホンや充電コネクターの接続、タッチパネルの使用など操作性も確保しております。 <BR>
      <br>
      </font></td>
    </tr>
    <tr>
      <td align=""center"">&nbsp;<img src=""http://image.rakuten.co.jp/kintsu/cabinet/plus-s/explanation_plus-s.jpg"" /><br>
      <br>
      </td>
    </tr>
    <tr><td align=""left"" bgcolor=""cccccc"">　商品説明</td></tr><tr><td align=""left""><br><font size=""2"" color=""#404040"">・スマートフォンケース側面への印刷は入りません。<br>
      ・装着したまま充電可能（卓上ホルダには対応しません）です。<br>
      ・ベースのスマートフォンケースは、複数の仕入れ先より入手しており、入荷時期によって形状が若干変わる事があります。<br>
      </font>
      <hr>
      <font size=""2"" color=""#404040"">素材：ケース本体／ポリカーボネート(クリアケース)<br>
      加工：UV硬化型インク（側面にプリントは入りません）<br>
      対応機種・サイズ：URBANO V02 専用<br>
      </font>
      <hr>
      <font size=""2"" color=""#404040"">※機種本体は含まれておりません。<br>
      ※仕様は予告なく変更する場合がございます。</font></td></tr></tbody></table><style type=""text/css"">
span.unit {
	background: url(http://www.rakuten.ne.jp/gold/kintsu/images/cart_up_send.png) no-repeat left top;
	text-indent: -9999;
	display: block;
	width: 325px;
	height: 80;
	margin: 15px 0;
}
span.choice {
	display: inline-block;
	font-size: 15px;
	margin: 5px auto;
	width: 112px;
}
select[name=""choice""] {
	font-size: 15px;
	max-width: 200px;
}
td.inventory_choice_name {
	background-color: #F7F7F7;
}
/***買い物かごまわり全ボタン・入力欄共通***/
input[value=""買い物かごに入れる""] {
	background: url(""http://www.rakuten.ne.jp/gold/kintsu/images/cart04.png"") no-repeat;
	/*border: 1px solid #930;*/
	border: 0;
	height: 45px;
	text-indent: -9999px;
	cursor: pointer !important;
	width: 250px;
	margin-top: 10px;
	display: block;
}
input[value=""買い物かごに入れる""]:not(:target) {
	background-size: cover\9; /* IE9 */
	height: 45px\9;
	width: 250px\9;
}

@media screen and (-ms-high-contrast: active), (-ms-high-contrast: none) {
input[value=""買い物かごに入れる""] {
	background-size: cover;     /* IE10 */
	height: 45px;
	width: 250px;
}
}
input[value=""買い物かごに入れる""]:hover {
	opacity: 0.8;
}
/***「お問合せ」ボタン***/
font input[value=""商品についての問合わせ""] {
	background: url(""http://www.rakuten.ne.jp/gold/kintsu/images/toiawase01.png"") no-repeat;
	/*border: 1px solid #930;*/
	border: 0;
	height: 35px;
	text-indent: -9999px;
	cursor: pointer !important;
	width: 250px;
	margin-top: 10px;
}
font input[value=""商品についての問合わせ""]:hover {
	opacity: 0.7;
}
/***「商品お気に入り」ボタン***/

#rakutenLimitedId_aroundCart div.bkm {
	width: 250px !important;
	height: 35px !important;
}
#rakutenLimitedId_aroundCart div.bkm {
	float: none;
	padding-bottom: 0 !important;
}
#rakutenLimitedId_aroundCart div.bookmarkArea div.bkm a.addBkm span.bkmStar {
	background: url(""http://www.rakuten.ne.jp/gold/kintsu/images/okini01.jpg"") no-repeat scroll 0 0 rgba(0, 0, 0, 0) !important;
	display: inline-block !important;
	height: 35px !important;
	margin: 0 0 10px !important;
	width: 250px !important;
}
/***「店舗お気に入り」ボタン***/

#rakutenLimitedId_aroundCart div.shopBkm {
	float: none !important;
	width: 250px !important;
	height: 35px !important;
}
#rakutenLimitedId_aroundCart div.shopBkm {
	padding-left: 0 !important;
}
#rakutenLimitedId_aroundCart div.shopBookmarkArea div.shopBkm a.addShopBkm span.shopBkmStar {
	background: url(""http://www.rakuten.ne.jp/gold/kintsu/images/okini02.jpg"") no-repeat scroll 0 0 rgba(0, 0, 0, 0) !important;
	display: inline-block !important;
	height: 35px !important;
	margin-right: 0 !important;
	width: 250px !important;
}
#rnkInShopPartsArea {
	margin: 0;
	padding: 0;		
}
#rnkInShopMain {
	margin: 0;
	padding: 0;		
}
</style>

<table width=""630"" border=""0"" cellpadding=""0"" cellspacing=""0"" style=""margin: 0 auto;"">
<tr>
<td valign=""top"" align=""left"">

</td>
</tr>
</table>",urbano v02 ケース ポップ・スター 星 SPACE カラー urbano v02 ケース urbano v02 ケース urbano v02 ケース urbano v02 ケース urbano v02 ケース urbano v02 ケース アルバーノ v02 カバー アルバーノ v02 カバー アルバーノ v02 カバー アルバーノ v02 カバー：ケータイ屋24　楽天市場店,スマートフォンアクセサリー携帯ストラップストラップスマホケーススマートフォン ケーススマホピアスイヤホンジャック アクセサリースマートフォンピアスネックストラップスワロフスキー ピアススワロフスキー ストラップスマホカバースマートフォン カバーurbano v02 ケース ポップ・スター 星 SPACE カラー urbano v02 ケース urbano v02 ケース urbano v02 ケース urbano v02 ケース urbano v02 ケース urbano v02 ケース アルバーノ v02 カバー アルバーノ v02 カバー アルバーノ v02 カバー アルバーノ v02 カバー,V02 ケース カバー 2個以上で送料無料！。urbano v02 ケース ポップ・スター 星 SPACE カラー urbano v02 ケース urbano v02 ケース urbano v02 ケース urbano v02 ケース urbano v02 ケース urbano v02 ケース アルバーノ v02 カバー アルバーノ v02 カバー アルバーノ v02 カバー アルバーノ v02 カバー[rn]
8-90071,http://tshop.r10s.jp/kintsu/cabinet/plus-s/diary/plus-diary-icd0038a2.jpg?fitin=700:700,1836.8000,,スマートフォン・タブレット > スマートフォンアクセサリー > スマートフォンケース,URBANO V02 手帳型ケース v02 手帳型ケース アルバーノ ケース 手帳型 バス ロンドン 車 カバー v02ケース v02カバー au ケース カバー おしゃれ かわいい 手帳型スマホケース スマホケース スマホカバー,V02 ケース 手帳型 スマホケース 手帳ケース☆,"<font color=""#ff0000""><b>※ 画像はイメージです。<br>
機種やカメラの位置等によって、デザインの見え方が異ったり<br>絵柄が切れる場合がございます。
<br>
予めご了承ください。</b></font><br><br>
まるでロンドンバスのような 手帳型 ダイアリーケース。バラエティも豊富☆ URBANO V02ケース<br>
<br><table border=""0"" cellpadding=""2"" cellspacing=""0"" width=""400""><tbody> <tr>
      <td bgcolor=""#cccccc"">　商品特長</td>
    </tr>
    <tr>
      <td><br>
      <font size=""2"">Plus-s(プラスエス)シリーズは、手帳型カバーをベースに、高品質UV硬化型インクにてプリント！商品加工すべてを日本国内の熟練した職人の手作業で行われます。made in japan<br>
      <br>
      しっかりと装着出来、端末を傷から守る事ができる機能性にも優れたケースです。合皮素材で、UV硬化型インクにて高品質プリントを施すことにより、高級感ある仕上がりとなっております。<BR>
      <br>
      </font></td>
    </tr>
    <tr>
      <td align=""center"">&nbsp;<img src=""http://image.rakuten.co.jp/kintsu/cabinet/plus-s/explanation_plus-s.jpg"" /><br>
      <br>
      </td>
    </tr>
    <tr><td align=""left"" bgcolor=""cccccc"">　商品説明</td></tr><tr><td align=""left""><br><font size=""2"" color=""#404040"">
      ・装着したまま充電可能（一部非対応）（卓上ホルダには対応しません）<br>
      ・ベースの手帳型ケースは、複数の仕入れ先より入手しており、入荷時期によって形状が若干変わる事があります。<br>
      </font>
      <hr>
      <font size=""2"" color=""#404040"">素材：手帳ケース本体／合皮　<br>ハードケース／ポリカーボネート(ブラックケース)<br>
      加工：UV硬化型インク<br>
      対応機種：URBANO V02<br>
      </font>
      <hr>
      <font size=""2"" color=""#404040"">※機種本体は含まれておりません。<br>
      ※仕様は予告なく変更する場合がございます。
<br>
      ※ 実物の色に近づけるように努めていますが、ご利用のモニター、PCやスマートフォンの環境により掲載写真の色が実物の色と違って見える場合がございます。
</font></td></tr></tbody></table><style type=""text/css"">
span.unit {
	background: url(http://www.rakuten.ne.jp/gold/kintsu/images/cart_up_send.png) no-repeat left top;
	text-indent: -9999;
	display: block;
	width: 325px;
	height: 80;
	margin: 15px 0;
}
span.choice {
	display: inline-block;
	font-size: 15px;
	margin: 5px auto;
	width: 112px;
}
select[name=""choice""] {
	font-size: 15px;
	max-width: 200px;
}
td.inventory_choice_name {
	background-color: #F7F7F7;
}
/***買い物かごまわり全ボタン・入力欄共通***/
input[value=""買い物かごに入れる""] {
	background: url(""http://www.rakuten.ne.jp/gold/kintsu/images/cart04.png"") no-repeat;
	/*border: 1px solid #930;*/
	border: 0;
	height: 45px;
	text-indent: -9999px;
	cursor: pointer !important;
	width: 250px;
	margin-top: 10px;
	display: block;
}
input[value=""買い物かごに入れる""]:not(:target) {
	background-size: cover\9; /* IE9 */
	height: 45px\9;
	width: 250px\9;
}

@media screen and (-ms-high-contrast: active), (-ms-high-contrast: none) {
input[value=""買い物かごに入れる""] {
	background-size: cover;     /* IE10 */
	height: 45px;
	width: 250px;
}
}
input[value=""買い物かごに入れる""]:hover {
	opacity: 0.8;
}
/***「お問合せ」ボタン***/
font input[value=""商品についての問合わせ""] {
	background: url(""http://www.rakuten.ne.jp/gold/kintsu/images/toiawase01.png"") no-repeat;
	/*border: 1px solid #930;*/
	border: 0;
	height: 35px;
	text-indent: -9999px;
	cursor: pointer !important;
	width: 250px;
	margin-top: 10px;
}
font input[value=""商品についての問合わせ""]:hover {
	opacity: 0.7;
}
/***「商品お気に入り」ボタン***/

#rakutenLimitedId_aroundCart div.bkm {
	width: 250px !important;
	height: 35px !important;
}
#rakutenLimitedId_aroundCart div.bkm {
	float: none;
	padding-bottom: 0 !important;
}
#rakutenLimitedId_aroundCart div.bookmarkArea div.bkm a.addBkm span.bkmStar {
	background: url(""http://www.rakuten.ne.jp/gold/kintsu/images/okini01.jpg"") no-repeat scroll 0 0 rgba(0, 0, 0, 0) !important;
	display: inline-block !important;
	height: 35px !important;
	margin: 0 0 10px !important;
	width: 250px !important;
}
/***「店舗お気に入り」ボタン***/

#rakutenLimitedId_aroundCart div.shopBkm {
	float: none !important;
	width: 250px !important;
	height: 35px !important;
}
#rakutenLimitedId_aroundCart div.shopBkm {
	padding-left: 0 !important;
}
#rakutenLimitedId_aroundCart div.shopBookmarkArea div.shopBkm a.addShopBkm span.shopBkmStar {
	background: url(""http://www.rakuten.ne.jp/gold/kintsu/images/okini02.jpg"") no-repeat scroll 0 0 rgba(0, 0, 0, 0) !important;
	display: inline-block !important;
	height: 35px !important;
	margin-right: 0 !important;
	width: 250px !important;
}
#rnkInShopPartsArea {
	margin: 0;
	padding: 0;		
}
#rnkInShopMain {
	margin: 0;
	padding: 0;		
}
</style>

<table width=""630"" border=""0"" cellpadding=""0"" cellspacing=""0"" style=""margin: 0 auto;"">
<tr>
<td valign=""top"" align=""left"">

</td>
</tr>
</table>",URBANO V02 手帳型ケース v02 手帳型ケース アルバーノ ケース 手帳型 バス ロンドン 車 カバー v02ケース v02カバー au ケース カバー おしゃれ かわいい 手帳型スマホケース スマホケース スマホカバー：ケータイ屋24　楽天市場店,スマートフォンアクセサリー携帯ストラップストラップスマホケーススマートフォン ケーススマホピアスイヤホンジャック アクセサリースマートフォンピアスネックストラップスワロフスキー ピアススワロフスキー ストラップスマホカバースマートフォン カバーURBANO V02 手帳型ケース v02 手帳型ケース アルバーノ ケース 手帳型 バス ロンドン 車 カバー v02ケース v02カバー au ケース カバー おしゃれ かわいい 手帳型スマホケース スマホケース スマホカバー,V02 ケース 手帳型 スマホケース 手帳ケース☆。URBANO V02 手帳型ケース v02 手帳型ケース アルバーノ ケース 手帳型 バス ロンドン 車 カバー v02ケース v02カバー au ケース カバー おしゃれ かわいい 手帳型スマホケース スマホケース スマホカバー[rn]
8-90072,http://tshop.r10s.jp/kintsu/cabinet/plus-s/diary/plus-diary-1035a2.jpg?fitin=700:700,1836.8000,,スマートフォン・タブレット > スマートフォンアクセサリー > スマートフォンケース,urbano v02 ケース 手帳型 和柄 枝垂桜  v02ケース v02ケース v02ケース v02ケース v02ケース v02ケース v02ケース v02ケース v02ケース v02ケース アルバーノ v02 カバー,アルバーノ v02 カバー 手帳型,"<font color=""#ff0000""><b>※ 画像はイメージです。<br>
機種やカメラの位置等によって、デザインの見え方が異ったり<br>絵柄が切れる場合がございます。
<br>
予めご了承ください。</b></font><br><br>
美しい枝垂桜 プリントした手帳型 ダイアリーケース。バラエティも豊富☆ URBANO V02ケース<br>
<br><table border=""0"" cellpadding=""2"" cellspacing=""0"" width=""400""><tbody> <tr>
      <td bgcolor=""#cccccc"">　商品特長</td>
    </tr>
    <tr>
      <td><br>
      <font size=""2"">Plus-s(プラスエス)シリーズは、手帳型製カバーをベースに、高品質UV硬化型インクにてプリント！商品加工すべてを日本国内の熟練した職人の手作業で行われます。made in japan<br>
      <br>
      しっかりと装着出来、端末を傷から守る事ができる機能性にも優れたケースです。合皮素材で、UV硬化型インクにて高品質プリントを施すことにより、高級感ある仕上がりとなっております。<BR>
      <br>
      </font></td>
    </tr>
    <tr>
      <td align=""center"">&nbsp;<img src=""http://image.rakuten.co.jp/kintsu/cabinet/plus-s/explanation_plus-s.jpg"" /><br>
      <br>
      </td>
    </tr>
    <tr><td align=""left"" bgcolor=""cccccc"">　商品説明</td></tr><tr><td align=""left""><br><font size=""2"" color=""#404040"">
      ・装着したまま充電可能（一部非対応）（卓上ホルダには対応しません）<br>
      ・ベースの手帳型ケースは、複数の仕入れ先より入手しており、入荷時期によって形状が若干変わる事があります。<br>
      </font>
      <hr>
      <font size=""2"" color=""#404040"">素材：手帳ケース本体／合皮　<br>ハードケース／ポリカーボネート(ブラックケース)<br>
      加工：UV硬化型インク<br>
      対応機種：URBANO V02<br>
      </font>
      <hr>
      <font size=""2"" color=""#404040"">※機種本体は含まれておりません。<br>
      ※仕様は予告なく変更する場合がございます。
<br>
      ※実物の色に近づけるように努めていますが、ご利用のモニター、PCやスマートフォンの環境により掲載写真の色が実物の色と違って見える場合がございます。
</font></td></tr></tbody></table><style type=""text/css"">
span.unit {
	background: url(http://www.rakuten.ne.jp/gold/kintsu/images/cart_up_send.png) no-repeat left top;
	text-indent: -9999;
	display: block;
	width: 325px;
	height: 80;
	margin: 15px 0;
}
span.choice {
	display: inline-block;
	font-size: 15px;
	margin: 5px auto;
	width: 112px;
}
select[name=""choice""] {
	font-size: 15px;
	max-width: 200px;
}
td.inventory_choice_name {
	background-color: #F7F7F7;
}
/***買い物かごまわり全ボタン・入力欄共通***/
input[value=""買い物かごに入れる""] {
	background: url(""http://www.rakuten.ne.jp/gold/kintsu/images/cart04.png"") no-repeat;
	/*border: 1px solid #930;*/
	border: 0;
	height: 45px;
	text-indent: -9999px;
	cursor: pointer !important;
	width: 250px;
	margin-top: 10px;
	display: block;
}
input[value=""買い物かごに入れる""]:not(:target) {
	background-size: cover\9; /* IE9 */
	height: 45px\9;
	width: 250px\9;
}

@media screen and (-ms-high-contrast: active), (-ms-high-contrast: none) {
input[value=""買い物かごに入れる""] {
	background-size: cover;     /* IE10 */
	height: 45px;
	width: 250px;
}
}
input[value=""買い物かごに入れる""]:hover {
	opacity: 0.8;
}
/***「お問合せ」ボタン***/
font input[value=""商品についての問合わせ""] {
	background: url(""http://www.rakuten.ne.jp/gold/kintsu/images/toiawase01.png"") no-repeat;
	/*border: 1px solid #930;*/
	border: 0;
	height: 35px;
	text-indent: -9999px;
	cursor: pointer !important;
	width: 250px;
	margin-top: 10px;
}
font input[value=""商品についての問合わせ""]:hover {
	opacity: 0.7;
}
/***「商品お気に入り」ボタン***/

#rakutenLimitedId_aroundCart div.bkm {
	width: 250px !important;
	height: 35px !important;
}
#rakutenLimitedId_aroundCart div.bkm {
	float: none;
	padding-bottom: 0 !important;
}
#rakutenLimitedId_aroundCart div.bookmarkArea div.bkm a.addBkm span.bkmStar {
	background: url(""http://www.rakuten.ne.jp/gold/kintsu/images/okini01.jpg"") no-repeat scroll 0 0 rgba(0, 0, 0, 0) !important;
	display: inline-block !important;
	height: 35px !important;
	margin: 0 0 10px !important;
	width: 250px !important;
}
/***「店舗お気に入り」ボタン***/

#rakutenLimitedId_aroundCart div.shopBkm {
	float: none !important;
	width: 250px !important;
	height: 35px !important;
}
#rakutenLimitedId_aroundCart div.shopBkm {
	padding-left: 0 !important;
}
#rakutenLimitedId_aroundCart div.shopBookmarkArea div.shopBkm a.addShopBkm span.shopBkmStar {
	background: url(""http://www.rakuten.ne.jp/gold/kintsu/images/okini02.jpg"") no-repeat scroll 0 0 rgba(0, 0, 0, 0) !important;
	display: inline-block !important;
	height: 35px !important;
	margin-right: 0 !important;
	width: 250px !important;
}
#rnkInShopPartsArea {
	margin: 0;
	padding: 0;		
}
#rnkInShopMain {
	margin: 0;
	padding: 0;		
}
</style>

<table width=""630"" border=""0"" cellpadding=""0"" cellspacing=""0"" style=""margin: 0 auto;"">
<tr>
<td valign=""top"" align=""left"">

</td>
</tr>
</table>",urbano v02 ケース 手帳型 和柄 枝垂桜  v02ケース v02ケース v02ケース v02ケース v02ケース v02ケース v02ケース v02ケース v02ケース v02ケース アルバーノ v02 カバー：ケータイ屋24　楽天市場店,スマートフォンアクセサリー携帯ストラップストラップスマホケーススマートフォン ケーススマホピアスイヤホンジャック アクセサリースマートフォンピアスネックストラップスワロフスキー ピアススワロフスキー ストラップスマホカバースマートフォン カバーurbano v02 ケース 手帳型 和柄 枝垂桜  v02ケース v02ケース v02ケース v02ケース v02ケース v02ケース v02ケース v02ケース v02ケース v02ケース アルバーノ v02 カバー,アルバーノ v02 カバー 手帳型。urbano v02 ケース 手帳型 和柄 枝垂桜  v02ケース v02ケース v02ケース v02ケース v02ケース v02ケース v02ケース v02ケース v02ケース v02ケース アルバーノ v02 カバー[rn]
8-90073,http://tshop.r10s.jp/kintsu/cabinet/plus-s/m/v02/ps-v02-0361a.jpg?fitin=700:700,1600.0000,,スマートフォン・タブレット > スマートフォンアクセサリー > スマートフォンケース,urbano v02 ケース 透ける迷彩柄 カムフラージュ クリア urbano v02 ケース urbano v02 ケース urbano v02 ケース urbano v02 ケース urbano v02 ケース urbano v02 ケース アルバーノ v02 カバー アルバーノ v02 カバー アルバーノ v02 カバー アルバーノ v02 カバー,V02 ケース カバー 2個以上で送料無料！,"実機の色によって表情が変わる迷彩模様の URBANO V02 クリア ケース。裏側が透けるデザインなので、機種本体のデザインが活かされます♪<br><br>
<table border=""0"" cellpadding=""2"" cellspacing=""0"" width=""400"">
 <tbody>
  <tr>
   <td bgcolor=""#cccccc"">　商品特長</td>
  </tr>
  <tr>
   <td><br><font size=""2"">Plus-s(プラスエス)シリーズは、ポリカーボネイト製カバーをベースに、高品質UV硬化型インクにてプリント！商品加工すべてを日本国内の熟練した職人の手作業で行われます。made in japan<br><br>しっかりと装着出来、端末を傷から守る事ができる機能性にも優れたケースです。ハードケース素材で、UV硬化型インクにて高品質プリントを施すことにより、高級感ある仕上がりとなっております。<BR><BR>ジャケットを装着したままで、イヤホンや充電コネクターの接続、タッチパネルの使用など操作性も確保しております。<BR><br></font>
   </td>
  </tr>
  <tr>
   <td align=""center"">&nbsp;<img src=""http://image.rakuten.co.jp/kintsu/cabinet/plus-s/explanation_plus-s.jpg"" /><br><br>
   </td>
  </tr>
  <tr>
   <td align=""left"" bgcolor=""cccccc"">　商品説明</td></tr><tr><td align=""left""><br><font size=""2"" color=""#404040"">・スマートフォンケース側面への印刷は入りません。<br>
      ・装着したまま充電可能（卓上ホルダには対応しません）です。<br>
      ・ベースのスマートフォンケースは、複数の仕入れ先より入手しており、入荷時期によって形状が若干変わる事があります。<br></font>
    <hr>
     <font size=""2"" color=""#404040"">素材：ケース本体／ポリカーボネート(クリアケース)<br>加工：UV硬化型インク（側面にプリントは入りません）<br>対応機種・サイズ：URBANO V02 専用<br></font>
    <hr>
     <font size=""2"" color=""#404040"">※機種本体は含まれておりません。<br>※仕様は予告なく変更する場合がございます。</font>
   </td>
  </tr>
 </tbody>
</table><style type=""text/css"">
span.unit {
	background: url(http://www.rakuten.ne.jp/gold/kintsu/images/cart_up_send.png) no-repeat left top;
	text-indent: -9999;
	display: block;
	width: 325px;
	height: 80;
	margin: 15px 0;
}
span.choice {
	display: inline-block;
	font-size: 15px;
	margin: 5px auto;
	width: 112px;
}
select[name=""choice""] {
	font-size: 15px;
	max-width: 200px;
}
td.inventory_choice_name {
	background-color: #F7F7F7;
}
/***買い物かごまわり全ボタン・入力欄共通***/
input[value=""買い物かごに入れる""] {
	background: url(""http://www.rakuten.ne.jp/gold/kintsu/images/cart04.png"") no-repeat;
	/*border: 1px solid #930;*/
	border: 0;
	height: 45px;
	text-indent: -9999px;
	cursor: pointer !important;
	width: 250px;
	margin-top: 10px;
	display: block;
}
input[value=""買い物かごに入れる""]:not(:target) {
	background-size: cover\9; /* IE9 */
	height: 45px\9;
	width: 250px\9;
}

@media screen and (-ms-high-contrast: active), (-ms-high-contrast: none) {
input[value=""買い物かごに入れる""] {
	background-size: cover;     /* IE10 */
	height: 45px;
	width: 250px;
}
}
input[value=""買い物かごに入れる""]:hover {
	opacity: 0.8;
}
/***「お問合せ」ボタン***/
font input[value=""商品についての問合わせ""] {
	background: url(""http://www.rakuten.ne.jp/gold/kintsu/images/toiawase01.png"") no-repeat;
	/*border: 1px solid #930;*/
	border: 0;
	height: 35px;
	text-indent: -9999px;
	cursor: pointer !important;
	width: 250px;
	margin-top: 10px;
}
font input[value=""商品についての問合わせ""]:hover {
	opacity: 0.7;
}
/***「商品お気に入り」ボタン***/

#rakutenLimitedId_aroundCart div.bkm {
	width: 250px !important;
	height: 35px !important;
}
#rakutenLimitedId_aroundCart div.bkm {
	float: none;
	padding-bottom: 0 !important;
}
#rakutenLimitedId_aroundCart div.bookmarkArea div.bkm a.addBkm span.bkmStar {
	background: url(""http://www.rakuten.ne.jp/gold/kintsu/images/okini01.jpg"") no-repeat scroll 0 0 rgba(0, 0, 0, 0) !important;
	display: inline-block !important;
	height: 35px !important;
	margin: 0 0 10px !important;
	width: 250px !important;
}
/***「店舗お気に入り」ボタン***/

#rakutenLimitedId_aroundCart div.shopBkm {
	float: none !important;
	width: 250px !important;
	height: 35px !important;
}
#rakutenLimitedId_aroundCart div.shopBkm {
	padding-left: 0 !important;
}
#rakutenLimitedId_aroundCart div.shopBookmarkArea div.shopBkm a.addShopBkm span.shopBkmStar {
	background: url(""http://www.rakuten.ne.jp/gold/kintsu/images/okini02.jpg"") no-repeat scroll 0 0 rgba(0, 0, 0, 0) !important;
	display: inline-block !important;
	height: 35px !important;
	margin-right: 0 !important;
	width: 250px !important;
}
#rnkInShopPartsArea {
	margin: 0;
	padding: 0;		
}
#rnkInShopMain {
	margin: 0;
	padding: 0;		
}
</style>

<table width=""630"" border=""0"" cellpadding=""0"" cellspacing=""0"" style=""margin: 0 auto;"">
<tr>
<td valign=""top"" align=""left"">

</td>
</tr>
</table>",urbano v02 ケース 透ける迷彩柄 カムフラージュ クリア urbano v02 ケース urbano v02 ケース urbano v02 ケース urbano v02 ケース urbano v02 ケース urbano v02 ケース アルバーノ v02 カバー アルバーノ v02 カバー アルバーノ v02 カバー アルバーノ v02 カバー：ケータイ屋24　楽天市場店,スマートフォンアクセサリー携帯ストラップストラップスマホケーススマートフォン ケーススマホピアスイヤホンジャック アクセサリースマートフォンピアスネックストラップスワロフスキー ピアススワロフスキー ストラップスマホカバースマートフォン カバーurbano v02 ケース 透ける迷彩柄 カムフラージュ クリア urbano v02 ケース urbano v02 ケース urbano v02 ケース urbano v02 ケース urbano v02 ケース urbano v02 ケース アルバーノ v02 カバー アルバーノ v02 カバー アルバーノ v02 カバー アルバーノ v02 カバー,V02 ケース カバー 2個以上で送料無料！。urbano v02 ケース 透ける迷彩柄 カムフラージュ クリア urbano v02 ケース urbano v02 ケース urbano v02 ケース urbano v02 ケース urbano v02 ケース urbano v02 ケース アルバーノ v02 カバー アルバーノ v02 カバー アルバーノ v02 カバー アルバーノ v02 カバー[rn]
8-90074,http://tshop.r10s.jp/kintsu/cabinet/plus-s/diary/plus-diary-tmd0009a2.jpg?fitin=700:700,2207.2000,,スマートフォン・タブレット > スマートフォンアクセサリー > スマートフォンケース,URBANO V02 手帳型ケース v02 手帳型ケース アルバーノ ケース 手帳型 デコパーツ 唇 リップ カバー v02ケース v02カバー au ケース カバー おしゃれ かわいい 手帳型スマホケース スマホケース スマホカバー,V02 ケース 手帳型 スマホケース 手帳ケース☆,"<font color=""#ff0000""><b>※ 画像はイメージです。<br>
機種やカメラの位置等によって、デザインの見え方が異ったり<br>絵柄が切れる場合がございます。
<br>
予めご了承ください。</b></font><br><br>
立体的なルージュデコレーションが大人可愛い 手帳型 ダイアリーケース。バラエティも豊富☆ URBANO V02ケース<br>
<br><table border=""0"" cellpadding=""2"" cellspacing=""0"" width=""400""><tbody> <tr>
      <td bgcolor=""#cccccc"">　商品特長</td>
    </tr>
    <tr>
      <td><br>
      <font size=""2"">Plus-s(プラスエス)シリーズは、手帳型カバーをベースに、高品質UV硬化型インクにてプリント！商品加工すべてを日本国内の熟練した職人の手作業で行われます。made in japan<br>
      <br>
      しっかりと装着出来、端末を傷から守る事ができる機能性にも優れたケースです。合皮素材で、UV硬化型インクにて高品質プリントを施すことにより、高級感ある仕上がりとなっております。<BR>
      <br>
      </font></td>
    </tr>
    <tr>
      <td align=""center"">&nbsp;<img src=""http://image.rakuten.co.jp/kintsu/cabinet/plus-s/explanation_plus-s.jpg"" /><br>
      <br>
      </td>
    </tr>
    <tr><td align=""left"" bgcolor=""cccccc"">　商品説明</td></tr><tr><td align=""left""><br><font size=""2"" color=""#404040"">
      ・装着したまま充電可能（一部非対応）（卓上ホルダには対応しません）<br>
      ・ベースの手帳型ケースは、複数の仕入れ先より入手しており、入荷時期によって形状が若干変わる事があります。<br>
      </font>
      <hr>
      <font size=""2"" color=""#404040"">素材：手帳ケース本体／合皮　<br>ハードケース／ポリカーボネート(ブラックケース)<br>
      加工：UV硬化型インク<br>
      対応機種：URBANO V02<br>
      </font>
      <hr>
      <font size=""2"" color=""#404040"">※機種本体は含まれておりません。<br>
      ※仕様は予告なく変更する場合がございます。
<br>
      ※ 実物の色に近づけるように努めていますが、ご利用のモニター、PCやスマートフォンの環境により掲載写真の色が実物の色と違って見える場合がございます。
</font></td></tr></tbody></table><style type=""text/css"">
span.unit {
	background: url(http://www.rakuten.ne.jp/gold/kintsu/images/cart_up_send.png) no-repeat left top;
	text-indent: -9999;
	display: block;
	width: 325px;
	height: 80;
	margin: 15px 0;
}
span.choice {
	display: inline-block;
	font-size: 15px;
	margin: 5px auto;
	width: 112px;
}
select[name=""choice""] {
	font-size: 15px;
	max-width: 200px;
}
td.inventory_choice_name {
	background-color: #F7F7F7;
}
/***買い物かごまわり全ボタン・入力欄共通***/
input[value=""買い物かごに入れる""] {
	background: url(""http://www.rakuten.ne.jp/gold/kintsu/images/cart04.png"") no-repeat;
	/*border: 1px solid #930;*/
	border: 0;
	height: 45px;
	text-indent: -9999px;
	cursor: pointer !important;
	width: 250px;
	margin-top: 10px;
	display: block;
}
input[value=""買い物かごに入れる""]:not(:target) {
	background-size: cover\9; /* IE9 */
	height: 45px\9;
	width: 250px\9;
}

@media screen and (-ms-high-contrast: active), (-ms-high-contrast: none) {
input[value=""買い物かごに入れる""] {
	background-size: cover;     /* IE10 */
	height: 45px;
	width: 250px;
}
}
input[value=""買い物かごに入れる""]:hover {
	opacity: 0.8;
}
/***「お問合せ」ボタン***/
font input[value=""商品についての問合わせ""] {
	background: url(""http://www.rakuten.ne.jp/gold/kintsu/images/toiawase01.png"") no-repeat;
	/*border: 1px solid #930;*/
	border: 0;
	height: 35px;
	text-indent: -9999px;
	cursor: pointer !important;
	width: 250px;
	margin-top: 10px;
}
font input[value=""商品についての問合わせ""]:hover {
	opacity: 0.7;
}
/***「商品お気に入り」ボタン***/

#rakutenLimitedId_aroundCart div.bkm {
	width: 250px !important;
	height: 35px !important;
}
#rakutenLimitedId_aroundCart div.bkm {
	float: none;
	padding-bottom: 0 !important;
}
#rakutenLimitedId_aroundCart div.bookmarkArea div.bkm a.addBkm span.bkmStar {
	background: url(""http://www.rakuten.ne.jp/gold/kintsu/images/okini01.jpg"") no-repeat scroll 0 0 rgba(0, 0, 0, 0) !important;
	display: inline-block !important;
	height: 35px !important;
	margin: 0 0 10px !important;
	width: 250px !important;
}
/***「店舗お気に入り」ボタン***/

#rakutenLimitedId_aroundCart div.shopBkm {
	float: none !important;
	width: 250px !important;
	height: 35px !important;
}
#rakutenLimitedId_aroundCart div.shopBkm {
	padding-left: 0 !important;
}
#rakutenLimitedId_aroundCart div.shopBookmarkArea div.shopBkm a.addShopBkm span.shopBkmStar {
	background: url(""http://www.rakuten.ne.jp/gold/kintsu/images/okini02.jpg"") no-repeat scroll 0 0 rgba(0, 0, 0, 0) !important;
	display: inline-block !important;
	height: 35px !important;
	margin-right: 0 !important;
	width: 250px !important;
}
#rnkInShopPartsArea {
	margin: 0;
	padding: 0;		
}
#rnkInShopMain {
	margin: 0;
	padding: 0;		
}
</style>

<table width=""630"" border=""0"" cellpadding=""0"" cellspacing=""0"" style=""margin: 0 auto;"">
<tr>
<td valign=""top"" align=""left"">

</td>
</tr>
</table>",URBANO V02 手帳型ケース v02 手帳型ケース アルバーノ ケース 手帳型 デコパーツ 唇 リップ カバー v02ケース v02カバー au ケース カバー おしゃれ かわいい 手帳型スマホケース スマホケース スマホカバー：ケータイ屋24　楽天市場店,スマートフォンアクセサリー携帯ストラップストラップスマホケーススマートフォン ケーススマホピアスイヤホンジャック アクセサリースマートフォンピアスネックストラップスワロフスキー ピアススワロフスキー ストラップスマホカバースマートフォン カバーURBANO V02 手帳型ケース v02 手帳型ケース アルバーノ ケース 手帳型 デコパーツ 唇 リップ カバー v02ケース v02カバー au ケース カバー おしゃれ かわいい 手帳型スマホケース スマホケース スマホカバー,V02 ケース 手帳型 スマホケース 手帳ケース☆。URBANO V02 手帳型ケース v02 手帳型ケース アルバーノ ケース 手帳型 デコパーツ 唇 リップ カバー v02ケース v02カバー au ケース カバー おしゃれ かわいい 手帳型スマホケース スマホケース スマホカバー[rn]
8-90075,http://tshop.r10s.jp/kintsu/cabinet/plus-s/diary/plus-diary-1074a2.jpg?fitin=700:700,1836.8000,,スマートフォン・タブレット > スマートフォンアクセサリー > スマートフォンケース,Qua phone KYV37 ケース ニット風 デザイン TYPE1 Qua phone KYV37 キュア フォン Qua phone KYV37 ケース カバー KYV37ケース KYV37カバー 手帳 Qua phone 手帳型 キュア フォン,Qua phone KYV37 手帳型ケース カバー,"<font color=""#ff0000""><b>※ 画像はイメージです。<br>
機種やカメラの位置等によって、デザインの見え方が異ったり<br>絵柄が切れる場合がございます。
<br>
予めご了承ください。</b></font><br><br>
可愛いニット柄のデザインがプリントされた プリントした手帳型 ダイアリーケース。バラエティも豊富☆ Qua phone KYV37 ケース<br>
<br><table border=""0"" cellpadding=""2"" cellspacing=""0"" width=""400""><tbody> <tr>
      <td bgcolor=""#cccccc"">　商品特長</td>
    </tr>
    <tr>
      <td><br>
      <font size=""2"">Plus-s(プラスエス)シリーズは、手帳型製カバーをベースに、高品質UV硬化型インクにてプリント！商品加工すべてを日本国内の熟練した職人の手作業で行われます。made in japan<br>
      <br>
      しっかりと装着出来、端末を傷から守る事ができる機能性にも優れたケースです。合皮素材で、UV硬化型インクにて高品質プリントを施すことにより、高級感ある仕上がりとなっております。<BR>
      <br>
      </font></td>
    </tr>
    <tr>
      <td align=""center"">&nbsp;<img src=""http://image.rakuten.co.jp/kintsu/cabinet/plus-s/explanation_plus-s.jpg"" /><br>
      <br>
      </td>
    </tr>
    <tr><td align=""left"" bgcolor=""cccccc"">　商品説明</td></tr><tr><td align=""left""><br><font size=""2"" color=""#404040"">
      ・装着したまま充電可能（一部非対応）（卓上ホルダには対応しません）<br>
      ・ベースの手帳型ケースは、複数の仕入れ先より入手しており、入荷時期によって形状が若干変わる事があります。<br>
      </font>
      <hr>
      <font size=""2"" color=""#404040"">素材：手帳ケース本体／合皮　<br>ハードケース／ポリカーボネート(ブラックケース)<br>
      加工：UV硬化型インク<br>
      対応機種：Qua phone KYV37<br>
      </font>
      <hr>
      <font size=""2"" color=""#404040"">※機種本体は含まれておりません。<br>
      ※仕様は予告なく変更する場合がございます。
<br>
      ※実物の色に近づけるように努めていますが、ご利用のモニター、PCやスマートフォンの環境により掲載写真の色が実物の色と違って見える場合がございます。
</font></td></tr></tbody></table><style type=""text/css"">
span.unit {
	background: url(http://www.rakuten.ne.jp/gold/kintsu/images/cart_up_send.png) no-repeat left top;
	text-indent: -9999;
	display: block;
	width: 325px;
	height: 80;
	margin: 15px 0;
}
span.choice {
	display: inline-block;
	font-size: 15px;
	margin: 5px auto;
	width: 112px;
}
select[name=""choice""] {
	font-size: 15px;
	max-width: 200px;
}
td.inventory_choice_name {
	background-color: #F7F7F7;
}
/***買い物かごまわり全ボタン・入力欄共通***/
input[value=""買い物かごに入れる""] {
	background: url(""http://www.rakuten.ne.jp/gold/kintsu/images/cart04.png"") no-repeat;
	/*border: 1px solid #930;*/
	border: 0;
	height: 45px;
	text-indent: -9999px;
	cursor: pointer !important;
	width: 250px;
	margin-top: 10px;
	display: block;
}
input[value=""買い物かごに入れる""]:not(:target) {
	background-size: cover\9; /* IE9 */
	height: 45px\9;
	width: 250px\9;
}

@media screen and (-ms-high-contrast: active), (-ms-high-contrast: none) {
input[value=""買い物かごに入れる""] {
	background-size: cover;     /* IE10 */
	height: 45px;
	width: 250px;
}
}
input[value=""買い物かごに入れる""]:hover {
	opacity: 0.8;
}
/***「お問合せ」ボタン***/
font input[value=""商品についての問合わせ""] {
	background: url(""http://www.rakuten.ne.jp/gold/kintsu/images/toiawase01.png"") no-repeat;
	/*border: 1px solid #930;*/
	border: 0;
	height: 35px;
	text-indent: -9999px;
	cursor: pointer !important;
	width: 250px;
	margin-top: 10px;
}
font input[value=""商品についての問合わせ""]:hover {
	opacity: 0.7;
}
/***「商品お気に入り」ボタン***/

#rakutenLimitedId_aroundCart div.bkm {
	width: 250px !important;
	height: 35px !important;
}
#rakutenLimitedId_aroundCart div.bkm {
	float: none;
	padding-bottom: 0 !important;
}
#rakutenLimitedId_aroundCart div.bookmarkArea div.bkm a.addBkm span.bkmStar {
	background: url(""http://www.rakuten.ne.jp/gold/kintsu/images/okini01.jpg"") no-repeat scroll 0 0 rgba(0, 0, 0, 0) !important;
	display: inline-block !important;
	height: 35px !important;
	margin: 0 0 10px !important;
	width: 250px !important;
}
/***「店舗お気に入り」ボタン***/

#rakutenLimitedId_aroundCart div.shopBkm {
	float: none !important;
	width: 250px !important;
	height: 35px !important;
}
#rakutenLimitedId_aroundCart div.shopBkm {
	padding-left: 0 !important;
}
#rakutenLimitedId_aroundCart div.shopBookmarkArea div.shopBkm a.addShopBkm span.shopBkmStar {
	background: url(""http://www.rakuten.ne.jp/gold/kintsu/images/okini02.jpg"") no-repeat scroll 0 0 rgba(0, 0, 0, 0) !important;
	display: inline-block !important;
	height: 35px !important;
	margin-right: 0 !important;
	width: 250px !important;
}
#rnkInShopPartsArea {
	margin: 0;
	padding: 0;		
}
#rnkInShopMain {
	margin: 0;
	padding: 0;		
}
</style>

<table width=""630"" border=""0"" cellpadding=""0"" cellspacing=""0"" style=""margin: 0 auto;"">
<tr>
<td valign=""top"" align=""left"">

</td>
</tr>
</table>",Qua phone KYV37 ケース ニット風 デザイン TYPE1 Qua phone KYV37 キュア フォン Qua phone KYV37 ケース カバー KYV37ケース KYV37カバー 手帳 Qua phone 手帳型 キュア フォン：ケータイ屋24　楽天市場店,スマートフォンアクセサリー携帯ストラップストラップスマホケーススマートフォン ケーススマホピアスイヤホンジャック アクセサリースマートフォンピアスネックストラップスワロフスキー ピアススワロフスキー ストラップスマホカバースマートフォン カバーQua phone KYV37 ケース ニット風 デザイン TYPE1 Qua phone KYV37 キュア フォン Qua phone KYV37 ケース カバー KYV37ケース KYV37カバー 手帳 Qua phone 手帳型 キュア フォン,Qua phone KYV37 手帳型ケース カバー。Qua phone KYV37 ケース ニット風 デザイン TYPE1 Qua phone KYV37 キュア フォン Qua phone KYV37 ケース カバー KYV37ケース KYV37カバー 手帳 Qua phone 手帳型 キュア フォン[rn]
8-90076,http://tshop.r10s.jp/kintsu/cabinet/plus-s/diary/plus-diary-1116a2.jpg?fitin=700:700,1836.8000,,スマートフォン・タブレット > スマートフォンアクセサリー > スマートフォンケース,urbano v02 ケース 手帳型 フラワー  v02ケース v02ケース v02ケース v02ケース v02ケース v02ケース v02ケース v02ケース v02ケース v02ケース アルバーノ v02 カバー,アルバーノ v02 カバー 手帳型,"<font color=""#ff0000""><b>※ 画像はイメージです。<br>
機種やカメラの位置等によって、デザインの見え方が異ったり<br>絵柄が切れる場合がございます。
<br>
予めご了承ください。</b></font><br><br>
フラワー柄をプリントした♪手帳型 ダイアリーケース。バラエティも豊富☆ URBANO V02ケース<br>
<br><table border=""0"" cellpadding=""2"" cellspacing=""0"" width=""400""><tbody> <tr>
      <td bgcolor=""#cccccc"">　商品特長</td>
    </tr>
    <tr>
      <td><br>
      <font size=""2"">Plus-s(プラスエス)シリーズは、手帳型製カバーをベースに、高品質UV硬化型インクにてプリント！商品加工すべてを日本国内の熟練した職人の手作業で行われます。made in japan<br>
      <br>
      しっかりと装着出来、端末を傷から守る事ができる機能性にも優れたケースです。合皮素材で、UV硬化型インクにて高品質プリントを施すことにより、高級感ある仕上がりとなっております。<BR>
      <br>
      </font></td>
    </tr>
    <tr>
      <td align=""center"">&nbsp;<img src=""http://image.rakuten.co.jp/kintsu/cabinet/plus-s/explanation_plus-s.jpg"" /><br>
      <br>
      </td>
    </tr>
    <tr><td align=""left"" bgcolor=""cccccc"">　商品説明</td></tr><tr><td align=""left""><br><font size=""2"" color=""#404040"">
      ・装着したまま充電可能（一部非対応）（卓上ホルダには対応しません）<br>
      ・ベースの手帳型ケースは、複数の仕入れ先より入手しており、入荷時期によって形状が若干変わる事があります。<br>
      </font>
      <hr>
      <font size=""2"" color=""#404040"">素材：手帳ケース本体／合皮　<br>ハードケース／ポリカーボネート(ブラックケース)<br>
      加工：UV硬化型インク<br>
      対応機種：URBANO V02<br>
      </font>
      <hr>
      <font size=""2"" color=""#404040"">※機種本体は含まれておりません。<br>
      ※仕様は予告なく変更する場合がございます。
<br>
      ※実物の色に近づけるように努めていますが、ご利用のモニター、PCやスマートフォンの環境により掲載写真の色が実物の色と違って見える場合がございます。
</font></td></tr></tbody></table><style type=""text/css"">
span.unit {
	background: url(http://www.rakuten.ne.jp/gold/kintsu/images/cart_up_send.png) no-repeat left top;
	text-indent: -9999;
	display: block;
	width: 325px;
	height: 80;
	margin: 15px 0;
}
span.choice {
	display: inline-block;
	font-size: 15px;
	margin: 5px auto;
	width: 112px;
}
select[name=""choice""] {
	font-size: 15px;
	max-width: 200px;
}
td.inventory_choice_name {
	background-color: #F7F7F7;
}
/***買い物かごまわり全ボタン・入力欄共通***/
input[value=""買い物かごに入れる""] {
	background: url(""http://www.rakuten.ne.jp/gold/kintsu/images/cart04.png"") no-repeat;
	/*border: 1px solid #930;*/
	border: 0;
	height: 45px;
	text-indent: -9999px;
	cursor: pointer !important;
	width: 250px;
	margin-top: 10px;
	display: block;
}
input[value=""買い物かごに入れる""]:not(:target) {
	background-size: cover\9; /* IE9 */
	height: 45px\9;
	width: 250px\9;
}

@media screen and (-ms-high-contrast: active), (-ms-high-contrast: none) {
input[value=""買い物かごに入れる""] {
	background-size: cover;     /* IE10 */
	height: 45px;
	width: 250px;
}
}
input[value=""買い物かごに入れる""]:hover {
	opacity: 0.8;
}
/***「お問合せ」ボタン***/
font input[value=""商品についての問合わせ""] {
	background: url(""http://www.rakuten.ne.jp/gold/kintsu/images/toiawase01.png"") no-repeat;
	/*border: 1px solid #930;*/
	border: 0;
	height: 35px;
	text-indent: -9999px;
	cursor: pointer !important;
	width: 250px;
	margin-top: 10px;
}
font input[value=""商品についての問合わせ""]:hover {
	opacity: 0.7;
}
/***「商品お気に入り」ボタン***/

#rakutenLimitedId_aroundCart div.bkm {
	width: 250px !important;
	height: 35px !important;
}
#rakutenLimitedId_aroundCart div.bkm {
	float: none;
	padding-bottom: 0 !important;
}
#rakutenLimitedId_aroundCart div.bookmarkArea div.bkm a.addBkm span.bkmStar {
	background: url(""http://www.rakuten.ne.jp/gold/kintsu/images/okini01.jpg"") no-repeat scroll 0 0 rgba(0, 0, 0, 0) !important;
	display: inline-block !important;
	height: 35px !important;
	margin: 0 0 10px !important;
	width: 250px !important;
}
/***「店舗お気に入り」ボタン***/

#rakutenLimitedId_aroundCart div.shopBkm {
	float: none !important;
	width: 250px !important;
	height: 35px !important;
}
#rakutenLimitedId_aroundCart div.shopBkm {
	padding-left: 0 !important;
}
#rakutenLimitedId_aroundCart div.shopBookmarkArea div.shopBkm a.addShopBkm span.shopBkmStar {
	background: url(""http://www.rakuten.ne.jp/gold/kintsu/images/okini02.jpg"") no-repeat scroll 0 0 rgba(0, 0, 0, 0) !important;
	display: inline-block !important;
	height: 35px !important;
	margin-right: 0 !important;
	width: 250px !important;
}
#rnkInShopPartsArea {
	margin: 0;
	padding: 0;		
}
#rnkInShopMain {
	margin: 0;
	padding: 0;		
}
</style>

<table width=""630"" border=""0"" cellpadding=""0"" cellspacing=""0"" style=""margin: 0 auto;"">
<tr>
<td valign=""top"" align=""left"">

</td>
</tr>
</table>",urbano v02 ケース 手帳型 フラワー  v02ケース v02ケース v02ケース v02ケース v02ケース v02ケース v02ケース v02ケース v02ケース v02ケース アルバーノ v02 カバー：ケータイ屋24　楽天市場店,スマートフォンアクセサリー携帯ストラップストラップスマホケーススマートフォン ケーススマホピアスイヤホンジャック アクセサリースマートフォンピアスネックストラップスワロフスキー ピアススワロフスキー ストラップスマホカバースマートフォン カバーurbano v02 ケース 手帳型 フラワー  v02ケース v02ケース v02ケース v02ケース v02ケース v02ケース v02ケース v02ケース v02ケース v02ケース アルバーノ v02 カバー,アルバーノ v02 カバー 手帳型。urbano v02 ケース 手帳型 フラワー  v02ケース v02ケース v02ケース v02ケース v02ケース v02ケース v02ケース v02ケース v02ケース v02ケース アルバーノ v02 カバー[rn]
8-90077,http://tshop.r10s.jp/kintsu/cabinet/plus-s/n/kyv37/ps-kyv37-1163a.jpg?fitin=700:700,1600.0000,,スマートフォン・タブレット > スマートフォンアクセサリー > スマートフォンケース,ヒゲ 紳士 au Qua phone KYV37 ケース カバー　キュアフォン Qua phone カバー ケース ケース クリア ハードケース スマホケース スマホカバー,au Qua phone KYV37 カバー ケース,"ヤッホー！ヒゲは紳士のたしなみ！ヒゲをはやしたユニークなデザイン♪ au Qua phone KYV37 クリア ケース。種類も豊富♪<br><br><table border=""0"" cellpadding=""2"" cellspacing=""0"" width=""400""><tbody> <tr>
      <td bgcolor=""#cccccc"">　商品特長</td>
    </tr>
    <tr>
      <td><br>
      <font size=""2"">Plus-s(プラスエス)シリーズは、ポリカーボネイト製カバーをベースに、高品質UV硬化型インクにてプリント！商品加工すべてを日本国内の熟練した職人の手作業で行われます。made in japan<br>
      <br>
      しっかりと装着出来、端末を傷から守る事ができる機能性にも優れたケースです。ハードケース素材で、UV硬化型インクにて高品質プリントを施すことにより、高級感ある仕上がりとなっております。<BR>
      <BR>
      ジャケットを装着したままで、イヤホンや充電コネクターの接続、タッチパネルの使用など操作性も確保しております。 <BR>
      <br>
      </font></td>
    </tr>
    <tr>
      <td align=""center"">&nbsp;<img src=""http://image.rakuten.co.jp/kintsu/cabinet/plus-s/explanation_plus-s.jpg"" /><br>
      <br>
      </td>
    </tr>
    <tr><td align=""left"" bgcolor=""cccccc"">　商品説明</td></tr><tr><td align=""left""><br><font size=""2"" color=""#404040"">・スマートフォンケース側面への印刷は入りません。<br>
      ・装着したまま充電可能（卓上ホルダには対応しません）です。<br>
      ・ベースのスマートフォンケースは、複数の仕入れ先より入手しており、入荷時期によって形状が若干変わる事があります。<br>
      </font>
      <hr>
      <font size=""2"" color=""#404040"">素材：ケース本体／ポリカーボネート(クリアケース)<br>
      加工：UV硬化型インク（側面にプリントは入りません）<br>
      対応機種・サイズ：au Qua phone KYV37 専用<br>
      </font>
      <hr>
      <font size=""2"" color=""#404040"">※機種本体は含まれておりません。<br>
      ※仕様は予告なく変更する場合がございます。</font></td></tr></tbody></table><style type=""text/css"">
span.unit {
	background: url(http://www.rakuten.ne.jp/gold/kintsu/images/cart_up_send.png) no-repeat left top;
	text-indent: -9999;
	display: block;
	width: 325px;
	height: 80;
	margin: 15px 0;
}
span.choice {
	display: inline-block;
	font-size: 15px;
	margin: 5px auto;
	width: 112px;
}
select[name=""choice""] {
	font-size: 15px;
	max-width: 200px;
}
td.inventory_choice_name {
	background-color: #F7F7F7;
}
/***買い物かごまわり全ボタン・入力欄共通***/
input[value=""買い物かごに入れる""] {
	background: url(""http://www.rakuten.ne.jp/gold/kintsu/images/cart04.png"") no-repeat;
	/*border: 1px solid #930;*/
	border: 0;
	height: 45px;
	text-indent: -9999px;
	cursor: pointer !important;
	width: 250px;
	margin-top: 10px;
	display: block;
}
input[value=""買い物かごに入れる""]:not(:target) {
	background-size: cover\9; /* IE9 */
	height: 45px\9;
	width: 250px\9;
}

@media screen and (-ms-high-contrast: active), (-ms-high-contrast: none) {
input[value=""買い物かごに入れる""] {
	background-size: cover;     /* IE10 */
	height: 45px;
	width: 250px;
}
}
input[value=""買い物かごに入れる""]:hover {
	opacity: 0.8;
}
/***「お問合せ」ボタン***/
font input[value=""商品についての問合わせ""] {
	background: url(""http://www.rakuten.ne.jp/gold/kintsu/images/toiawase01.png"") no-repeat;
	/*border: 1px solid #930;*/
	border: 0;
	height: 35px;
	text-indent: -9999px;
	cursor: pointer !important;
	width: 250px;
	margin-top: 10px;
}
font input[value=""商品についての問合わせ""]:hover {
	opacity: 0.7;
}
/***「商品お気に入り」ボタン***/

#rakutenLimitedId_aroundCart div.bkm {
	width: 250px !important;
	height: 35px !important;
}
#rakutenLimitedId_aroundCart div.bkm {
	float: none;
	padding-bottom: 0 !important;
}
#rakutenLimitedId_aroundCart div.bookmarkArea div.bkm a.addBkm span.bkmStar {
	background: url(""http://www.rakuten.ne.jp/gold/kintsu/images/okini01.jpg"") no-repeat scroll 0 0 rgba(0, 0, 0, 0) !important;
	display: inline-block !important;
	height: 35px !important;
	margin: 0 0 10px !important;
	width: 250px !important;
}
/***「店舗お気に入り」ボタン***/

#rakutenLimitedId_aroundCart div.shopBkm {
	float: none !important;
	width: 250px !important;
	height: 35px !important;
}
#rakutenLimitedId_aroundCart div.shopBkm {
	padding-left: 0 !important;
}
#rakutenLimitedId_aroundCart div.shopBookmarkArea div.shopBkm a.addShopBkm span.shopBkmStar {
	background: url(""http://www.rakuten.ne.jp/gold/kintsu/images/okini02.jpg"") no-repeat scroll 0 0 rgba(0, 0, 0, 0) !important;
	display: inline-block !important;
	height: 35px !important;
	margin-right: 0 !important;
	width: 250px !important;
}
#rnkInShopPartsArea {
	margin: 0;
	padding: 0;		
}
#rnkInShopMain {
	margin: 0;
	padding: 0;		
}
</style>

<table width=""630"" border=""0"" cellpadding=""0"" cellspacing=""0"" style=""margin: 0 auto;"">
<tr>
<td valign=""top"" align=""left"">

</td>
</tr>
</table>",ヒゲ 紳士 au Qua phone KYV37 ケース カバー　キュアフォン Qua phone カバー ケース ケース クリア ハードケース スマホケース スマホカバー：ケータイ屋24　楽天市場店,スマートフォンアクセサリー携帯ストラップストラップスマホケーススマートフォン ケーススマホピアスイヤホンジャック アクセサリースマートフォンピアスネックストラップスワロフスキー ピアススワロフスキー ストラップスマホカバースマートフォン カバーヒゲ 紳士 au Qua phone KYV37 ケース カバー　キュアフォン Qua phone カバー ケース ケース クリア ハードケース スマホケース スマホカバー,au Qua phone KYV37 カバー ケース。ヒゲ 紳士 au Qua phone KYV37 ケース カバー　キュアフォン Qua phone カバー ケース ケース クリア ハードケース スマホケース スマホカバー[rn]
8-90078,http://tshop.r10s.jp/kintsu/cabinet/plus-s/m/v02/ps-v02-0013a.jpg?fitin=700:700,1600.0000,,スマートフォン・タブレット > スマートフォンアクセサリー > スマートフォンケース,urbano v02 ケース ハワイアンガール ハイビスカス urbano v02 ケース urbano v02 ケース urbano v02 ケース urbano v02 ケース urbano v02 ケース urbano v02 ケース アルバーノ v02 カバー アルバーノ v02 カバー アルバーノ v02 カバー アルバーノ v02 カバー,V02 ケース カバー 2個以上で送料無料！,"南国気分♪美しいハワイアンガール＆ハイビスカスのURBANO V02 クリア ケース。<br><br><table border=""0"" cellpadding=""2"" cellspacing=""0"" width=""400""><tbody> <tr>
      <td bgcolor=""#cccccc"">　商品特長</td>
    </tr>
    <tr>
      <td><br>
      <font size=""2"">Plus-s(プラスエス)シリーズは、ポリカーボネイト製カバーをベースに、高品質UV硬化型インクにてプリント！商品加工すべてを日本国内の熟練した職人の手作業で行われます。made in japan<br>
      <br>
      しっかりと装着出来、端末を傷から守る事ができる機能性にも優れたケースです。ハードケース素材で、UV硬化型インクにて高品質プリントを施すことにより、高級感ある仕上がりとなっております。<BR>
      <BR>
      ジャケットを装着したままで、イヤホンや充電コネクターの接続、タッチパネルの使用など操作性も確保しております。 <BR>
      <br>
      </font></td>
    </tr>
    <tr>
      <td align=""center"">&nbsp;<img src=""http://image.rakuten.co.jp/kintsu/cabinet/plus-s/explanation_plus-s.jpg"" /><br>
      <br>
      </td>
    </tr>
    <tr><td align=""left"" bgcolor=""cccccc"">　商品説明</td></tr><tr><td align=""left""><br><font size=""2"" color=""#404040"">・スマートフォンケース側面への印刷は入りません。<br>
      ・装着したまま充電可能（卓上ホルダには対応しません）です。<br>
      ・ベースのスマートフォンケースは、複数の仕入れ先より入手しており、入荷時期によって形状が若干変わる事があります。<br>
      </font>
      <hr>
      <font size=""2"" color=""#404040"">素材：ケース本体／ポリカーボネート(クリアケース)<br>
      加工：UV硬化型インク（側面にプリントは入りません）<br>
      対応機種・サイズ：URBANO V02 専用<br>
      </font>
      <hr>
      <font size=""2"" color=""#404040"">※機種本体は含まれておりません。<br>
      ※仕様は予告なく変更する場合がございます。</font></td></tr></tbody></table><style type=""text/css"">
span.unit {
	background: url(http://www.rakuten.ne.jp/gold/kintsu/images/cart_up_send.png) no-repeat left top;
	text-indent: -9999;
	display: block;
	width: 325px;
	height: 80;
	margin: 15px 0;
}
span.choice {
	display: inline-block;
	font-size: 15px;
	margin: 5px auto;
	width: 112px;
}
select[name=""choice""] {
	font-size: 15px;
	max-width: 200px;
}
td.inventory_choice_name {
	background-color: #F7F7F7;
}
/***買い物かごまわり全ボタン・入力欄共通***/
input[value=""買い物かごに入れる""] {
	background: url(""http://www.rakuten.ne.jp/gold/kintsu/images/cart04.png"") no-repeat;
	/*border: 1px solid #930;*/
	border: 0;
	height: 45px;
	text-indent: -9999px;
	cursor: pointer !important;
	width: 250px;
	margin-top: 10px;
	display: block;
}
input[value=""買い物かごに入れる""]:not(:target) {
	background-size: cover\9; /* IE9 */
	height: 45px\9;
	width: 250px\9;
}

@media screen and (-ms-high-contrast: active), (-ms-high-contrast: none) {
input[value=""買い物かごに入れる""] {
	background-size: cover;     /* IE10 */
	height: 45px;
	width: 250px;
}
}
input[value=""買い物かごに入れる""]:hover {
	opacity: 0.8;
}
/***「お問合せ」ボタン***/
font input[value=""商品についての問合わせ""] {
	background: url(""http://www.rakuten.ne.jp/gold/kintsu/images/toiawase01.png"") no-repeat;
	/*border: 1px solid #930;*/
	border: 0;
	height: 35px;
	text-indent: -9999px;
	cursor: pointer !important;
	width: 250px;
	margin-top: 10px;
}
font input[value=""商品についての問合わせ""]:hover {
	opacity: 0.7;
}
/***「商品お気に入り」ボタン***/

#rakutenLimitedId_aroundCart div.bkm {
	width: 250px !important;
	height: 35px !important;
}
#rakutenLimitedId_aroundCart div.bkm {
	float: none;
	padding-bottom: 0 !important;
}
#rakutenLimitedId_aroundCart div.bookmarkArea div.bkm a.addBkm span.bkmStar {
	background: url(""http://www.rakuten.ne.jp/gold/kintsu/images/okini01.jpg"") no-repeat scroll 0 0 rgba(0, 0, 0, 0) !important;
	display: inline-block !important;
	height: 35px !important;
	margin: 0 0 10px !important;
	width: 250px !important;
}
/***「店舗お気に入り」ボタン***/

#rakutenLimitedId_aroundCart div.shopBkm {
	float: none !important;
	width: 250px !important;
	height: 35px !important;
}
#rakutenLimitedId_aroundCart div.shopBkm {
	padding-left: 0 !important;
}
#rakutenLimitedId_aroundCart div.shopBookmarkArea div.shopBkm a.addShopBkm span.shopBkmStar {
	background: url(""http://www.rakuten.ne.jp/gold/kintsu/images/okini02.jpg"") no-repeat scroll 0 0 rgba(0, 0, 0, 0) !important;
	display: inline-block !important;
	height: 35px !important;
	margin-right: 0 !important;
	width: 250px !important;
}
#rnkInShopPartsArea {
	margin: 0;
	padding: 0;		
}
#rnkInShopMain {
	margin: 0;
	padding: 0;		
}
</style>

<table width=""630"" border=""0"" cellpadding=""0"" cellspacing=""0"" style=""margin: 0 auto;"">
<tr>
<td valign=""top"" align=""left"">

</td>
</tr>
</table>",urbano v02 ケース ハワイアンガール ハイビスカス urbano v02 ケース urbano v02 ケース urbano v02 ケース urbano v02 ケース urbano v02 ケース urbano v02 ケース アルバーノ v02 カバー アルバーノ v02 カバー アルバーノ v02 カバー アルバーノ v02 カバー：ケータイ屋24　楽天市場店,スマートフォンアクセサリー携帯ストラップストラップスマホケーススマートフォン ケーススマホピアスイヤホンジャック アクセサリースマートフォンピアスネックストラップスワロフスキー ピアススワロフスキー ストラップスマホカバースマートフォン カバーurbano v02 ケース ハワイアンガール ハイビスカス urbano v02 ケース urbano v02 ケース urbano v02 ケース urbano v02 ケース urbano v02 ケース urbano v02 ケース アルバーノ v02 カバー アルバーノ v02 カバー アルバーノ v02 カバー アルバーノ v02 カバー,V02 ケース カバー 2個以上で送料無料！。urbano v02 ケース ハワイアンガール ハイビスカス urbano v02 ケース urbano v02 ケース urbano v02 ケース urbano v02 ケース urbano v02 ケース urbano v02 ケース アルバーノ v02 カバー アルバーノ v02 カバー アルバーノ v02 カバー アルバーノ v02 カバー[rn]
8-90079,http://tshop.r10s.jp/kintsu/cabinet/plus-s/diary/plus-diary-0017a2.jpg?fitin=700:700,1836.8000,,スマートフォン・タブレット > スマートフォンアクセサリー > スマートフォンケース,Qua phone KYV37 ケース チェッカーフラッグ Qua phone KYV37 キュア フォン Qua phone KYV37 ケース カバー KYV37ケース KYV37カバー 手帳 Qua phone 手帳型 キュア フォン,Qua phone KYV37 手帳型ケース カバー,"<font color=""#ff0000""><b>※ 画像はイメージです。<br>
機種やカメラの位置等によって、デザインの見え方が異ったり<br>絵柄が切れる場合がございます。
<br>
予めご了承ください。</b></font><br><br>
オシャレなチェッカーフラッグ柄をプリントした♪手帳型 ダイアリーケース。バラエティも豊富☆ Qua phone KYV37 ケース<br>
<br><table border=""0"" cellpadding=""2"" cellspacing=""0"" width=""400""><tbody> <tr>
      <td bgcolor=""#cccccc"">　商品特長</td>
    </tr>
    <tr>
      <td><br>
      <font size=""2"">Plus-s(プラスエス)シリーズは、手帳型カバーをベースに、高品質UV硬化型インクにてプリント！商品加工すべてを日本国内の熟練した職人の手作業で行われます。made in japan<br>
      <br>
      しっかりと装着出来、端末を傷から守る事ができる機能性にも優れたケースです。合皮素材で、UV硬化型インクにて高品質プリントを施すことにより、高級感ある仕上がりとなっております。<BR>
      <br>
      </font></td>
    </tr>
    <tr>
      <td align=""center"">&nbsp;<img src=""http://image.rakuten.co.jp/kintsu/cabinet/plus-s/explanation_plus-s.jpg"" /><br>
      <br>
      </td>
    </tr>
    <tr><td align=""left"" bgcolor=""cccccc"">　商品説明</td></tr><tr><td align=""left""><br><font size=""2"" color=""#404040"">
      ・装着したまま充電可能（一部非対応）（卓上ホルダには対応しません）<br>
      ・ベースの手帳型ケースは、複数の仕入れ先より入手しており、入荷時期によって形状が若干変わる事があります。<br>
      </font>
      <hr>
      <font size=""2"" color=""#404040"">素材：手帳ケース本体／合皮　<br>ハードケース／ポリカーボネート(ブラックケース)<br>
      加工：UV硬化型インク<br>
      対応機種：Qua phone KYV37<br>
      </font>
      <hr>
      <font size=""2"" color=""#404040"">※機種本体は含まれておりません。<br>
      ※仕様は予告なく変更する場合がございます。
<br>
      ※実物の色に近づけるように努めていますが、ご利用のモニター、PCやスマートフォンの環境により掲載写真の色が実物の色と違って見える場合がございます。
</font></td></tr></tbody></table><style type=""text/css"">
span.unit {
	background: url(http://www.rakuten.ne.jp/gold/kintsu/images/cart_up_send.png) no-repeat left top;
	text-indent: -9999;
	display: block;
	width: 325px;
	height: 80;
	margin: 15px 0;
}
span.choice {
	display: inline-block;
	font-size: 15px;
	margin: 5px auto;
	width: 112px;
}
select[name=""choice""] {
	font-size: 15px;
	max-width: 200px;
}
td.inventory_choice_name {
	background-color: #F7F7F7;
}
/***買い物かごまわり全ボタン・入力欄共通***/
input[value=""買い物かごに入れる""] {
	background: url(""http://www.rakuten.ne.jp/gold/kintsu/images/cart04.png"") no-repeat;
	/*border: 1px solid #930;*/
	border: 0;
	height: 45px;
	text-indent: -9999px;
	cursor: pointer !important;
	width: 250px;
	margin-top: 10px;
	display: block;
}
input[value=""買い物かごに入れる""]:not(:target) {
	background-size: cover\9; /* IE9 */
	height: 45px\9;
	width: 250px\9;
}

@media screen and (-ms-high-contrast: active), (-ms-high-contrast: none) {
input[value=""買い物かごに入れる""] {
	background-size: cover;     /* IE10 */
	height: 45px;
	width: 250px;
}
}
input[value=""買い物かごに入れる""]:hover {
	opacity: 0.8;
}
/***「お問合せ」ボタン***/
font input[value=""商品についての問合わせ""] {
	background: url(""http://www.rakuten.ne.jp/gold/kintsu/images/toiawase01.png"") no-repeat;
	/*border: 1px solid #930;*/
	border: 0;
	height: 35px;
	text-indent: -9999px;
	cursor: pointer !important;
	width: 250px;
	margin-top: 10px;
}
font input[value=""商品についての問合わせ""]:hover {
	opacity: 0.7;
}
/***「商品お気に入り」ボタン***/

#rakutenLimitedId_aroundCart div.bkm {
	width: 250px !important;
	height: 35px !important;
}
#rakutenLimitedId_aroundCart div.bkm {
	float: none;
	padding-bottom: 0 !important;
}
#rakutenLimitedId_aroundCart div.bookmarkArea div.bkm a.addBkm span.bkmStar {
	background: url(""http://www.rakuten.ne.jp/gold/kintsu/images/okini01.jpg"") no-repeat scroll 0 0 rgba(0, 0, 0, 0) !important;
	display: inline-block !important;
	height: 35px !important;
	margin: 0 0 10px !important;
	width: 250px !important;
}
/***「店舗お気に入り」ボタン***/

#rakutenLimitedId_aroundCart div.shopBkm {
	float: none !important;
	width: 250px !important;
	height: 35px !important;
}
#rakutenLimitedId_aroundCart div.shopBkm {
	padding-left: 0 !important;
}
#rakutenLimitedId_aroundCart div.shopBookmarkArea div.shopBkm a.addShopBkm span.shopBkmStar {
	background: url(""http://www.rakuten.ne.jp/gold/kintsu/images/okini02.jpg"") no-repeat scroll 0 0 rgba(0, 0, 0, 0) !important;
	display: inline-block !important;
	height: 35px !important;
	margin-right: 0 !important;
	width: 250px !important;
}
#rnkInShopPartsArea {
	margin: 0;
	padding: 0;		
}
#rnkInShopMain {
	margin: 0;
	padding: 0;		
}
</style>

<table width=""630"" border=""0"" cellpadding=""0"" cellspacing=""0"" style=""margin: 0 auto;"">
<tr>
<td valign=""top"" align=""left"">

</td>
</tr>
</table>",Qua phone KYV37 ケース チェッカーフラッグ Qua phone KYV37 キュア フォン Qua phone KYV37 ケース カバー KYV37ケース KYV37カバー 手帳 Qua phone 手帳型 キュア フォン：ケータイ屋24　楽天市場店,スマートフォンアクセサリー携帯ストラップストラップスマホケーススマートフォン ケーススマホピアスイヤホンジャック アクセサリースマートフォンピアスネックストラップスワロフスキー ピアススワロフスキー ストラップスマホカバースマートフォン カバーQua phone KYV37 ケース チェッカーフラッグ Qua phone KYV37 キュア フォン Qua phone KYV37 ケース カバー KYV37ケース KYV37カバー 手帳 Qua phone 手帳型 キュア フォン,Qua phone KYV37 手帳型ケース カバー。Qua phone KYV37 ケース チェッカーフラッグ Qua phone KYV37 キュア フォン Qua phone KYV37 ケース カバー KYV37ケース KYV37カバー 手帳 Qua phone 手帳型 キュア フォン[rn]
8-90080,http://tshop.r10s.jp/kintsu/cabinet/plus-s/m/kyv37/ps-kyv37-0326a.jpg?fitin=700:700,1600.0000,,スマートフォン・タブレット > スマートフォンアクセサリー > スマートフォンケース,キュアフォン Qua phone カバー モノトーン フローラル フラワー 花 au Qua phone KYV37 カバー ケース スマホケース スマホカバー,au Qua phone KYV37 カバー ケース,"実機の色を生かした花模様デザインの au Qua phone KYV37 クリア ケース。裏側が透けるデザインなので、機種本体のデザインが活かされます♪<br><br>
<table border=""0"" cellpadding=""2"" cellspacing=""0"" width=""400"">
 <tbody>
  <tr>
   <td bgcolor=""#cccccc"">　商品特長</td>
  </tr>
  <tr>
   <td><br><font size=""2"">Plus-s(プラスエス)シリーズは、ポリカーボネイト製カバーをベースに、高品質UV硬化型インクにてプリント！商品加工すべてを日本国内の熟練した職人の手作業で行われます。made in japan<br><br>しっかりと装着出来、端末を傷から守る事ができる機能性にも優れたケースです。ハードケース素材で、UV硬化型インクにて高品質プリントを施すことにより、高級感ある仕上がりとなっております。<BR><BR>ジャケットを装着したままで、イヤホンや充電コネクターの接続、タッチパネルの使用など操作性も確保しております。<BR><br></font>
   </td>
  </tr>
  <tr>
   <td align=""center"">&nbsp;<img src=""http://image.rakuten.co.jp/kintsu/cabinet/plus-s/explanation_plus-s.jpg"" /><br><br>
   </td>
  </tr>
  <tr>
   <td align=""left"" bgcolor=""cccccc"">　商品説明</td></tr><tr><td align=""left""><br><font size=""2"" color=""#404040"">・スマートフォンケース側面への印刷は入りません。<br>
      ・装着したまま充電可能（卓上ホルダには対応しません）です。<br>
      ・ベースのスマートフォンケースは、複数の仕入れ先より入手しており、入荷時期によって形状が若干変わる事があります。<br></font>
    <hr>
     <font size=""2"" color=""#404040"">素材：ケース本体／ポリカーボネート(クリアケース)<br>加工：UV硬化型インク（側面にプリントは入りません）<br>対応機種・サイズ：au Qua phone KYV37 専用<br></font>
    <hr>
     <font size=""2"" color=""#404040"">※機種本体は含まれておりません。<br>※仕様は予告なく変更する場合がございます。</font>
   </td>
  </tr>
 </tbody>
</table><style type=""text/css"">
span.unit {
	background: url(http://www.rakuten.ne.jp/gold/kintsu/images/cart_up_send.png) no-repeat left top;
	text-indent: -9999;
	display: block;
	width: 325px;
	height: 80;
	margin: 15px 0;
}
span.choice {
	display: inline-block;
	font-size: 15px;
	margin: 5px auto;
	width: 112px;
}
select[name=""choice""] {
	font-size: 15px;
	max-width: 200px;
}
td.inventory_choice_name {
	background-color: #F7F7F7;
}
/***買い物かごまわり全ボタン・入力欄共通***/
input[value=""買い物かごに入れる""] {
	background: url(""http://www.rakuten.ne.jp/gold/kintsu/images/cart04.png"") no-repeat;
	/*border: 1px solid #930;*/
	border: 0;
	height: 45px;
	text-indent: -9999px;
	cursor: pointer !important;
	width: 250px;
	margin-top: 10px;
	display: block;
}
input[value=""買い物かごに入れる""]:not(:target) {
	background-size: cover\9; /* IE9 */
	height: 45px\9;
	width: 250px\9;
}

@media screen and (-ms-high-contrast: active), (-ms-high-contrast: none) {
input[value=""買い物かごに入れる""] {
	background-size: cover;     /* IE10 */
	height: 45px;
	width: 250px;
}
}
input[value=""買い物かごに入れる""]:hover {
	opacity: 0.8;
}
/***「お問合せ」ボタン***/
font input[value=""商品についての問合わせ""] {
	background: url(""http://www.rakuten.ne.jp/gold/kintsu/images/toiawase01.png"") no-repeat;
	/*border: 1px solid #930;*/
	border: 0;
	height: 35px;
	text-indent: -9999px;
	cursor: pointer !important;
	width: 250px;
	margin-top: 10px;
}
font input[value=""商品についての問合わせ""]:hover {
	opacity: 0.7;
}
/***「商品お気に入り」ボタン***/

#rakutenLimitedId_aroundCart div.bkm {
	width: 250px !important;
	height: 35px !important;
}
#rakutenLimitedId_aroundCart div.bkm {
	float: none;
	padding-bottom: 0 !important;
}
#rakutenLimitedId_aroundCart div.bookmarkArea div.bkm a.addBkm span.bkmStar {
	background: url(""http://www.rakuten.ne.jp/gold/kintsu/images/okini01.jpg"") no-repeat scroll 0 0 rgba(0, 0, 0, 0) !important;
	display: inline-block !important;
	height: 35px !important;
	margin: 0 0 10px !important;
	width: 250px !important;
}
/***「店舗お気に入り」ボタン***/

#rakutenLimitedId_aroundCart div.shopBkm {
	float: none !important;
	width: 250px !important;
	height: 35px !important;
}
#rakutenLimitedId_aroundCart div.shopBkm {
	padding-left: 0 !important;
}
#rakutenLimitedId_aroundCart div.shopBookmarkArea div.shopBkm a.addShopBkm span.shopBkmStar {
	background: url(""http://www.rakuten.ne.jp/gold/kintsu/images/okini02.jpg"") no-repeat scroll 0 0 rgba(0, 0, 0, 0) !important;
	display: inline-block !important;
	height: 35px !important;
	margin-right: 0 !important;
	width: 250px !important;
}
#rnkInShopPartsArea {
	margin: 0;
	padding: 0;		
}
#rnkInShopMain {
	margin: 0;
	padding: 0;		
}
</style>

<table width=""630"" border=""0"" cellpadding=""0"" cellspacing=""0"" style=""margin: 0 auto;"">
<tr>
<td valign=""top"" align=""left"">

</td>
</tr>
</table>",キュアフォン Qua phone カバー モノトーン フローラル フラワー 花 au Qua phone KYV37 カバー ケース スマホケース スマホカバー：ケータイ屋24　楽天市場店,スマートフォンアクセサリー携帯ストラップストラップスマホケーススマートフォン ケーススマホピアスイヤホンジャック アクセサリースマートフォンピアスネックストラップスワロフスキー ピアススワロフスキー ストラップスマホカバースマートフォン カバーキュアフォン Qua phone カバー モノトーン フローラル フラワー 花 au Qua phone KYV37 カバー ケース スマホケース スマホカバー,au Qua phone KYV37 カバー ケース。キュアフォン Qua phone カバー モノトーン フローラル フラワー 花 au Qua phone KYV37 カバー ケース スマホケース スマホカバー[rn]
8-90081,http://tshop.r10s.jp/kintsu/cabinet/plus-s/m/kyv37/ps-kyv37-0179a.jpg?fitin=700:700,1600.0000,,スマートフォン・タブレット > スマートフォンアクセサリー > スマートフォンケース,キュアフォン Qua phone カバー ブラック　メタル　鉄の格子模様 au Qua phone KYV37 カバー ケース スマホケース スマホカバー,au Qua phone KYV37 カバー ケース,"鉄の格子柄！メタルデザインのクールなブラック。おしゃれな au Qua phone KYV37 クリア ケース。種類も豊富♪<br><br><table border=""0"" cellpadding=""2"" cellspacing=""0"" width=""400""><tbody> <tr>
      <td bgcolor=""#cccccc"">　商品特長</td>
    </tr>
    <tr>
      <td><br>
      <font size=""2"">Plus-s(プラスエス)シリーズは、ポリカーボネイト製カバーをベースに、高品質UV硬化型インクにてプリント！商品加工すべてを日本国内の熟練した職人の手作業で行われます。made in japan<br>
      <br>
      しっかりと装着出来、端末を傷から守る事ができる機能性にも優れたケースです。ハードケース素材で、UV硬化型インクにて高品質プリントを施すことにより、高級感ある仕上がりとなっております。<BR>
      <BR>
      ジャケットを装着したままで、イヤホンや充電コネクターの接続、タッチパネルの使用など操作性も確保しております。 <BR>
      <br>
      </font></td>
    </tr>
    <tr>
      <td align=""center"">&nbsp;<img src=""http://image.rakuten.co.jp/kintsu/cabinet/plus-s/explanation_plus-s.jpg"" /><br>
      <br>
      </td>
    </tr>
    <tr><td align=""left"" bgcolor=""cccccc"">　商品説明</td></tr><tr><td align=""left""><br><font size=""2"" color=""#404040"">・スマートフォンケース側面への印刷は入りません。<br>
      ・装着したまま充電可能（卓上ホルダには対応しません）です。<br>
      ・ベースのスマートフォンケースは、複数の仕入れ先より入手しており、入荷時期によって形状が若干変わる事があります。<br>
      </font>
      <hr>
      <font size=""2"" color=""#404040"">素材：ケース本体／ポリカーボネート(クリアケース)<br>
      加工：UV硬化型インク（側面にプリントは入りません）<br>
      対応機種・サイズ：au Qua phone KYV37 専用<br>
      </font>
      <hr>
      <font size=""2"" color=""#404040"">※機種本体は含まれておりません。<br>
      ※仕様は予告なく変更する場合がございます。</font></td></tr></tbody></table><style type=""text/css"">
span.unit {
	background: url(http://www.rakuten.ne.jp/gold/kintsu/images/cart_up_send.png) no-repeat left top;
	text-indent: -9999;
	display: block;
	width: 325px;
	height: 80;
	margin: 15px 0;
}
span.choice {
	display: inline-block;
	font-size: 15px;
	margin: 5px auto;
	width: 112px;
}
select[name=""choice""] {
	font-size: 15px;
	max-width: 200px;
}
td.inventory_choice_name {
	background-color: #F7F7F7;
}
/***買い物かごまわり全ボタン・入力欄共通***/
input[value=""買い物かごに入れる""] {
	background: url(""http://www.rakuten.ne.jp/gold/kintsu/images/cart04.png"") no-repeat;
	/*border: 1px solid #930;*/
	border: 0;
	height: 45px;
	text-indent: -9999px;
	cursor: pointer !important;
	width: 250px;
	margin-top: 10px;
	display: block;
}
input[value=""買い物かごに入れる""]:not(:target) {
	background-size: cover\9; /* IE9 */
	height: 45px\9;
	width: 250px\9;
}

@media screen and (-ms-high-contrast: active), (-ms-high-contrast: none) {
input[value=""買い物かごに入れる""] {
	background-size: cover;     /* IE10 */
	height: 45px;
	width: 250px;
}
}
input[value=""買い物かごに入れる""]:hover {
	opacity: 0.8;
}
/***「お問合せ」ボタン***/
font input[value=""商品についての問合わせ""] {
	background: url(""http://www.rakuten.ne.jp/gold/kintsu/images/toiawase01.png"") no-repeat;
	/*border: 1px solid #930;*/
	border: 0;
	height: 35px;
	text-indent: -9999px;
	cursor: pointer !important;
	width: 250px;
	margin-top: 10px;
}
font input[value=""商品についての問合わせ""]:hover {
	opacity: 0.7;
}
/***「商品お気に入り」ボタン***/

#rakutenLimitedId_aroundCart div.bkm {
	width: 250px !important;
	height: 35px !important;
}
#rakutenLimitedId_aroundCart div.bkm {
	float: none;
	padding-bottom: 0 !important;
}
#rakutenLimitedId_aroundCart div.bookmarkArea div.bkm a.addBkm span.bkmStar {
	background: url(""http://www.rakuten.ne.jp/gold/kintsu/images/okini01.jpg"") no-repeat scroll 0 0 rgba(0, 0, 0, 0) !important;
	display: inline-block !important;
	height: 35px !important;
	margin: 0 0 10px !important;
	width: 250px !important;
}
/***「店舗お気に入り」ボタン***/

#rakutenLimitedId_aroundCart div.shopBkm {
	float: none !important;
	width: 250px !important;
	height: 35px !important;
}
#rakutenLimitedId_aroundCart div.shopBkm {
	padding-left: 0 !important;
}
#rakutenLimitedId_aroundCart div.shopBookmarkArea div.shopBkm a.addShopBkm span.shopBkmStar {
	background: url(""http://www.rakuten.ne.jp/gold/kintsu/images/okini02.jpg"") no-repeat scroll 0 0 rgba(0, 0, 0, 0) !important;
	display: inline-block !important;
	height: 35px !important;
	margin-right: 0 !important;
	width: 250px !important;
}
#rnkInShopPartsArea {
	margin: 0;
	padding: 0;		
}
#rnkInShopMain {
	margin: 0;
	padding: 0;		
}
</style>

<table width=""630"" border=""0"" cellpadding=""0"" cellspacing=""0"" style=""margin: 0 auto;"">
<tr>
<td valign=""top"" align=""left"">

</td>
</tr>
</table>",キュアフォン Qua phone カバー ブラック　メタル　鉄の格子模様 au Qua phone KYV37 カバー ケース スマホケース スマホカバー：ケータイ屋24　楽天市場店,スマートフォンアクセサリー携帯ストラップストラップスマホケーススマートフォン ケーススマホピアスイヤホンジャック アクセサリースマートフォンピアスネックストラップスワロフスキー ピアススワロフスキー ストラップスマホカバースマートフォン カバーキュアフォン Qua phone カバー ブラック　メタル　鉄の格子模様 au Qua phone KYV37 カバー ケース スマホケース スマホカバー,au Qua phone KYV37 カバー ケース。キュアフォン Qua phone カバー ブラック　メタル　鉄の格子模様 au Qua phone KYV37 カバー ケース スマホケース スマホカバー[rn]
8-90082,http://tshop.r10s.jp/kintsu/cabinet/plus-s/diary/plus-diary-tmd0015a2.jpg?fitin=700:700,1836.8000,,スマートフォン・タブレット > スマートフォンアクセサリー > スマートフォンケース,Qua phone KYV37 手帳型ケース au 手帳型ケース キュア フォン ケース 手帳型 テディベア くま ぬいぐるみ カバー kyv37 ケース kyv37 カバー キュア フォン ケース カバー おしゃれ かわいい 手帳型スマホケース スマホケース スマホカバー,KYV37 ケース 手帳型 スマホケース 手帳ケース☆,"<font color=""#ff0000""><b>※ 画像はイメージです。<br>
機種やカメラの位置等によって、デザインの見え方が異ったり<br>絵柄が切れる場合がございます。
<br>
予めご了承ください。</b></font><br><br>
大きなリボンがかわいいテディベアの 手帳型 ダイアリーケース。バラエティも豊富☆ Qua phone KYV37ケース<br>
<br><table border=""0"" cellpadding=""2"" cellspacing=""0"" width=""400""><tbody> <tr>
      <td bgcolor=""#cccccc"">　商品特長</td>
    </tr>
    <tr>
      <td><br>
      <font size=""2"">Plus-s(プラスエス)シリーズは、手帳型カバーをベースに、高品質UV硬化型インクにてプリント！商品加工すべてを日本国内の熟練した職人の手作業で行われます。made in japan<br>
      <br>
      しっかりと装着出来、端末を傷から守る事ができる機能性にも優れたケースです。合皮素材で、UV硬化型インクにて高品質プリントを施すことにより、高級感ある仕上がりとなっております。<BR>
      <br>
      </font></td>
    </tr>
    <tr>
      <td align=""center"">&nbsp;<img src=""http://image.rakuten.co.jp/kintsu/cabinet/plus-s/explanation_plus-s.jpg"" /><br>
      <br>
      </td>
    </tr>
    <tr><td align=""left"" bgcolor=""cccccc"">　商品説明</td></tr><tr><td align=""left""><br><font size=""2"" color=""#404040"">
      ・装着したまま充電可能（一部非対応）（卓上ホルダには対応しません）<br>
      ・ベースの手帳型ケースは、複数の仕入れ先より入手しており、入荷時期によって形状が若干変わる事があります。<br>
      </font>
      <hr>
      <font size=""2"" color=""#404040"">素材：手帳ケース本体／合皮　<br>ハードケース／ポリカーボネート(ブラックケース)<br>
      加工：UV硬化型インク<br>
      対応機種：Qua phone KYV37<br>
      </font>
      <hr>
      <font size=""2"" color=""#404040"">※機種本体は含まれておりません。<br>
      ※仕様は予告なく変更する場合がございます。
<br>
      ※ 実物の色に近づけるように努めていますが、ご利用のモニター、PCやスマートフォンの環境により掲載写真の色が実物の色と違って見える場合がございます。
</font></td></tr></tbody></table><style type=""text/css"">
span.unit {
	background: url(http://www.rakuten.ne.jp/gold/kintsu/images/cart_up_send.png) no-repeat left top;
	text-indent: -9999;
	display: block;
	width: 325px;
	height: 80;
	margin: 15px 0;
}
span.choice {
	display: inline-block;
	font-size: 15px;
	margin: 5px auto;
	width: 112px;
}
select[name=""choice""] {
	font-size: 15px;
	max-width: 200px;
}
td.inventory_choice_name {
	background-color: #F7F7F7;
}
/***買い物かごまわり全ボタン・入力欄共通***/
input[value=""買い物かごに入れる""] {
	background: url(""http://www.rakuten.ne.jp/gold/kintsu/images/cart04.png"") no-repeat;
	/*border: 1px solid #930;*/
	border: 0;
	height: 45px;
	text-indent: -9999px;
	cursor: pointer !important;
	width: 250px;
	margin-top: 10px;
	display: block;
}
input[value=""買い物かごに入れる""]:not(:target) {
	background-size: cover\9; /* IE9 */
	height: 45px\9;
	width: 250px\9;
}

@media screen and (-ms-high-contrast: active), (-ms-high-contrast: none) {
input[value=""買い物かごに入れる""] {
	background-size: cover;     /* IE10 */
	height: 45px;
	width: 250px;
}
}
input[value=""買い物かごに入れる""]:hover {
	opacity: 0.8;
}
/***「お問合せ」ボタン***/
font input[value=""商品についての問合わせ""] {
	background: url(""http://www.rakuten.ne.jp/gold/kintsu/images/toiawase01.png"") no-repeat;
	/*border: 1px solid #930;*/
	border: 0;
	height: 35px;
	text-indent: -9999px;
	cursor: pointer !important;
	width: 250px;
	margin-top: 10px;
}
font input[value=""商品についての問合わせ""]:hover {
	opacity: 0.7;
}
/***「商品お気に入り」ボタン***/

#rakutenLimitedId_aroundCart div.bkm {
	width: 250px !important;
	height: 35px !important;
}
#rakutenLimitedId_aroundCart div.bkm {
	float: none;
	padding-bottom: 0 !important;
}
#rakutenLimitedId_aroundCart div.bookmarkArea div.bkm a.addBkm span.bkmStar {
	background: url(""http://www.rakuten.ne.jp/gold/kintsu/images/okini01.jpg"") no-repeat scroll 0 0 rgba(0, 0, 0, 0) !important;
	display: inline-block !important;
	height: 35px !important;
	margin: 0 0 10px !important;
	width: 250px !important;
}
/***「店舗お気に入り」ボタン***/

#rakutenLimitedId_aroundCart div.shopBkm {
	float: none !important;
	width: 250px !important;
	height: 35px !important;
}
#rakutenLimitedId_aroundCart div.shopBkm {
	padding-left: 0 !important;
}
#rakutenLimitedId_aroundCart div.shopBookmarkArea div.shopBkm a.addShopBkm span.shopBkmStar {
	background: url(""http://www.rakuten.ne.jp/gold/kintsu/images/okini02.jpg"") no-repeat scroll 0 0 rgba(0, 0, 0, 0) !important;
	display: inline-block !important;
	height: 35px !important;
	margin-right: 0 !important;
	width: 250px !important;
}
#rnkInShopPartsArea {
	margin: 0;
	padding: 0;		
}
#rnkInShopMain {
	margin: 0;
	padding: 0;		
}
</style>

<table width=""630"" border=""0"" cellpadding=""0"" cellspacing=""0"" style=""margin: 0 auto;"">
<tr>
<td valign=""top"" align=""left"">

</td>
</tr>
</table>",Qua phone KYV37 手帳型ケース au 手帳型ケース キュア フォン ケース 手帳型 テディベア くま ぬいぐるみ カバー kyv37 ケース kyv37 カバー キュア フォン ケース カバー おしゃれ かわいい 手帳型スマホケース スマホケース スマホカバー：ケータイ屋24　楽天市場店,スマートフォンアクセサリー携帯ストラップストラップスマホケーススマートフォン ケーススマホピアスイヤホンジャック アクセサリースマートフォンピアスネックストラップスワロフスキー ピアススワロフスキー ストラップスマホカバースマートフォン カバーQua phone KYV37 手帳型ケース au 手帳型ケース キュア フォン ケース 手帳型 テディベア くま ぬいぐるみ カバー kyv37 ケース kyv37 カバー キュア フォン ケース カバー おしゃれ かわいい 手帳型スマホケース スマホケース スマホカバー,KYV37 ケース 手帳型 スマホケース 手帳ケース☆。Qua phone KYV37 手帳型ケース au 手帳型ケース キュア フォン ケース 手帳型 テディベア くま ぬいぐるみ カバー kyv37 ケース kyv37 カバー キュア フォン ケース カバー おしゃれ かわいい 手帳型スマホケース スマホケース スマホカバー[rn]
8-90083,http://tshop.r10s.jp/kintsu/cabinet/plus-s/m/kyv37/ps-kyv37-0135a.jpg?fitin=700:700,1600.0000,,スマートフォン・タブレット > スマートフォンアクセサリー > スマートフォンケース,アメ車ガール カラー au Qua phone KYV37 ケース カバー　キュアフォン Qua phone カバー ケース ケース クリア ハードケース スマホケース スマホカバー,au Qua phone KYV37 カバー ケース,"アメ車の上にガールが座ったロカビリーなファッション☆au Qua phone KYV37 クリア ケース。<br><br><table border=""0"" cellpadding=""2"" cellspacing=""0"" width=""400""><tbody> <tr>
      <td bgcolor=""#cccccc"">　商品特長</td>
    </tr>
    <tr>
      <td><br>
      <font size=""2"">Plus-s(プラスエス)シリーズは、ポリカーボネイト製カバーをベースに、高品質UV硬化型インクにてプリント！商品加工すべてを日本国内の熟練した職人の手作業で行われます。made in japan<br>
      <br>
      しっかりと装着出来、端末を傷から守る事ができる機能性にも優れたケースです。ハードケース素材で、UV硬化型インクにて高品質プリントを施すことにより、高級感ある仕上がりとなっております。<BR>
      <BR>
      ジャケットを装着したままで、イヤホンや充電コネクターの接続、タッチパネルの使用など操作性も確保しております。 <BR>
      <br>
      </font></td>
    </tr>
    <tr>
      <td align=""center"">&nbsp;<img src=""http://image.rakuten.co.jp/kintsu/cabinet/plus-s/explanation_plus-s.jpg"" /><br>
      <br>
      </td>
    </tr>
    <tr><td align=""left"" bgcolor=""cccccc"">　商品説明</td></tr><tr><td align=""left""><br><font size=""2"" color=""#404040"">・スマートフォンケース側面への印刷は入りません。<br>
      ・装着したまま充電可能（卓上ホルダには対応しません）です。<br>
      ・ベースのスマートフォンケースは、複数の仕入れ先より入手しており、入荷時期によって形状が若干変わる事があります。<br>
      </font>
      <hr>
      <font size=""2"" color=""#404040"">素材：ケース本体／ポリカーボネート(クリアケース)<br>
      加工：UV硬化型インク（側面にプリントは入りません）<br>
      対応機種・サイズ：au Qua phone KYV37 専用<br>
      </font>
      <hr>
      <font size=""2"" color=""#404040"">※機種本体は含まれておりません。<br>
      ※仕様は予告なく変更する場合がございます。</font></td></tr></tbody></table><style type=""text/css"">
span.unit {
	background: url(http://www.rakuten.ne.jp/gold/kintsu/images/cart_up_send.png) no-repeat left top;
	text-indent: -9999;
	display: block;
	width: 325px;
	height: 80;
	margin: 15px 0;
}
span.choice {
	display: inline-block;
	font-size: 15px;
	margin: 5px auto;
	width: 112px;
}
select[name=""choice""] {
	font-size: 15px;
	max-width: 200px;
}
td.inventory_choice_name {
	background-color: #F7F7F7;
}
/***買い物かごまわり全ボタン・入力欄共通***/
input[value=""買い物かごに入れる""] {
	background: url(""http://www.rakuten.ne.jp/gold/kintsu/images/cart04.png"") no-repeat;
	/*border: 1px solid #930;*/
	border: 0;
	height: 45px;
	text-indent: -9999px;
	cursor: pointer !important;
	width: 250px;
	margin-top: 10px;
	display: block;
}
input[value=""買い物かごに入れる""]:not(:target) {
	background-size: cover\9; /* IE9 */
	height: 45px\9;
	width: 250px\9;
}

@media screen and (-ms-high-contrast: active), (-ms-high-contrast: none) {
input[value=""買い物かごに入れる""] {
	background-size: cover;     /* IE10 */
	height: 45px;
	width: 250px;
}
}
input[value=""買い物かごに入れる""]:hover {
	opacity: 0.8;
}
/***「お問合せ」ボタン***/
font input[value=""商品についての問合わせ""] {
	background: url(""http://www.rakuten.ne.jp/gold/kintsu/images/toiawase01.png"") no-repeat;
	/*border: 1px solid #930;*/
	border: 0;
	height: 35px;
	text-indent: -9999px;
	cursor: pointer !important;
	width: 250px;
	margin-top: 10px;
}
font input[value=""商品についての問合わせ""]:hover {
	opacity: 0.7;
}
/***「商品お気に入り」ボタン***/

#rakutenLimitedId_aroundCart div.bkm {
	width: 250px !important;
	height: 35px !important;
}
#rakutenLimitedId_aroundCart div.bkm {
	float: none;
	padding-bottom: 0 !important;
}
#rakutenLimitedId_aroundCart div.bookmarkArea div.bkm a.addBkm span.bkmStar {
	background: url(""http://www.rakuten.ne.jp/gold/kintsu/images/okini01.jpg"") no-repeat scroll 0 0 rgba(0, 0, 0, 0) !important;
	display: inline-block !important;
	height: 35px !important;
	margin: 0 0 10px !important;
	width: 250px !important;
}
/***「店舗お気に入り」ボタン***/

#rakutenLimitedId_aroundCart div.shopBkm {
	float: none !important;
	width: 250px !important;
	height: 35px !important;
}
#rakutenLimitedId_aroundCart div.shopBkm {
	padding-left: 0 !important;
}
#rakutenLimitedId_aroundCart div.shopBookmarkArea div.shopBkm a.addShopBkm span.shopBkmStar {
	background: url(""http://www.rakuten.ne.jp/gold/kintsu/images/okini02.jpg"") no-repeat scroll 0 0 rgba(0, 0, 0, 0) !important;
	display: inline-block !important;
	height: 35px !important;
	margin-right: 0 !important;
	width: 250px !important;
}
#rnkInShopPartsArea {
	margin: 0;
	padding: 0;		
}
#rnkInShopMain {
	margin: 0;
	padding: 0;		
}
</style>

<table width=""630"" border=""0"" cellpadding=""0"" cellspacing=""0"" style=""margin: 0 auto;"">
<tr>
<td valign=""top"" align=""left"">

</td>
</tr>
</table>",アメ車ガール カラー au Qua phone KYV37 ケース カバー　キュアフォン Qua phone カバー ケース ケース クリア ハードケース スマホケース スマホカバー：ケータイ屋24　楽天市場店,スマートフォンアクセサリー携帯ストラップストラップスマホケーススマートフォン ケーススマホピアスイヤホンジャック アクセサリースマートフォンピアスネックストラップスワロフスキー ピアススワロフスキー ストラップスマホカバースマートフォン カバーアメ車ガール カラー au Qua phone KYV37 ケース カバー　キュアフォン Qua phone カバー ケース ケース クリア ハードケース スマホケース スマホカバー,au Qua phone KYV37 カバー ケース。アメ車ガール カラー au Qua phone KYV37 ケース カバー　キュアフォン Qua phone カバー ケース ケース クリア ハードケース スマホケース スマホカバー[rn]
8-90084,http://tshop.r10s.jp/kintsu/cabinet/plus-s/n/kyv37/ps-kyv37-1092a.jpg?fitin=700:700,1600.0000,,スマートフォン・タブレット > スマートフォンアクセサリー > スマートフォンケース,ラッパ吹きのうさぎ au Qua phone KYV37 ケース カバー　キュアフォン Qua phone カバー ケース ケース クリア ハードケース スマホケース スマホカバー,au Qua phone KYV37 カバー ケース,"ウサギのラッパから楽しい音楽が流れてくるような au Qua phone KYV37 クリア ケース。裏側が透けるデザインなので、機種本体のデザインが活かされます♪<br><br>
<table border=""0"" cellpadding=""2"" cellspacing=""0"" width=""400"">
 <tbody>
  <tr>
   <td bgcolor=""#cccccc"">　商品特長</td>
  </tr>
  <tr>
   <td><br><font size=""2"">Plus-s(プラスエス)シリーズは、ポリカーボネイト製カバーをベースに、高品質UV硬化型インクにてプリント！商品加工すべてを日本国内の熟練した職人の手作業で行われます。made in japan<br><br>しっかりと装着出来、端末を傷から守る事ができる機能性にも優れたケースです。ハードケース素材で、UV硬化型インクにて高品質プリントを施すことにより、高級感ある仕上がりとなっております。<BR><BR>ジャケットを装着したままで、イヤホンや充電コネクターの接続、タッチパネルの使用など操作性も確保しております。<BR><br></font>
   </td>
  </tr>
  <tr>
   <td align=""center"">&nbsp;<img src=""http://image.rakuten.co.jp/kintsu/cabinet/plus-s/explanation_plus-s.jpg"" /><br><br>
   </td>
  </tr>
  <tr>
   <td align=""left"" bgcolor=""cccccc"">　商品説明</td></tr><tr><td align=""left""><br><font size=""2"" color=""#404040"">・スマートフォンケース側面への印刷は入りません。<br>
      ・装着したまま充電可能（卓上ホルダには対応しません）です。<br>
      ・ベースのスマートフォンケースは、複数の仕入れ先より入手しており、入荷時期によって形状が若干変わる事があります。<br></font>
    <hr>
     <font size=""2"" color=""#404040"">素材：ケース本体／ポリカーボネート(クリアケース)<br>加工：UV硬化型インク（側面にプリントは入りません）<br>対応機種・サイズ：au Qua phone KYV37 専用<br></font>
    <hr>
     <font size=""2"" color=""#404040"">※機種本体は含まれておりません。<br>※仕様は予告なく変更する場合がございます。</font>
   </td>
  </tr>
 </tbody>
</table><style type=""text/css"">
span.unit {
	background: url(http://www.rakuten.ne.jp/gold/kintsu/images/cart_up_send.png) no-repeat left top;
	text-indent: -9999;
	display: block;
	width: 325px;
	height: 80;
	margin: 15px 0;
}
span.choice {
	display: inline-block;
	font-size: 15px;
	margin: 5px auto;
	width: 112px;
}
select[name=""choice""] {
	font-size: 15px;
	max-width: 200px;
}
td.inventory_choice_name {
	background-color: #F7F7F7;
}
/***買い物かごまわり全ボタン・入力欄共通***/
input[value=""買い物かごに入れる""] {
	background: url(""http://www.rakuten.ne.jp/gold/kintsu/images/cart04.png"") no-repeat;
	/*border: 1px solid #930;*/
	border: 0;
	height: 45px;
	text-indent: -9999px;
	cursor: pointer !important;
	width: 250px;
	margin-top: 10px;
	display: block;
}
input[value=""買い物かごに入れる""]:not(:target) {
	background-size: cover\9; /* IE9 */
	height: 45px\9;
	width: 250px\9;
}

@media screen and (-ms-high-contrast: active), (-ms-high-contrast: none) {
input[value=""買い物かごに入れる""] {
	background-size: cover;     /* IE10 */
	height: 45px;
	width: 250px;
}
}
input[value=""買い物かごに入れる""]:hover {
	opacity: 0.8;
}
/***「お問合せ」ボタン***/
font input[value=""商品についての問合わせ""] {
	background: url(""http://www.rakuten.ne.jp/gold/kintsu/images/toiawase01.png"") no-repeat;
	/*border: 1px solid #930;*/
	border: 0;
	height: 35px;
	text-indent: -9999px;
	cursor: pointer !important;
	width: 250px;
	margin-top: 10px;
}
font input[value=""商品についての問合わせ""]:hover {
	opacity: 0.7;
}
/***「商品お気に入り」ボタン***/

#rakutenLimitedId_aroundCart div.bkm {
	width: 250px !important;
	height: 35px !important;
}
#rakutenLimitedId_aroundCart div.bkm {
	float: none;
	padding-bottom: 0 !important;
}
#rakutenLimitedId_aroundCart div.bookmarkArea div.bkm a.addBkm span.bkmStar {
	background: url(""http://www.rakuten.ne.jp/gold/kintsu/images/okini01.jpg"") no-repeat scroll 0 0 rgba(0, 0, 0, 0) !important;
	display: inline-block !important;
	height: 35px !important;
	margin: 0 0 10px !important;
	width: 250px !important;
}
/***「店舗お気に入り」ボタン***/

#rakutenLimitedId_aroundCart div.shopBkm {
	float: none !important;
	width: 250px !important;
	height: 35px !important;
}
#rakutenLimitedId_aroundCart div.shopBkm {
	padding-left: 0 !important;
}
#rakutenLimitedId_aroundCart div.shopBookmarkArea div.shopBkm a.addShopBkm span.shopBkmStar {
	background: url(""http://www.rakuten.ne.jp/gold/kintsu/images/okini02.jpg"") no-repeat scroll 0 0 rgba(0, 0, 0, 0) !important;
	display: inline-block !important;
	height: 35px !important;
	margin-right: 0 !important;
	width: 250px !important;
}
#rnkInShopPartsArea {
	margin: 0;
	padding: 0;		
}
#rnkInShopMain {
	margin: 0;
	padding: 0;		
}
</style>

<table width=""630"" border=""0"" cellpadding=""0"" cellspacing=""0"" style=""margin: 0 auto;"">
<tr>
<td valign=""top"" align=""left"">

</td>
</tr>
</table>",ラッパ吹きのうさぎ au Qua phone KYV37 ケース カバー　キュアフォン Qua phone カバー ケース ケース クリア ハードケース スマホケース スマホカバー：ケータイ屋24　楽天市場店,スマートフォンアクセサリー携帯ストラップストラップスマホケーススマートフォン ケーススマホピアスイヤホンジャック アクセサリースマートフォンピアスネックストラップスワロフスキー ピアススワロフスキー ストラップスマホカバースマートフォン カバーラッパ吹きのうさぎ au Qua phone KYV37 ケース カバー　キュアフォン Qua phone カバー ケース ケース クリア ハードケース スマホケース スマホカバー,au Qua phone KYV37 カバー ケース。ラッパ吹きのうさぎ au Qua phone KYV37 ケース カバー　キュアフォン Qua phone カバー ケース ケース クリア ハードケース スマホケース スマホカバー[rn]
8-90085,http://tshop.r10s.jp/kintsu/cabinet/plus-s/m/kyv37/ps-kyv37-0048a.jpg?fitin=700:700,1600.0000,,スマートフォン・タブレット > スマートフォンアクセサリー > スマートフォンケース,キュアフォン Qua phone カバー 非常識 BAKA 非常口 au Qua phone KYV37 カバー ケース スマホケース スマホカバー,au Qua phone KYV37 カバー ケース,"パロディ非常識のロゴのau Qua phone KYV37 クリア ケース。インパクト大！<br><br><table border=""0"" cellpadding=""2"" cellspacing=""0"" width=""400""><tbody> <tr>
      <td bgcolor=""#cccccc"">　商品特長</td>
    </tr>
    <tr>
      <td><br>
      <font size=""2"">Plus-s(プラスエス)シリーズは、ポリカーボネイト製カバーをベースに、高品質UV硬化型インクにてプリント！商品加工すべてを日本国内の熟練した職人の手作業で行われます。made in japan<br>
      <br>
      しっかりと装着出来、端末を傷から守る事ができる機能性にも優れたケースです。ハードケース素材で、UV硬化型インクにて高品質プリントを施すことにより、高級感ある仕上がりとなっております。<BR>
      <BR>
      ジャケットを装着したままで、イヤホンや充電コネクターの接続、タッチパネルの使用など操作性も確保しております。 <BR>
      <br>
      </font></td>
    </tr>
    <tr>
      <td align=""center"">&nbsp;<img src=""http://image.rakuten.co.jp/kintsu/cabinet/plus-s/explanation_plus-s.jpg"" /><br>
      <br>
      </td>
    </tr>
    <tr><td align=""left"" bgcolor=""cccccc"">　商品説明</td></tr><tr><td align=""left""><br><font size=""2"" color=""#404040"">・スマートフォンケース側面への印刷は入りません。<br>
      ・装着したまま充電可能（卓上ホルダには対応しません）です。<br>
      ・ベースのスマートフォンケースは、複数の仕入れ先より入手しており、入荷時期によって形状が若干変わる事があります。<br>
      </font>
      <hr>
      <font size=""2"" color=""#404040"">素材：ケース本体／ポリカーボネート(クリアケース)<br>
      加工：UV硬化型インク（側面にプリントは入りません）<br>
      対応機種・サイズ：au Qua phone KYV37 専用<br>
      </font>
      <hr>
      <font size=""2"" color=""#404040"">※機種本体は含まれておりません。<br>
      ※仕様は予告なく変更する場合がございます。</font></td></tr></tbody></table><style type=""text/css"">
span.unit {
	background: url(http://www.rakuten.ne.jp/gold/kintsu/images/cart_up_send.png) no-repeat left top;
	text-indent: -9999;
	display: block;
	width: 325px;
	height: 80;
	margin: 15px 0;
}
span.choice {
	display: inline-block;
	font-size: 15px;
	margin: 5px auto;
	width: 112px;
}
select[name=""choice""] {
	font-size: 15px;
	max-width: 200px;
}
td.inventory_choice_name {
	background-color: #F7F7F7;
}
/***買い物かごまわり全ボタン・入力欄共通***/
input[value=""買い物かごに入れる""] {
	background: url(""http://www.rakuten.ne.jp/gold/kintsu/images/cart04.png"") no-repeat;
	/*border: 1px solid #930;*/
	border: 0;
	height: 45px;
	text-indent: -9999px;
	cursor: pointer !important;
	width: 250px;
	margin-top: 10px;
	display: block;
}
input[value=""買い物かごに入れる""]:not(:target) {
	background-size: cover\9; /* IE9 */
	height: 45px\9;
	width: 250px\9;
}

@media screen and (-ms-high-contrast: active), (-ms-high-contrast: none) {
input[value=""買い物かごに入れる""] {
	background-size: cover;     /* IE10 */
	height: 45px;
	width: 250px;
}
}
input[value=""買い物かごに入れる""]:hover {
	opacity: 0.8;
}
/***「お問合せ」ボタン***/
font input[value=""商品についての問合わせ""] {
	background: url(""http://www.rakuten.ne.jp/gold/kintsu/images/toiawase01.png"") no-repeat;
	/*border: 1px solid #930;*/
	border: 0;
	height: 35px;
	text-indent: -9999px;
	cursor: pointer !important;
	width: 250px;
	margin-top: 10px;
}
font input[value=""商品についての問合わせ""]:hover {
	opacity: 0.7;
}
/***「商品お気に入り」ボタン***/

#rakutenLimitedId_aroundCart div.bkm {
	width: 250px !important;
	height: 35px !important;
}
#rakutenLimitedId_aroundCart div.bkm {
	float: none;
	padding-bottom: 0 !important;
}
#rakutenLimitedId_aroundCart div.bookmarkArea div.bkm a.addBkm span.bkmStar {
	background: url(""http://www.rakuten.ne.jp/gold/kintsu/images/okini01.jpg"") no-repeat scroll 0 0 rgba(0, 0, 0, 0) !important;
	display: inline-block !important;
	height: 35px !important;
	margin: 0 0 10px !important;
	width: 250px !important;
}
/***「店舗お気に入り」ボタン***/

#rakutenLimitedId_aroundCart div.shopBkm {
	float: none !important;
	width: 250px !important;
	height: 35px !important;
}
#rakutenLimitedId_aroundCart div.shopBkm {
	padding-left: 0 !important;
}
#rakutenLimitedId_aroundCart div.shopBookmarkArea div.shopBkm a.addShopBkm span.shopBkmStar {
	background: url(""http://www.rakuten.ne.jp/gold/kintsu/images/okini02.jpg"") no-repeat scroll 0 0 rgba(0, 0, 0, 0) !important;
	display: inline-block !important;
	height: 35px !important;
	margin-right: 0 !important;
	width: 250px !important;
}
#rnkInShopPartsArea {
	margin: 0;
	padding: 0;		
}
#rnkInShopMain {
	margin: 0;
	padding: 0;		
}
</style>

<table width=""630"" border=""0"" cellpadding=""0"" cellspacing=""0"" style=""margin: 0 auto;"">
<tr>
<td valign=""top"" align=""left"">

</td>
</tr>
</table>",キュアフォン Qua phone カバー 非常識 BAKA 非常口 au Qua phone KYV37 カバー ケース スマホケース スマホカバー：ケータイ屋24　楽天市場店,スマートフォンアクセサリー携帯ストラップストラップスマホケーススマートフォン ケーススマホピアスイヤホンジャック アクセサリースマートフォンピアスネックストラップスワロフスキー ピアススワロフスキー ストラップスマホカバースマートフォン カバーキュアフォン Qua phone カバー 非常識 BAKA 非常口 au Qua phone KYV37 カバー ケース スマホケース スマホカバー,au Qua phone KYV37 カバー ケース。キュアフォン Qua phone カバー 非常識 BAKA 非常口 au Qua phone KYV37 カバー ケース スマホケース スマホカバー[rn]
8-90086,http://tshop.r10s.jp/kintsu/cabinet/plus-s/n/kyv37/ps-kyv37-1075a.jpg?fitin=700:700,1600.0000,,スマートフォン・タブレット > スマートフォンアクセサリー > スマートフォンケース,スノウワールド グラデーションレッド au Qua phone KYV37 ケース カバー　キュアフォン Qua phone カバー ケース ケース クリア ハードケース スマホケース スマホカバー,au Qua phone KYV37 カバー ケース,"美しい雪の世界♪au Qua phone KYV37 クリア ケース。グラデーションカラーで美しい♪<br><br><table border=""0"" cellpadding=""2"" cellspacing=""0"" width=""400""><tbody> <tr>
      <td bgcolor=""#cccccc"">　商品特長</td>
    </tr>
    <tr>
      <td><br>
      <font size=""2"">Plus-s(プラスエス)シリーズは、ポリカーボネイト製カバーをベースに、高品質UV硬化型インクにてプリント！商品加工すべてを日本国内の熟練した職人の手作業で行われます。made in japan<br>
      <br>
      しっかりと装着出来、端末を傷から守る事ができる機能性にも優れたケースです。ハードケース素材で、UV硬化型インクにて高品質プリントを施すことにより、高級感ある仕上がりとなっております。<BR>
      <BR>
      ジャケットを装着したままで、イヤホンや充電コネクターの接続、タッチパネルの使用など操作性も確保しております。 <BR>
      <br>
      </font></td>
    </tr>
    <tr>
      <td align=""center"">&nbsp;<img src=""http://image.rakuten.co.jp/kintsu/cabinet/plus-s/explanation_plus-s.jpg"" /><br>
      <br>
      </td>
    </tr>
    <tr><td align=""left"" bgcolor=""cccccc"">　商品説明</td></tr><tr><td align=""left""><br><font size=""2"" color=""#404040"">・スマートフォンケース側面への印刷は入りません。<br>
      ・装着したまま充電可能（卓上ホルダには対応しません）です。<br>
      ・ベースのスマートフォンケースは、複数の仕入れ先より入手しており、入荷時期によって形状が若干変わる事があります。<br>
      </font>
      <hr>
      <font size=""2"" color=""#404040"">素材：ケース本体／ポリカーボネート(クリアケース)<br>
      加工：UV硬化型インク（側面にプリントは入りません）<br>
      対応機種・サイズ：au Qua phone KYV37 専用<br>
      </font>
      <hr>
      <font size=""2"" color=""#404040"">※機種本体は含まれておりません。<br>
      ※仕様は予告なく変更する場合がございます。</font></td></tr></tbody></table><style type=""text/css"">
span.unit {
	background: url(http://www.rakuten.ne.jp/gold/kintsu/images/cart_up_send.png) no-repeat left top;
	text-indent: -9999;
	display: block;
	width: 325px;
	height: 80;
	margin: 15px 0;
}
span.choice {
	display: inline-block;
	font-size: 15px;
	margin: 5px auto;
	width: 112px;
}
select[name=""choice""] {
	font-size: 15px;
	max-width: 200px;
}
td.inventory_choice_name {
	background-color: #F7F7F7;
}
/***買い物かごまわり全ボタン・入力欄共通***/
input[value=""買い物かごに入れる""] {
	background: url(""http://www.rakuten.ne.jp/gold/kintsu/images/cart04.png"") no-repeat;
	/*border: 1px solid #930;*/
	border: 0;
	height: 45px;
	text-indent: -9999px;
	cursor: pointer !important;
	width: 250px;
	margin-top: 10px;
	display: block;
}
input[value=""買い物かごに入れる""]:not(:target) {
	background-size: cover\9; /* IE9 */
	height: 45px\9;
	width: 250px\9;
}

@media screen and (-ms-high-contrast: active), (-ms-high-contrast: none) {
input[value=""買い物かごに入れる""] {
	background-size: cover;     /* IE10 */
	height: 45px;
	width: 250px;
}
}
input[value=""買い物かごに入れる""]:hover {
	opacity: 0.8;
}
/***「お問合せ」ボタン***/
font input[value=""商品についての問合わせ""] {
	background: url(""http://www.rakuten.ne.jp/gold/kintsu/images/toiawase01.png"") no-repeat;
	/*border: 1px solid #930;*/
	border: 0;
	height: 35px;
	text-indent: -9999px;
	cursor: pointer !important;
	width: 250px;
	margin-top: 10px;
}
font input[value=""商品についての問合わせ""]:hover {
	opacity: 0.7;
}
/***「商品お気に入り」ボタン***/

#rakutenLimitedId_aroundCart div.bkm {
	width: 250px !important;
	height: 35px !important;
}
#rakutenLimitedId_aroundCart div.bkm {
	float: none;
	padding-bottom: 0 !important;
}
#rakutenLimitedId_aroundCart div.bookmarkArea div.bkm a.addBkm span.bkmStar {
	background: url(""http://www.rakuten.ne.jp/gold/kintsu/images/okini01.jpg"") no-repeat scroll 0 0 rgba(0, 0, 0, 0) !important;
	display: inline-block !important;
	height: 35px !important;
	margin: 0 0 10px !important;
	width: 250px !important;
}
/***「店舗お気に入り」ボタン***/

#rakutenLimitedId_aroundCart div.shopBkm {
	float: none !important;
	width: 250px !important;
	height: 35px !important;
}
#rakutenLimitedId_aroundCart div.shopBkm {
	padding-left: 0 !important;
}
#rakutenLimitedId_aroundCart div.shopBookmarkArea div.shopBkm a.addShopBkm span.shopBkmStar {
	background: url(""http://www.rakuten.ne.jp/gold/kintsu/images/okini02.jpg"") no-repeat scroll 0 0 rgba(0, 0, 0, 0) !important;
	display: inline-block !important;
	height: 35px !important;
	margin-right: 0 !important;
	width: 250px !important;
}
#rnkInShopPartsArea {
	margin: 0;
	padding: 0;		
}
#rnkInShopMain {
	margin: 0;
	padding: 0;		
}
</style>

<table width=""630"" border=""0"" cellpadding=""0"" cellspacing=""0"" style=""margin: 0 auto;"">
<tr>
<td valign=""top"" align=""left"">

</td>
</tr>
</table>",スノウワールド グラデーションレッド au Qua phone KYV37 ケース カバー　キュアフォン Qua phone カバー ケース ケース クリア ハードケース スマホケース スマホカバー：ケータイ屋24　楽天市場店,スマートフォンアクセサリー携帯ストラップストラップスマホケーススマートフォン ケーススマホピアスイヤホンジャック アクセサリースマートフォンピアスネックストラップスワロフスキー ピアススワロフスキー ストラップスマホカバースマートフォン カバースノウワールド グラデーションレッド au Qua phone KYV37 ケース カバー　キュアフォン Qua phone カバー ケース ケース クリア ハードケース スマホケース スマホカバー,au Qua phone KYV37 カバー ケース。スノウワールド グラデーションレッド au Qua phone KYV37 ケース カバー　キュアフォン Qua phone カバー ケース ケース クリア ハードケース スマホケース スマホカバー[rn]
8-90087,http://tshop.r10s.jp/kintsu/cabinet/plus-s/m/kyv37/ps-kyv37-0352a.jpg?fitin=700:700,1600.0000,,スマートフォン・タブレット > スマートフォンアクセサリー > スマートフォンケース,キュアフォン Qua phone カバー 輝く星　美女と野獣　世界名作童話 クリア au Qua phone KYV37 カバー ケース スマホケース スマホカバー,au Qua phone KYV37 カバー ケース,"輝く星の下、美女と野獣のダンスの au Qua phone KYV37 クリア ケース。裏側が透けるデザインなので、機種本体のデザインが活かされます♪<br><br>
<table border=""0"" cellpadding=""2"" cellspacing=""0"" width=""400"">
 <tbody>
  <tr>
   <td bgcolor=""#cccccc"">　商品特長</td>
  </tr>
  <tr>
   <td><br><font size=""2"">Plus-s(プラスエス)シリーズは、ポリカーボネイト製カバーをベースに、高品質UV硬化型インクにてプリント！商品加工すべてを日本国内の熟練した職人の手作業で行われます。made in japan<br><br>しっかりと装着出来、端末を傷から守る事ができる機能性にも優れたケースです。ハードケース素材で、UV硬化型インクにて高品質プリントを施すことにより、高級感ある仕上がりとなっております。<BR><BR>ジャケットを装着したままで、イヤホンや充電コネクターの接続、タッチパネルの使用など操作性も確保しております。<BR><br></font>
   </td>
  </tr>
  <tr>
   <td align=""center"">&nbsp;<img src=""http://image.rakuten.co.jp/kintsu/cabinet/plus-s/explanation_plus-s.jpg"" /><br><br>
   </td>
  </tr>
  <tr>
   <td align=""left"" bgcolor=""cccccc"">　商品説明</td></tr><tr><td align=""left""><br><font size=""2"" color=""#404040"">・スマートフォンケース側面への印刷は入りません。<br>
      ・装着したまま充電可能（卓上ホルダには対応しません）です。<br>
      ・ベースのスマートフォンケースは、複数の仕入れ先より入手しており、入荷時期によって形状が若干変わる事があります。<br></font>
    <hr>
     <font size=""2"" color=""#404040"">素材：ケース本体／ポリカーボネート(クリアケース)<br>加工：UV硬化型インク（側面にプリントは入りません）<br>対応機種・サイズ：au Qua phone KYV37 専用<br></font>
    <hr>
     <font size=""2"" color=""#404040"">※機種本体は含まれておりません。<br>※仕様は予告なく変更する場合がございます。</font>
   </td>
  </tr>
 </tbody>
</table><style type=""text/css"">
span.unit {
	background: url(http://www.rakuten.ne.jp/gold/kintsu/images/cart_up_send.png) no-repeat left top;
	text-indent: -9999;
	display: block;
	width: 325px;
	height: 80;
	margin: 15px 0;
}
span.choice {
	display: inline-block;
	font-size: 15px;
	margin: 5px auto;
	width: 112px;
}
select[name=""choice""] {
	font-size: 15px;
	max-width: 200px;
}
td.inventory_choice_name {
	background-color: #F7F7F7;
}
/***買い物かごまわり全ボタン・入力欄共通***/
input[value=""買い物かごに入れる""] {
	background: url(""http://www.rakuten.ne.jp/gold/kintsu/images/cart04.png"") no-repeat;
	/*border: 1px solid #930;*/
	border: 0;
	height: 45px;
	text-indent: -9999px;
	cursor: pointer !important;
	width: 250px;
	margin-top: 10px;
	display: block;
}
input[value=""買い物かごに入れる""]:not(:target) {
	background-size: cover\9; /* IE9 */
	height: 45px\9;
	width: 250px\9;
}

@media screen and (-ms-high-contrast: active), (-ms-high-contrast: none) {
input[value=""買い物かごに入れる""] {
	background-size: cover;     /* IE10 */
	height: 45px;
	width: 250px;
}
}
input[value=""買い物かごに入れる""]:hover {
	opacity: 0.8;
}
/***「お問合せ」ボタン***/
font input[value=""商品についての問合わせ""] {
	background: url(""http://www.rakuten.ne.jp/gold/kintsu/images/toiawase01.png"") no-repeat;
	/*border: 1px solid #930;*/
	border: 0;
	height: 35px;
	text-indent: -9999px;
	cursor: pointer !important;
	width: 250px;
	margin-top: 10px;
}
font input[value=""商品についての問合わせ""]:hover {
	opacity: 0.7;
}
/***「商品お気に入り」ボタン***/

#rakutenLimitedId_aroundCart div.bkm {
	width: 250px !important;
	height: 35px !important;
}
#rakutenLimitedId_aroundCart div.bkm {
	float: none;
	padding-bottom: 0 !important;
}
#rakutenLimitedId_aroundCart div.bookmarkArea div.bkm a.addBkm span.bkmStar {
	background: url(""http://www.rakuten.ne.jp/gold/kintsu/images/okini01.jpg"") no-repeat scroll 0 0 rgba(0, 0, 0, 0) !important;
	display: inline-block !important;
	height: 35px !important;
	margin: 0 0 10px !important;
	width: 250px !important;
}
/***「店舗お気に入り」ボタン***/

#rakutenLimitedId_aroundCart div.shopBkm {
	float: none !important;
	width: 250px !important;
	height: 35px !important;
}
#rakutenLimitedId_aroundCart div.shopBkm {
	padding-left: 0 !important;
}
#rakutenLimitedId_aroundCart div.shopBookmarkArea div.shopBkm a.addShopBkm span.shopBkmStar {
	background: url(""http://www.rakuten.ne.jp/gold/kintsu/images/okini02.jpg"") no-repeat scroll 0 0 rgba(0, 0, 0, 0) !important;
	display: inline-block !important;
	height: 35px !important;
	margin-right: 0 !important;
	width: 250px !important;
}
#rnkInShopPartsArea {
	margin: 0;
	padding: 0;		
}
#rnkInShopMain {
	margin: 0;
	padding: 0;		
}
</style>

<table width=""630"" border=""0"" cellpadding=""0"" cellspacing=""0"" style=""margin: 0 auto;"">
<tr>
<td valign=""top"" align=""left"">

</td>
</tr>
</table>",キュアフォン Qua phone カバー 輝く星　美女と野獣　世界名作童話 クリア au Qua phone KYV37 カバー ケース スマホケース スマホカバー：ケータイ屋24　楽天市場店,スマートフォンアクセサリー携帯ストラップストラップスマホケーススマートフォン ケーススマホピアスイヤホンジャック アクセサリースマートフォンピアスネックストラップスワロフスキー ピアススワロフスキー ストラップスマホカバースマートフォン カバーキュアフォン Qua phone カバー 輝く星　美女と野獣　世界名作童話 クリア au Qua phone KYV37 カバー ケース スマホケース スマホカバー,au Qua phone KYV37 カバー ケース。キュアフォン Qua phone カバー 輝く星　美女と野獣　世界名作童話 クリア au Qua phone KYV37 カバー ケース スマホケース スマホカバー[rn]
8-90088,http://tshop.r10s.jp/kintsu/cabinet/plus-s/n/kyv37/ps-kyv37-1056a.jpg?fitin=700:700,1600.0000,,スマートフォン・タブレット > スマートフォンアクセサリー > スマートフォンケース,木目 TYPE7 au Qua phone KYV37 ケース カバー　キュアフォン Qua phone カバー ケース ケース クリア ハードケース スマホケース スマホカバー,au Qua phone KYV37 カバー ケース,"美しい木目のau Qua phone KYV37 クリア ケース。<br><br><table border=""0"" cellpadding=""2"" cellspacing=""0"" width=""400""><tbody> <tr>
      <td bgcolor=""#cccccc"">　商品特長</td>
    </tr>
    <tr>
      <td><br>
      <font size=""2"">Plus-s(プラスエス)シリーズは、ポリカーボネイト製カバーをベースに、高品質UV硬化型インクにてプリント！商品加工すべてを日本国内の熟練した職人の手作業で行われます。made in japan<br>
      <br>
      しっかりと装着出来、端末を傷から守る事ができる機能性にも優れたケースです。ハードケース素材で、UV硬化型インクにて高品質プリントを施すことにより、高級感ある仕上がりとなっております。<BR>
      <BR>
      ジャケットを装着したままで、イヤホンや充電コネクターの接続、タッチパネルの使用など操作性も確保しております。 <BR>
      <br>
      </font></td>
    </tr>
    <tr>
      <td align=""center"">&nbsp;<img src=""http://image.rakuten.co.jp/kintsu/cabinet/plus-s/explanation_plus-s.jpg"" /><br>
      <br>
      </td>
    </tr>
    <tr><td align=""left"" bgcolor=""cccccc"">　商品説明</td></tr><tr><td align=""left""><br><font size=""2"" color=""#404040"">・スマートフォンケース側面への印刷は入りません。<br>
      ・装着したまま充電可能（卓上ホルダには対応しません）です。<br>
      ・ベースのスマートフォンケースは、複数の仕入れ先より入手しており、入荷時期によって形状が若干変わる事があります。<br>
      </font>
      <hr>
      <font size=""2"" color=""#404040"">素材：ケース本体／ポリカーボネート(クリアケース)<br>
      加工：UV硬化型インク（側面にプリントは入りません）<br>
      対応機種・サイズ：au Qua phone KYV37 専用<br>
      </font>
      <hr>
      <font size=""2"" color=""#404040"">※機種本体は含まれておりません。<br>
      ※仕様は予告なく変更する場合がございます。</font></td></tr></tbody></table><style type=""text/css"">
span.unit {
	background: url(http://www.rakuten.ne.jp/gold/kintsu/images/cart_up_send.png) no-repeat left top;
	text-indent: -9999;
	display: block;
	width: 325px;
	height: 80;
	margin: 15px 0;
}
span.choice {
	display: inline-block;
	font-size: 15px;
	margin: 5px auto;
	width: 112px;
}
select[name=""choice""] {
	font-size: 15px;
	max-width: 200px;
}
td.inventory_choice_name {
	background-color: #F7F7F7;
}
/***買い物かごまわり全ボタン・入力欄共通***/
input[value=""買い物かごに入れる""] {
	background: url(""http://www.rakuten.ne.jp/gold/kintsu/images/cart04.png"") no-repeat;
	/*border: 1px solid #930;*/
	border: 0;
	height: 45px;
	text-indent: -9999px;
	cursor: pointer !important;
	width: 250px;
	margin-top: 10px;
	display: block;
}
input[value=""買い物かごに入れる""]:not(:target) {
	background-size: cover\9; /* IE9 */
	height: 45px\9;
	width: 250px\9;
}

@media screen and (-ms-high-contrast: active), (-ms-high-contrast: none) {
input[value=""買い物かごに入れる""] {
	background-size: cover;     /* IE10 */
	height: 45px;
	width: 250px;
}
}
input[value=""買い物かごに入れる""]:hover {
	opacity: 0.8;
}
/***「お問合せ」ボタン***/
font input[value=""商品についての問合わせ""] {
	background: url(""http://www.rakuten.ne.jp/gold/kintsu/images/toiawase01.png"") no-repeat;
	/*border: 1px solid #930;*/
	border: 0;
	height: 35px;
	text-indent: -9999px;
	cursor: pointer !important;
	width: 250px;
	margin-top: 10px;
}
font input[value=""商品についての問合わせ""]:hover {
	opacity: 0.7;
}
/***「商品お気に入り」ボタン***/

#rakutenLimitedId_aroundCart div.bkm {
	width: 250px !important;
	height: 35px !important;
}
#rakutenLimitedId_aroundCart div.bkm {
	float: none;
	padding-bottom: 0 !important;
}
#rakutenLimitedId_aroundCart div.bookmarkArea div.bkm a.addBkm span.bkmStar {
	background: url(""http://www.rakuten.ne.jp/gold/kintsu/images/okini01.jpg"") no-repeat scroll 0 0 rgba(0, 0, 0, 0) !important;
	display: inline-block !important;
	height: 35px !important;
	margin: 0 0 10px !important;
	width: 250px !important;
}
/***「店舗お気に入り」ボタン***/

#rakutenLimitedId_aroundCart div.shopBkm {
	float: none !important;
	width: 250px !important;
	height: 35px !important;
}
#rakutenLimitedId_aroundCart div.shopBkm {
	padding-left: 0 !important;
}
#rakutenLimitedId_aroundCart div.shopBookmarkArea div.shopBkm a.addShopBkm span.shopBkmStar {
	background: url(""http://www.rakuten.ne.jp/gold/kintsu/images/okini02.jpg"") no-repeat scroll 0 0 rgba(0, 0, 0, 0) !important;
	display: inline-block !important;
	height: 35px !important;
	margin-right: 0 !important;
	width: 250px !important;
}
#rnkInShopPartsArea {
	margin: 0;
	padding: 0;		
}
#rnkInShopMain {
	margin: 0;
	padding: 0;		
}
</style>

<table width=""630"" border=""0"" cellpadding=""0"" cellspacing=""0"" style=""margin: 0 auto;"">
<tr>
<td valign=""top"" align=""left"">

</td>
</tr>
</table>",木目 TYPE7 au Qua phone KYV37 ケース カバー　キュアフォン Qua phone カバー ケース ケース クリア ハードケース スマホケース スマホカバー：ケータイ屋24　楽天市場店,スマートフォンアクセサリー携帯ストラップストラップスマホケーススマートフォン ケーススマホピアスイヤホンジャック アクセサリースマートフォンピアスネックストラップスワロフスキー ピアススワロフスキー ストラップスマホカバースマートフォン カバー木目 TYPE7 au Qua phone KYV37 ケース カバー　キュアフォン Qua phone カバー ケース ケース クリア ハードケース スマホケース スマホカバー,au Qua phone KYV37 カバー ケース。木目 TYPE7 au Qua phone KYV37 ケース カバー　キュアフォン Qua phone カバー ケース ケース クリア ハードケース スマホケース スマホカバー[rn]
8-90089,http://tshop.r10s.jp/kintsu/cabinet/plus-s/m/kyv37/ps-kyv37-0084a.jpg?fitin=700:700,1600.0000,,スマートフォン・タブレット > スマートフォンアクセサリー > スマートフォンケース,キュアフォン Qua phone カバー ペイズリー TYPE6 au Qua phone KYV37 カバー ケース スマホケース スマホカバー,au Qua phone KYV37 カバー ケース,"ファッションとして人気のある美しいペイズリー柄をプリントしたau Qua phone KYV37 クリア ケース。<br><br><table border=""0"" cellpadding=""2"" cellspacing=""0"" width=""400""><tbody> <tr>
      <td bgcolor=""#cccccc"">　商品特長</td>
    </tr>
    <tr>
      <td><br>
      <font size=""2"">Plus-s(プラスエス)シリーズは、ポリカーボネイト製カバーをベースに、高品質UV硬化型インクにてプリント！商品加工すべてを日本国内の熟練した職人の手作業で行われます。made in japan<br>
      <br>
      しっかりと装着出来、端末を傷から守る事ができる機能性にも優れたケースです。ハードケース素材で、UV硬化型インクにて高品質プリントを施すことにより、高級感ある仕上がりとなっております。<BR>
      <BR>
      ジャケットを装着したままで、イヤホンや充電コネクターの接続、タッチパネルの使用など操作性も確保しております。 <BR>
      <br>
      </font></td>
    </tr>
    <tr>
      <td align=""center"">&nbsp;<img src=""http://image.rakuten.co.jp/kintsu/cabinet/plus-s/explanation_plus-s.jpg"" /><br>
      <br>
      </td>
    </tr>
    <tr><td align=""left"" bgcolor=""cccccc"">　商品説明</td></tr><tr><td align=""left""><br><font size=""2"" color=""#404040"">・スマートフォンケース側面への印刷は入りません。<br>
      ・装着したまま充電可能（卓上ホルダには対応しません）です。<br>
      ・ベースのスマートフォンケースは、複数の仕入れ先より入手しており、入荷時期によって形状が若干変わる事があります。<br>
      </font>
      <hr>
      <font size=""2"" color=""#404040"">素材：ケース本体／ポリカーボネート(クリアケース)<br>
      加工：UV硬化型インク（側面にプリントは入りません）<br>
      対応機種・サイズ：au Qua phone KYV37 専用<br>
      </font>
      <hr>
      <font size=""2"" color=""#404040"">※機種本体は含まれておりません。<br>
      ※仕様は予告なく変更する場合がございます。</font></td></tr></tbody></table><style type=""text/css"">
span.unit {
	background: url(http://www.rakuten.ne.jp/gold/kintsu/images/cart_up_send.png) no-repeat left top;
	text-indent: -9999;
	display: block;
	width: 325px;
	height: 80;
	margin: 15px 0;
}
span.choice {
	display: inline-block;
	font-size: 15px;
	margin: 5px auto;
	width: 112px;
}
select[name=""choice""] {
	font-size: 15px;
	max-width: 200px;
}
td.inventory_choice_name {
	background-color: #F7F7F7;
}
/***買い物かごまわり全ボタン・入力欄共通***/
input[value=""買い物かごに入れる""] {
	background: url(""http://www.rakuten.ne.jp/gold/kintsu/images/cart04.png"") no-repeat;
	/*border: 1px solid #930;*/
	border: 0;
	height: 45px;
	text-indent: -9999px;
	cursor: pointer !important;
	width: 250px;
	margin-top: 10px;
	display: block;
}
input[value=""買い物かごに入れる""]:not(:target) {
	background-size: cover\9; /* IE9 */
	height: 45px\9;
	width: 250px\9;
}

@media screen and (-ms-high-contrast: active), (-ms-high-contrast: none) {
input[value=""買い物かごに入れる""] {
	background-size: cover;     /* IE10 */
	height: 45px;
	width: 250px;
}
}
input[value=""買い物かごに入れる""]:hover {
	opacity: 0.8;
}
/***「お問合せ」ボタン***/
font input[value=""商品についての問合わせ""] {
	background: url(""http://www.rakuten.ne.jp/gold/kintsu/images/toiawase01.png"") no-repeat;
	/*border: 1px solid #930;*/
	border: 0;
	height: 35px;
	text-indent: -9999px;
	cursor: pointer !important;
	width: 250px;
	margin-top: 10px;
}
font input[value=""商品についての問合わせ""]:hover {
	opacity: 0.7;
}
/***「商品お気に入り」ボタン***/

#rakutenLimitedId_aroundCart div.bkm {
	width: 250px !important;
	height: 35px !important;
}
#rakutenLimitedId_aroundCart div.bkm {
	float: none;
	padding-bottom: 0 !important;
}
#rakutenLimitedId_aroundCart div.bookmarkArea div.bkm a.addBkm span.bkmStar {
	background: url(""http://www.rakuten.ne.jp/gold/kintsu/images/okini01.jpg"") no-repeat scroll 0 0 rgba(0, 0, 0, 0) !important;
	display: inline-block !important;
	height: 35px !important;
	margin: 0 0 10px !important;
	width: 250px !important;
}
/***「店舗お気に入り」ボタン***/

#rakutenLimitedId_aroundCart div.shopBkm {
	float: none !important;
	width: 250px !important;
	height: 35px !important;
}
#rakutenLimitedId_aroundCart div.shopBkm {
	padding-left: 0 !important;
}
#rakutenLimitedId_aroundCart div.shopBookmarkArea div.shopBkm a.addShopBkm span.shopBkmStar {
	background: url(""http://www.rakuten.ne.jp/gold/kintsu/images/okini02.jpg"") no-repeat scroll 0 0 rgba(0, 0, 0, 0) !important;
	display: inline-block !important;
	height: 35px !important;
	margin-right: 0 !important;
	width: 250px !important;
}
#rnkInShopPartsArea {
	margin: 0;
	padding: 0;		
}
#rnkInShopMain {
	margin: 0;
	padding: 0;		
}
</style>

<table width=""630"" border=""0"" cellpadding=""0"" cellspacing=""0"" style=""margin: 0 auto;"">
<tr>
<td valign=""top"" align=""left"">

</td>
</tr>
</table>",キュアフォン Qua phone カバー ペイズリー TYPE6 au Qua phone KYV37 カバー ケース スマホケース スマホカバー：ケータイ屋24　楽天市場店,スマートフォンアクセサリー携帯ストラップストラップスマホケーススマートフォン ケーススマホピアスイヤホンジャック アクセサリースマートフォンピアスネックストラップスワロフスキー ピアススワロフスキー ストラップスマホカバースマートフォン カバーキュアフォン Qua phone カバー ペイズリー TYPE6 au Qua phone KYV37 カバー ケース スマホケース スマホカバー,au Qua phone KYV37 カバー ケース。キュアフォン Qua phone カバー ペイズリー TYPE6 au Qua phone KYV37 カバー ケース スマホケース スマホカバー[rn]
8-90090,http://tshop.r10s.jp/kintsu/cabinet/plus-s/m/kyv37/ps-kyv37-0343a.jpg?fitin=700:700,1600.0000,,スマートフォン・タブレット > スマートフォンアクセサリー > スマートフォンケース,キュアフォン Qua phone カバー ピンキッシュ・バタフライ　蝶々 au Qua phone KYV37 カバー ケース スマホケース スマホカバー,au Qua phone KYV37 カバー ケース,"ピンク色ベースの蝶々と花（フラワー）の au Qua phone KYV37 クリア ケース。裏側が透けるデザインなので、機種本体のデザインが活かされます♪<br><br><table border=""0"" cellpadding=""2"" cellspacing=""0"" width=""400""><tbody> <tr>
      <td bgcolor=""#cccccc"">　商品特長</td>
    </tr>
    <tr>
      <td><br>
      <font size=""2"">Plus-s(プラスエス)シリーズは、ポリカーボネイト製カバーをベースに、高品質UV硬化型インクにてプリント！商品加工すべてを日本国内の熟練した職人の手作業で行われます。made in japan<br>
      <br>
      しっかりと装着出来、端末を傷から守る事ができる機能性にも優れたケースです。ハードケース素材で、UV硬化型インクにて高品質プリントを施すことにより、高級感ある仕上がりとなっております。<BR>
      <BR>
      ジャケットを装着したままで、イヤホンや充電コネクターの接続、タッチパネルの使用など操作性も確保しております。 <BR>
      <br>
      </font></td>
    </tr>
    <tr>
      <td align=""center"">&nbsp;<img src=""http://image.rakuten.co.jp/kintsu/cabinet/plus-s/explanation_plus-s.jpg"" /><br>
      <br>
      </td>
    </tr>
    <tr><td align=""left"" bgcolor=""cccccc"">　商品説明</td></tr><tr><td align=""left""><br><font size=""2"" color=""#404040"">・スマートフォンケース側面への印刷は入りません。<br>
      ・装着したまま充電可能（卓上ホルダには対応しません）です。<br>
      ・ベースのスマートフォンケースは、複数の仕入れ先より入手しており、入荷時期によって形状が若干変わる事があります。<br>
      </font>
      <hr>
      <font size=""2"" color=""#404040"">素材：ケース本体／ポリカーボネート(クリアケース)<br>
      加工：UV硬化型インク（側面にプリントは入りません）<br>
      対応機種・サイズ：au Qua phone KYV37 専用<br>
      </font>
      <hr>
      <font size=""2"" color=""#404040"">※機種本体は含まれておりません。<br>
      ※仕様は予告なく変更する場合がございます。</font></td></tr></tbody></table><style type=""text/css"">
span.unit {
	background: url(http://www.rakuten.ne.jp/gold/kintsu/images/cart_up_send.png) no-repeat left top;
	text-indent: -9999;
	display: block;
	width: 325px;
	height: 80;
	margin: 15px 0;
}
span.choice {
	display: inline-block;
	font-size: 15px;
	margin: 5px auto;
	width: 112px;
}
select[name=""choice""] {
	font-size: 15px;
	max-width: 200px;
}
td.inventory_choice_name {
	background-color: #F7F7F7;
}
/***買い物かごまわり全ボタン・入力欄共通***/
input[value=""買い物かごに入れる""] {
	background: url(""http://www.rakuten.ne.jp/gold/kintsu/images/cart04.png"") no-repeat;
	/*border: 1px solid #930;*/
	border: 0;
	height: 45px;
	text-indent: -9999px;
	cursor: pointer !important;
	width: 250px;
	margin-top: 10px;
	display: block;
}
input[value=""買い物かごに入れる""]:not(:target) {
	background-size: cover\9; /* IE9 */
	height: 45px\9;
	width: 250px\9;
}

@media screen and (-ms-high-contrast: active), (-ms-high-contrast: none) {
input[value=""買い物かごに入れる""] {
	background-size: cover;     /* IE10 */
	height: 45px;
	width: 250px;
}
}
input[value=""買い物かごに入れる""]:hover {
	opacity: 0.8;
}
/***「お問合せ」ボタン***/
font input[value=""商品についての問合わせ""] {
	background: url(""http://www.rakuten.ne.jp/gold/kintsu/images/toiawase01.png"") no-repeat;
	/*border: 1px solid #930;*/
	border: 0;
	height: 35px;
	text-indent: -9999px;
	cursor: pointer !important;
	width: 250px;
	margin-top: 10px;
}
font input[value=""商品についての問合わせ""]:hover {
	opacity: 0.7;
}
/***「商品お気に入り」ボタン***/

#rakutenLimitedId_aroundCart div.bkm {
	width: 250px !important;
	height: 35px !important;
}
#rakutenLimitedId_aroundCart div.bkm {
	float: none;
	padding-bottom: 0 !important;
}
#rakutenLimitedId_aroundCart div.bookmarkArea div.bkm a.addBkm span.bkmStar {
	background: url(""http://www.rakuten.ne.jp/gold/kintsu/images/okini01.jpg"") no-repeat scroll 0 0 rgba(0, 0, 0, 0) !important;
	display: inline-block !important;
	height: 35px !important;
	margin: 0 0 10px !important;
	width: 250px !important;
}
/***「店舗お気に入り」ボタン***/

#rakutenLimitedId_aroundCart div.shopBkm {
	float: none !important;
	width: 250px !important;
	height: 35px !important;
}
#rakutenLimitedId_aroundCart div.shopBkm {
	padding-left: 0 !important;
}
#rakutenLimitedId_aroundCart div.shopBookmarkArea div.shopBkm a.addShopBkm span.shopBkmStar {
	background: url(""http://www.rakuten.ne.jp/gold/kintsu/images/okini02.jpg"") no-repeat scroll 0 0 rgba(0, 0, 0, 0) !important;
	display: inline-block !important;
	height: 35px !important;
	margin-right: 0 !important;
	width: 250px !important;
}
#rnkInShopPartsArea {
	margin: 0;
	padding: 0;		
}
#rnkInShopMain {
	margin: 0;
	padding: 0;		
}
</style>

<table width=""630"" border=""0"" cellpadding=""0"" cellspacing=""0"" style=""margin: 0 auto;"">
<tr>
<td valign=""top"" align=""left"">

</td>
</tr>
</table>",キュアフォン Qua phone カバー ピンキッシュ・バタフライ　蝶々 au Qua phone KYV37 カバー ケース スマホケース スマホカバー：ケータイ屋24　楽天市場店,スマートフォンアクセサリー携帯ストラップストラップスマホケーススマートフォン ケーススマホピアスイヤホンジャック アクセサリースマートフォンピアスネックストラップスワロフスキー ピアススワロフスキー ストラップスマホカバースマートフォン カバーキュアフォン Qua phone カバー ピンキッシュ・バタフライ　蝶々 au Qua phone KYV37 カバー ケース スマホケース スマホカバー,au Qua phone KYV37 カバー ケース。キュアフォン Qua phone カバー ピンキッシュ・バタフライ　蝶々 au Qua phone KYV37 カバー ケース スマホケース スマホカバー[rn]
8-90091,http://tshop.r10s.jp/kintsu/cabinet/plus-s/n/kyv37/ps-kyv37-1148a.jpg?fitin=700:700,1600.0000,,スマートフォン・タブレット > スマートフォンアクセサリー > スマートフォンケース,ピアノと大きな音符（クリア） au Qua phone KYV37 ケース カバー　キュアフォン Qua phone カバー ケース ケース クリア ハードケース スマホケース スマホカバー,au Qua phone KYV37 カバー ケース,"ピアノの鍵盤と大きな音符をモチーフにした au Qua phone KYV37 クリア ケース。裏側が透けるデザインなので、機種本体のデザインが活かされます♪<br><br>
<table border=""0"" cellpadding=""2"" cellspacing=""0"" width=""400"">
 <tbody>
  <tr>
   <td bgcolor=""#cccccc"">　商品特長</td>
  </tr>
  <tr>
   <td><br><font size=""2"">Plus-s(プラスエス)シリーズは、ポリカーボネイト製カバーをベースに、高品質UV硬化型インクにてプリント！商品加工すべてを日本国内の熟練した職人の手作業で行われます。made in japan<br><br>しっかりと装着出来、端末を傷から守る事ができる機能性にも優れたケースです。ハードケース素材で、UV硬化型インクにて高品質プリントを施すことにより、高級感ある仕上がりとなっております。<BR><BR>ジャケットを装着したままで、イヤホンや充電コネクターの接続、タッチパネルの使用など操作性も確保しております。<BR><br></font>
   </td>
  </tr>
  <tr>
   <td align=""center"">&nbsp;<img src=""http://image.rakuten.co.jp/kintsu/cabinet/plus-s/explanation_plus-s.jpg"" /><br><br>
   </td>
  </tr>
  <tr>
   <td align=""left"" bgcolor=""cccccc"">　商品説明</td></tr><tr><td align=""left""><br><font size=""2"" color=""#404040"">・スマートフォンケース側面への印刷は入りません。<br>
      ・装着したまま充電可能（卓上ホルダには対応しません）です。<br>
      ・ベースのスマートフォンケースは、複数の仕入れ先より入手しており、入荷時期によって形状が若干変わる事があります。<br></font>
    <hr>
     <font size=""2"" color=""#404040"">素材：ケース本体／ポリカーボネート(クリアケース)<br>加工：UV硬化型インク（側面にプリントは入りません）<br>対応機種・サイズ：au Qua phone KYV37 専用<br></font>
    <hr>
     <font size=""2"" color=""#404040"">※機種本体は含まれておりません。<br>※仕様は予告なく変更する場合がございます。</font>
   </td>
  </tr>
 </tbody>
</table><style type=""text/css"">
span.unit {
	background: url(http://www.rakuten.ne.jp/gold/kintsu/images/cart_up_send.png) no-repeat left top;
	text-indent: -9999;
	display: block;
	width: 325px;
	height: 80;
	margin: 15px 0;
}
span.choice {
	display: inline-block;
	font-size: 15px;
	margin: 5px auto;
	width: 112px;
}
select[name=""choice""] {
	font-size: 15px;
	max-width: 200px;
}
td.inventory_choice_name {
	background-color: #F7F7F7;
}
/***買い物かごまわり全ボタン・入力欄共通***/
input[value=""買い物かごに入れる""] {
	background: url(""http://www.rakuten.ne.jp/gold/kintsu/images/cart04.png"") no-repeat;
	/*border: 1px solid #930;*/
	border: 0;
	height: 45px;
	text-indent: -9999px;
	cursor: pointer !important;
	width: 250px;
	margin-top: 10px;
	display: block;
}
input[value=""買い物かごに入れる""]:not(:target) {
	background-size: cover\9; /* IE9 */
	height: 45px\9;
	width: 250px\9;
}

@media screen and (-ms-high-contrast: active), (-ms-high-contrast: none) {
input[value=""買い物かごに入れる""] {
	background-size: cover;     /* IE10 */
	height: 45px;
	width: 250px;
}
}
input[value=""買い物かごに入れる""]:hover {
	opacity: 0.8;
}
/***「お問合せ」ボタン***/
font input[value=""商品についての問合わせ""] {
	background: url(""http://www.rakuten.ne.jp/gold/kintsu/images/toiawase01.png"") no-repeat;
	/*border: 1px solid #930;*/
	border: 0;
	height: 35px;
	text-indent: -9999px;
	cursor: pointer !important;
	width: 250px;
	margin-top: 10px;
}
font input[value=""商品についての問合わせ""]:hover {
	opacity: 0.7;
}
/***「商品お気に入り」ボタン***/

#rakutenLimitedId_aroundCart div.bkm {
	width: 250px !important;
	height: 35px !important;
}
#rakutenLimitedId_aroundCart div.bkm {
	float: none;
	padding-bottom: 0 !important;
}
#rakutenLimitedId_aroundCart div.bookmarkArea div.bkm a.addBkm span.bkmStar {
	background: url(""http://www.rakuten.ne.jp/gold/kintsu/images/okini01.jpg"") no-repeat scroll 0 0 rgba(0, 0, 0, 0) !important;
	display: inline-block !important;
	height: 35px !important;
	margin: 0 0 10px !important;
	width: 250px !important;
}
/***「店舗お気に入り」ボタン***/

#rakutenLimitedId_aroundCart div.shopBkm {
	float: none !important;
	width: 250px !important;
	height: 35px !important;
}
#rakutenLimitedId_aroundCart div.shopBkm {
	padding-left: 0 !important;
}
#rakutenLimitedId_aroundCart div.shopBookmarkArea div.shopBkm a.addShopBkm span.shopBkmStar {
	background: url(""http://www.rakuten.ne.jp/gold/kintsu/images/okini02.jpg"") no-repeat scroll 0 0 rgba(0, 0, 0, 0) !important;
	display: inline-block !important;
	height: 35px !important;
	margin-right: 0 !important;
	width: 250px !important;
}
#rnkInShopPartsArea {
	margin: 0;
	padding: 0;		
}
#rnkInShopMain {
	margin: 0;
	padding: 0;		
}
</style>

<table width=""630"" border=""0"" cellpadding=""0"" cellspacing=""0"" style=""margin: 0 auto;"">
<tr>
<td valign=""top"" align=""left"">

</td>
</tr>
</table>",ピアノと大きな音符（クリア） au Qua phone KYV37 ケース カバー　キュアフォン Qua phone カバー ケース ケース クリア ハードケース スマホケース スマホカバー：ケータイ屋24　楽天市場店,スマートフォンアクセサリー携帯ストラップストラップスマホケーススマートフォン ケーススマホピアスイヤホンジャック アクセサリースマートフォンピアスネックストラップスワロフスキー ピアススワロフスキー ストラップスマホカバースマートフォン カバーピアノと大きな音符（クリア） au Qua phone KYV37 ケース カバー　キュアフォン Qua phone カバー ケース ケース クリア ハードケース スマホケース スマホカバー,au Qua phone KYV37 カバー ケース。ピアノと大きな音符（クリア） au Qua phone KYV37 ケース カバー　キュアフォン Qua phone カバー ケース ケース クリア ハードケース スマホケース スマホカバー[rn]
8-90092,http://tshop.r10s.jp/kintsu/cabinet/plus-s/m/kyv37/ps-kyv37-0357a.jpg?fitin=700:700,1600.0000,,スマートフォン・タブレット > スマートフォンアクセサリー > スマートフォンケース,キュアフォン Qua phone カバー ジュリアン　小便小僧　こぼす　クリア au Qua phone KYV37 カバー ケース スマホケース スマホカバー,au Qua phone KYV37 カバー ケース,"トイレはきれいに使いましょう　BY小便小僧 au Qua phone KYV37 クリア ケース。裏側が透けるデザインなので、機種本体のデザインが活かされます♪<br><br>
<table border=""0"" cellpadding=""2"" cellspacing=""0"" width=""400"">
 <tbody>
  <tr>
   <td bgcolor=""#cccccc"">　商品特長</td>
  </tr>
  <tr>
   <td><br><font size=""2"">Plus-s(プラスエス)シリーズは、ポリカーボネイト製カバーをベースに、高品質UV硬化型インクにてプリント！商品加工すべてを日本国内の熟練した職人の手作業で行われます。made in japan<br><br>しっかりと装着出来、端末を傷から守る事ができる機能性にも優れたケースです。ハードケース素材で、UV硬化型インクにて高品質プリントを施すことにより、高級感ある仕上がりとなっております。<BR><BR>ジャケットを装着したままで、イヤホンや充電コネクターの接続、タッチパネルの使用など操作性も確保しております。<BR><br></font>
   </td>
  </tr>
  <tr>
   <td align=""center"">&nbsp;<img src=""http://image.rakuten.co.jp/kintsu/cabinet/plus-s/explanation_plus-s.jpg"" /><br><br>
   </td>
  </tr>
  <tr>
   <td align=""left"" bgcolor=""cccccc"">　商品説明</td></tr><tr><td align=""left""><br><font size=""2"" color=""#404040"">・スマートフォンケース側面への印刷は入りません。<br>
      ・装着したまま充電可能（卓上ホルダには対応しません）です。<br>
      ・ベースのスマートフォンケースは、複数の仕入れ先より入手しており、入荷時期によって形状が若干変わる事があります。<br></font>
    <hr>
     <font size=""2"" color=""#404040"">素材：ケース本体／ポリカーボネート(クリアケース)<br>加工：UV硬化型インク（側面にプリントは入りません）<br>対応機種・サイズ：au Qua phone KYV37 専用<br></font>
    <hr>
     <font size=""2"" color=""#404040"">※機種本体は含まれておりません。<br>※仕様は予告なく変更する場合がございます。</font>
   </td>
  </tr>
 </tbody>
</table><style type=""text/css"">
span.unit {
	background: url(http://www.rakuten.ne.jp/gold/kintsu/images/cart_up_send.png) no-repeat left top;
	text-indent: -9999;
	display: block;
	width: 325px;
	height: 80;
	margin: 15px 0;
}
span.choice {
	display: inline-block;
	font-size: 15px;
	margin: 5px auto;
	width: 112px;
}
select[name=""choice""] {
	font-size: 15px;
	max-width: 200px;
}
td.inventory_choice_name {
	background-color: #F7F7F7;
}
/***買い物かごまわり全ボタン・入力欄共通***/
input[value=""買い物かごに入れる""] {
	background: url(""http://www.rakuten.ne.jp/gold/kintsu/images/cart04.png"") no-repeat;
	/*border: 1px solid #930;*/
	border: 0;
	height: 45px;
	text-indent: -9999px;
	cursor: pointer !important;
	width: 250px;
	margin-top: 10px;
	display: block;
}
input[value=""買い物かごに入れる""]:not(:target) {
	background-size: cover\9; /* IE9 */
	height: 45px\9;
	width: 250px\9;
}

@media screen and (-ms-high-contrast: active), (-ms-high-contrast: none) {
input[value=""買い物かごに入れる""] {
	background-size: cover;     /* IE10 */
	height: 45px;
	width: 250px;
}
}
input[value=""買い物かごに入れる""]:hover {
	opacity: 0.8;
}
/***「お問合せ」ボタン***/
font input[value=""商品についての問合わせ""] {
	background: url(""http://www.rakuten.ne.jp/gold/kintsu/images/toiawase01.png"") no-repeat;
	/*border: 1px solid #930;*/
	border: 0;
	height: 35px;
	text-indent: -9999px;
	cursor: pointer !important;
	width: 250px;
	margin-top: 10px;
}
font input[value=""商品についての問合わせ""]:hover {
	opacity: 0.7;
}
/***「商品お気に入り」ボタン***/

#rakutenLimitedId_aroundCart div.bkm {
	width: 250px !important;
	height: 35px !important;
}
#rakutenLimitedId_aroundCart div.bkm {
	float: none;
	padding-bottom: 0 !important;
}
#rakutenLimitedId_aroundCart div.bookmarkArea div.bkm a.addBkm span.bkmStar {
	background: url(""http://www.rakuten.ne.jp/gold/kintsu/images/okini01.jpg"") no-repeat scroll 0 0 rgba(0, 0, 0, 0) !important;
	display: inline-block !important;
	height: 35px !important;
	margin: 0 0 10px !important;
	width: 250px !important;
}
/***「店舗お気に入り」ボタン***/

#rakutenLimitedId_aroundCart div.shopBkm {
	float: none !important;
	width: 250px !important;
	height: 35px !important;
}
#rakutenLimitedId_aroundCart div.shopBkm {
	padding-left: 0 !important;
}
#rakutenLimitedId_aroundCart div.shopBookmarkArea div.shopBkm a.addShopBkm span.shopBkmStar {
	background: url(""http://www.rakuten.ne.jp/gold/kintsu/images/okini02.jpg"") no-repeat scroll 0 0 rgba(0, 0, 0, 0) !important;
	display: inline-block !important;
	height: 35px !important;
	margin-right: 0 !important;
	width: 250px !important;
}
#rnkInShopPartsArea {
	margin: 0;
	padding: 0;		
}
#rnkInShopMain {
	margin: 0;
	padding: 0;		
}
</style>

<table width=""630"" border=""0"" cellpadding=""0"" cellspacing=""0"" style=""margin: 0 auto;"">
<tr>
<td valign=""top"" align=""left"">

</td>
</tr>
</table>",キュアフォン Qua phone カバー ジュリアン　小便小僧　こぼす　クリア au Qua phone KYV37 カバー ケース スマホケース スマホカバー：ケータイ屋24　楽天市場店,スマートフォンアクセサリー携帯ストラップストラップスマホケーススマートフォン ケーススマホピアスイヤホンジャック アクセサリースマートフォンピアスネックストラップスワロフスキー ピアススワロフスキー ストラップスマホカバースマートフォン カバーキュアフォン Qua phone カバー ジュリアン　小便小僧　こぼす　クリア au Qua phone KYV37 カバー ケース スマホケース スマホカバー,au Qua phone KYV37 カバー ケース。キュアフォン Qua phone カバー ジュリアン　小便小僧　こぼす　クリア au Qua phone KYV37 カバー ケース スマホケース スマホカバー[rn]
8-90093,http://tshop.r10s.jp/kintsu/cabinet/plus-s/m/kyv37/ps-kyv37-0023a.jpg?fitin=700:700,1600.0000,,スマートフォン・タブレット > スマートフォンアクセサリー > スマートフォンケース,キュアフォン Qua phone カバー チョコレート 板チョコ TYPE1 au Qua phone KYV37 カバー ケース スマホケース スマホカバー,au Qua phone KYV37 カバー ケース,"思わず食べたくなりそうな板チョコのau Qua phone KYV37 クリア ケース。カラーも5種類から選べます♪<br><br><table border=""0"" cellpadding=""2"" cellspacing=""0"" width=""400""><tbody> <tr>
      <td bgcolor=""#cccccc"">　商品特長</td>
    </tr>
    <tr>
      <td><br>
      <font size=""2"">Plus-s(プラスエス)シリーズは、ポリカーボネイト製カバーをベースに、高品質UV硬化型インクにてプリント！商品加工すべてを日本国内の熟練した職人の手作業で行われます。made in japan<br>
      <br>
      しっかりと装着出来、端末を傷から守る事ができる機能性にも優れたケースです。ハードケース素材で、UV硬化型インクにて高品質プリントを施すことにより、高級感ある仕上がりとなっております。<BR>
      <BR>
      ジャケットを装着したままで、イヤホンや充電コネクターの接続、タッチパネルの使用など操作性も確保しております。 <BR>
      <br>
      </font></td>
    </tr>
    <tr>
      <td align=""center"">&nbsp;<img src=""http://image.rakuten.co.jp/kintsu/cabinet/plus-s/explanation_plus-s.jpg"" /><br>
      <br>
      </td>
    </tr>
    <tr><td align=""left"" bgcolor=""cccccc"">　商品説明</td></tr><tr><td align=""left""><br><font size=""2"" color=""#404040"">・スマートフォンケース側面への印刷は入りません。<br>
      ・装着したまま充電可能（卓上ホルダには対応しません）です。<br>
      ・ベースのスマートフォンケースは、複数の仕入れ先より入手しており、入荷時期によって形状が若干変わる事があります。<br>
      </font>
      <hr>
      <font size=""2"" color=""#404040"">素材：ケース本体／ポリカーボネート(クリアケース)<br>
      加工：UV硬化型インク（側面にプリントは入りません）<br>
      対応機種・サイズ：au Qua phone KYV37 専用<br>
      </font>
      <hr>
      <font size=""2"" color=""#404040"">※機種本体は含まれておりません。<br>
      ※仕様は予告なく変更する場合がございます。</font></td></tr></tbody></table><style type=""text/css"">
span.unit {
	background: url(http://www.rakuten.ne.jp/gold/kintsu/images/cart_up_send.png) no-repeat left top;
	text-indent: -9999;
	display: block;
	width: 325px;
	height: 80;
	margin: 15px 0;
}
span.choice {
	display: inline-block;
	font-size: 15px;
	margin: 5px auto;
	width: 112px;
}
select[name=""choice""] {
	font-size: 15px;
	max-width: 200px;
}
td.inventory_choice_name {
	background-color: #F7F7F7;
}
/***買い物かごまわり全ボタン・入力欄共通***/
input[value=""買い物かごに入れる""] {
	background: url(""http://www.rakuten.ne.jp/gold/kintsu/images/cart04.png"") no-repeat;
	/*border: 1px solid #930;*/
	border: 0;
	height: 45px;
	text-indent: -9999px;
	cursor: pointer !important;
	width: 250px;
	margin-top: 10px;
	display: block;
}
input[value=""買い物かごに入れる""]:not(:target) {
	background-size: cover\9; /* IE9 */
	height: 45px\9;
	width: 250px\9;
}

@media screen and (-ms-high-contrast: active), (-ms-high-contrast: none) {
input[value=""買い物かごに入れる""] {
	background-size: cover;     /* IE10 */
	height: 45px;
	width: 250px;
}
}
input[value=""買い物かごに入れる""]:hover {
	opacity: 0.8;
}
/***「お問合せ」ボタン***/
font input[value=""商品についての問合わせ""] {
	background: url(""http://www.rakuten.ne.jp/gold/kintsu/images/toiawase01.png"") no-repeat;
	/*border: 1px solid #930;*/
	border: 0;
	height: 35px;
	text-indent: -9999px;
	cursor: pointer !important;
	width: 250px;
	margin-top: 10px;
}
font input[value=""商品についての問合わせ""]:hover {
	opacity: 0.7;
}
/***「商品お気に入り」ボタン***/

#rakutenLimitedId_aroundCart div.bkm {
	width: 250px !important;
	height: 35px !important;
}
#rakutenLimitedId_aroundCart div.bkm {
	float: none;
	padding-bottom: 0 !important;
}
#rakutenLimitedId_aroundCart div.bookmarkArea div.bkm a.addBkm span.bkmStar {
	background: url(""http://www.rakuten.ne.jp/gold/kintsu/images/okini01.jpg"") no-repeat scroll 0 0 rgba(0, 0, 0, 0) !important;
	display: inline-block !important;
	height: 35px !important;
	margin: 0 0 10px !important;
	width: 250px !important;
}
/***「店舗お気に入り」ボタン***/

#rakutenLimitedId_aroundCart div.shopBkm {
	float: none !important;
	width: 250px !important;
	height: 35px !important;
}
#rakutenLimitedId_aroundCart div.shopBkm {
	padding-left: 0 !important;
}
#rakutenLimitedId_aroundCart div.shopBookmarkArea div.shopBkm a.addShopBkm span.shopBkmStar {
	background: url(""http://www.rakuten.ne.jp/gold/kintsu/images/okini02.jpg"") no-repeat scroll 0 0 rgba(0, 0, 0, 0) !important;
	display: inline-block !important;
	height: 35px !important;
	margin-right: 0 !important;
	width: 250px !important;
}
#rnkInShopPartsArea {
	margin: 0;
	padding: 0;		
}
#rnkInShopMain {
	margin: 0;
	padding: 0;		
}
</style>

<table width=""630"" border=""0"" cellpadding=""0"" cellspacing=""0"" style=""margin: 0 auto;"">
<tr>
<td valign=""top"" align=""left"">

</td>
</tr>
</table>",キュアフォン Qua phone カバー チョコレート 板チョコ TYPE1 au Qua phone KYV37 カバー ケース スマホケース スマホカバー：ケータイ屋24　楽天市場店,スマートフォンアクセサリー携帯ストラップストラップスマホケーススマートフォン ケーススマホピアスイヤホンジャック アクセサリースマートフォンピアスネックストラップスワロフスキー ピアススワロフスキー ストラップスマホカバースマートフォン カバーキュアフォン Qua phone カバー チョコレート 板チョコ TYPE1 au Qua phone KYV37 カバー ケース スマホケース スマホカバー,au Qua phone KYV37 カバー ケース。キュアフォン Qua phone カバー チョコレート 板チョコ TYPE1 au Qua phone KYV37 カバー ケース スマホケース スマホカバー[rn]
8-90094,http://tshop.r10s.jp/kintsu/cabinet/plus-s/diary/plus-diary-csd0005a2.jpg?fitin=700:700,1836.8000,,スマートフォン・タブレット > スマートフォンアクセサリー > スマートフォンケース,Qua phone KYV37 手帳型ケース au 手帳型ケース キュア フォン ケース 手帳型 ハワイ 夕焼け ハイビスカス カバー kyv37 ケース kyv37 カバー キュア フォン ケース カバー おしゃれ かわいい 手帳型スマホケース スマホケース スマホカバー,KYV37 ケース 手帳型 スマホケース 手帳ケース☆,"<font color=""#ff0000""><b>※ 画像はイメージです。<br>
機種やカメラの位置等によって、デザインの見え方が異ったり<br>絵柄が切れる場合がございます。
<br>
予めご了承ください。</b></font><br><br>
ハワイアンフォトデザインの 手帳型 ダイアリーケース。バラエティも豊富☆ Qua phone KYV37ケース<br>
<br><table border=""0"" cellpadding=""2"" cellspacing=""0"" width=""400""><tbody> <tr>
      <td bgcolor=""#cccccc"">　商品特長</td>
    </tr>
    <tr>
      <td><br>
      <font size=""2"">Plus-s(プラスエス)シリーズは、手帳型カバーをベースに、高品質UV硬化型インクにてプリント！商品加工すべてを日本国内の熟練した職人の手作業で行われます。made in japan<br>
      <br>
      しっかりと装着出来、端末を傷から守る事ができる機能性にも優れたケースです。合皮素材で、UV硬化型インクにて高品質プリントを施すことにより、高級感ある仕上がりとなっております。<BR>
      <br>
      </font></td>
    </tr>
    <tr>
      <td align=""center"">&nbsp;<img src=""http://image.rakuten.co.jp/kintsu/cabinet/plus-s/explanation_plus-s.jpg"" /><br>
      <br>
      </td>
    </tr>
    <tr><td align=""left"" bgcolor=""cccccc"">　商品説明</td></tr><tr><td align=""left""><br><font size=""2"" color=""#404040"">
      ・装着したまま充電可能（一部非対応）（卓上ホルダには対応しません）<br>
      ・ベースの手帳型ケースは、複数の仕入れ先より入手しており、入荷時期によって形状が若干変わる事があります。<br>
      </font>
      <hr>
      <font size=""2"" color=""#404040"">素材：手帳ケース本体／合皮　<br>ハードケース／ポリカーボネート(ブラックケース)<br>
      加工：UV硬化型インク<br>
      対応機種：Qua phone KYV37<br>
      </font>
      <hr>
      <font size=""2"" color=""#404040"">※機種本体は含まれておりません。<br>
      ※仕様は予告なく変更する場合がございます。
<br>
      ※ 実物の色に近づけるように努めていますが、ご利用のモニター、PCやスマートフォンの環境により掲載写真の色が実物の色と違って見える場合がございます。
</font></td></tr></tbody></table><style type=""text/css"">
span.unit {
	background: url(http://www.rakuten.ne.jp/gold/kintsu/images/cart_up_send.png) no-repeat left top;
	text-indent: -9999;
	display: block;
	width: 325px;
	height: 80;
	margin: 15px 0;
}
span.choice {
	display: inline-block;
	font-size: 15px;
	margin: 5px auto;
	width: 112px;
}
select[name=""choice""] {
	font-size: 15px;
	max-width: 200px;
}
td.inventory_choice_name {
	background-color: #F7F7F7;
}
/***買い物かごまわり全ボタン・入力欄共通***/
input[value=""買い物かごに入れる""] {
	background: url(""http://www.rakuten.ne.jp/gold/kintsu/images/cart04.png"") no-repeat;
	/*border: 1px solid #930;*/
	border: 0;
	height: 45px;
	text-indent: -9999px;
	cursor: pointer !important;
	width: 250px;
	margin-top: 10px;
	display: block;
}
input[value=""買い物かごに入れる""]:not(:target) {
	background-size: cover\9; /* IE9 */
	height: 45px\9;
	width: 250px\9;
}

@media screen and (-ms-high-contrast: active), (-ms-high-contrast: none) {
input[value=""買い物かごに入れる""] {
	background-size: cover;     /* IE10 */
	height: 45px;
	width: 250px;
}
}
input[value=""買い物かごに入れる""]:hover {
	opacity: 0.8;
}
/***「お問合せ」ボタン***/
font input[value=""商品についての問合わせ""] {
	background: url(""http://www.rakuten.ne.jp/gold/kintsu/images/toiawase01.png"") no-repeat;
	/*border: 1px solid #930;*/
	border: 0;
	height: 35px;
	text-indent: -9999px;
	cursor: pointer !important;
	width: 250px;
	margin-top: 10px;
}
font input[value=""商品についての問合わせ""]:hover {
	opacity: 0.7;
}
/***「商品お気に入り」ボタン***/

#rakutenLimitedId_aroundCart div.bkm {
	width: 250px !important;
	height: 35px !important;
}
#rakutenLimitedId_aroundCart div.bkm {
	float: none;
	padding-bottom: 0 !important;
}
#rakutenLimitedId_aroundCart div.bookmarkArea div.bkm a.addBkm span.bkmStar {
	background: url(""http://www.rakuten.ne.jp/gold/kintsu/images/okini01.jpg"") no-repeat scroll 0 0 rgba(0, 0, 0, 0) !important;
	display: inline-block !important;
	height: 35px !important;
	margin: 0 0 10px !important;
	width: 250px !important;
}
/***「店舗お気に入り」ボタン***/

#rakutenLimitedId_aroundCart div.shopBkm {
	float: none !important;
	width: 250px !important;
	height: 35px !important;
}
#rakutenLimitedId_aroundCart div.shopBkm {
	padding-left: 0 !important;
}
#rakutenLimitedId_aroundCart div.shopBookmarkArea div.shopBkm a.addShopBkm span.shopBkmStar {
	background: url(""http://www.rakuten.ne.jp/gold/kintsu/images/okini02.jpg"") no-repeat scroll 0 0 rgba(0, 0, 0, 0) !important;
	display: inline-block !important;
	height: 35px !important;
	margin-right: 0 !important;
	width: 250px !important;
}
#rnkInShopPartsArea {
	margin: 0;
	padding: 0;		
}
#rnkInShopMain {
	margin: 0;
	padding: 0;		
}
</style>

<table width=""630"" border=""0"" cellpadding=""0"" cellspacing=""0"" style=""margin: 0 auto;"">
<tr>
<td valign=""top"" align=""left"">

</td>
</tr>
</table>",Qua phone KYV37 手帳型ケース au 手帳型ケース キュア フォン ケース 手帳型 ハワイ 夕焼け ハイビスカス カバー kyv37 ケース kyv37 カバー キュア フォン ケース カバー おしゃれ かわいい 手帳型スマホケース スマホケース スマホカバー：ケータイ屋24　楽天市場店,スマートフォンアクセサリー携帯ストラップストラップスマホケーススマートフォン ケーススマホピアスイヤホンジャック アクセサリースマートフォンピアスネックストラップスワロフスキー ピアススワロフスキー ストラップスマホカバースマートフォン カバーQua phone KYV37 手帳型ケース au 手帳型ケース キュア フォン ケース 手帳型 ハワイ 夕焼け ハイビスカス カバー kyv37 ケース kyv37 カバー キュア フォン ケース カバー おしゃれ かわいい 手帳型スマホケース スマホケース スマホカバー,KYV37 ケース 手帳型 スマホケース 手帳ケース☆。Qua phone KYV37 手帳型ケース au 手帳型ケース キュア フォン ケース 手帳型 ハワイ 夕焼け ハイビスカス カバー kyv37 ケース kyv37 カバー キュア フォン ケース カバー おしゃれ かわいい 手帳型スマホケース スマホケース スマホカバー[rn]
8-90095,http://tshop.r10s.jp/kintsu/cabinet/plus-s/m/kyv37/ps-kyv37-0062a.jpg?fitin=700:700,1600.0000,,スマートフォン・タブレット > スマートフォンアクセサリー > スマートフォンケース,キュアフォン Qua phone カバー ローズ フラワー 薔薇 レース au Qua phone KYV37 カバー ケース スマホケース スマホカバー,au Qua phone KYV37 カバー ケース,"エレガントな薔薇(バラ)のau Qua phone KYV37 クリア ケース。<br><br><table border=""0"" cellpadding=""2"" cellspacing=""0"" width=""400""><tbody> <tr>
      <td bgcolor=""#cccccc"">　商品特長</td>
    </tr>
    <tr>
      <td><br>
      <font size=""2"">Plus-s(プラスエス)シリーズは、ポリカーボネイト製カバーをベースに、高品質UV硬化型インクにてプリント！商品加工すべてを日本国内の熟練した職人の手作業で行われます。made in japan<br>
      <br>
      しっかりと装着出来、端末を傷から守る事ができる機能性にも優れたケースです。ハードケース素材で、UV硬化型インクにて高品質プリントを施すことにより、高級感ある仕上がりとなっております。<BR>
      <BR>
      ジャケットを装着したままで、イヤホンや充電コネクターの接続、タッチパネルの使用など操作性も確保しております。 <BR>
      <br>
      </font></td>
    </tr>
    <tr>
      <td align=""center"">&nbsp;<img src=""http://image.rakuten.co.jp/kintsu/cabinet/plus-s/explanation_plus-s.jpg"" /><br>
      <br>
      </td>
    </tr>
    <tr><td align=""left"" bgcolor=""cccccc"">　商品説明</td></tr><tr><td align=""left""><br><font size=""2"" color=""#404040"">・スマートフォンケース側面への印刷は入りません。<br>
      ・装着したまま充電可能（卓上ホルダには対応しません）です。<br>
      ・ベースのスマートフォンケースは、複数の仕入れ先より入手しており、入荷時期によって形状が若干変わる事があります。<br>
      </font>
      <hr>
      <font size=""2"" color=""#404040"">素材：ケース本体／ポリカーボネート(クリアケース)<br>
      加工：UV硬化型インク（側面にプリントは入りません）<br>
      対応機種・サイズ：au Qua phone KYV37 専用<br>
      </font>
      <hr>
      <font size=""2"" color=""#404040"">※機種本体は含まれておりません。<br>
      ※仕様は予告なく変更する場合がございます。</font></td></tr></tbody></table><style type=""text/css"">
span.unit {
	background: url(http://www.rakuten.ne.jp/gold/kintsu/images/cart_up_send.png) no-repeat left top;
	text-indent: -9999;
	display: block;
	width: 325px;
	height: 80;
	margin: 15px 0;
}
span.choice {
	display: inline-block;
	font-size: 15px;
	margin: 5px auto;
	width: 112px;
}
select[name=""choice""] {
	font-size: 15px;
	max-width: 200px;
}
td.inventory_choice_name {
	background-color: #F7F7F7;
}
/***買い物かごまわり全ボタン・入力欄共通***/
input[value=""買い物かごに入れる""] {
	background: url(""http://www.rakuten.ne.jp/gold/kintsu/images/cart04.png"") no-repeat;
	/*border: 1px solid #930;*/
	border: 0;
	height: 45px;
	text-indent: -9999px;
	cursor: pointer !important;
	width: 250px;
	margin-top: 10px;
	display: block;
}
input[value=""買い物かごに入れる""]:not(:target) {
	background-size: cover\9; /* IE9 */
	height: 45px\9;
	width: 250px\9;
}

@media screen and (-ms-high-contrast: active), (-ms-high-contrast: none) {
input[value=""買い物かごに入れる""] {
	background-size: cover;     /* IE10 */
	height: 45px;
	width: 250px;
}
}
input[value=""買い物かごに入れる""]:hover {
	opacity: 0.8;
}
/***「お問合せ」ボタン***/
font input[value=""商品についての問合わせ""] {
	background: url(""http://www.rakuten.ne.jp/gold/kintsu/images/toiawase01.png"") no-repeat;
	/*border: 1px solid #930;*/
	border: 0;
	height: 35px;
	text-indent: -9999px;
	cursor: pointer !important;
	width: 250px;
	margin-top: 10px;
}
font input[value=""商品についての問合わせ""]:hover {
	opacity: 0.7;
}
/***「商品お気に入り」ボタン***/

#rakutenLimitedId_aroundCart div.bkm {
	width: 250px !important;
	height: 35px !important;
}
#rakutenLimitedId_aroundCart div.bkm {
	float: none;
	padding-bottom: 0 !important;
}
#rakutenLimitedId_aroundCart div.bookmarkArea div.bkm a.addBkm span.bkmStar {
	background: url(""http://www.rakuten.ne.jp/gold/kintsu/images/okini01.jpg"") no-repeat scroll 0 0 rgba(0, 0, 0, 0) !important;
	display: inline-block !important;
	height: 35px !important;
	margin: 0 0 10px !important;
	width: 250px !important;
}
/***「店舗お気に入り」ボタン***/

#rakutenLimitedId_aroundCart div.shopBkm {
	float: none !important;
	width: 250px !important;
	height: 35px !important;
}
#rakutenLimitedId_aroundCart div.shopBkm {
	padding-left: 0 !important;
}
#rakutenLimitedId_aroundCart div.shopBookmarkArea div.shopBkm a.addShopBkm span.shopBkmStar {
	background: url(""http://www.rakuten.ne.jp/gold/kintsu/images/okini02.jpg"") no-repeat scroll 0 0 rgba(0, 0, 0, 0) !important;
	display: inline-block !important;
	height: 35px !important;
	margin-right: 0 !important;
	width: 250px !important;
}
#rnkInShopPartsArea {
	margin: 0;
	padding: 0;		
}
#rnkInShopMain {
	margin: 0;
	padding: 0;		
}
</style>

<table width=""630"" border=""0"" cellpadding=""0"" cellspacing=""0"" style=""margin: 0 auto;"">
<tr>
<td valign=""top"" align=""left"">

</td>
</tr>
</table>",キュアフォン Qua phone カバー ローズ フラワー 薔薇 レース au Qua phone KYV37 カバー ケース スマホケース スマホカバー：ケータイ屋24　楽天市場店,スマートフォンアクセサリー携帯ストラップストラップスマホケーススマートフォン ケーススマホピアスイヤホンジャック アクセサリースマートフォンピアスネックストラップスワロフスキー ピアススワロフスキー ストラップスマホカバースマートフォン カバーキュアフォン Qua phone カバー ローズ フラワー 薔薇 レース au Qua phone KYV37 カバー ケース スマホケース スマホカバー,au Qua phone KYV37 カバー ケース。キュアフォン Qua phone カバー ローズ フラワー 薔薇 レース au Qua phone KYV37 カバー ケース スマホケース スマホカバー[rn]
8-90096,http://tshop.r10s.jp/kintsu/cabinet/plus-s/m/kyv37/ps-kyv37-0049a.jpg?fitin=700:700,1600.0000,,スマートフォン・タブレット > スマートフォンアクセサリー > スマートフォンケース,キュアフォン Qua phone カバー 非情口 COOL EXIT 非常口 au Qua phone KYV37 カバー ケース スマホケース スマホカバー,au Qua phone KYV37 カバー ケース,"パロディ非情口のロゴau Qua phone KYV37 クリア ケース。インパクト大！<br><br><table border=""0"" cellpadding=""2"" cellspacing=""0"" width=""400""><tbody> <tr>
      <td bgcolor=""#cccccc"">　商品特長</td>
    </tr>
    <tr>
      <td><br>
      <font size=""2"">Plus-s(プラスエス)シリーズは、ポリカーボネイト製カバーをベースに、高品質UV硬化型インクにてプリント！商品加工すべてを日本国内の熟練した職人の手作業で行われます。made in japan<br>
      <br>
      しっかりと装着出来、端末を傷から守る事ができる機能性にも優れたケースです。ハードケース素材で、UV硬化型インクにて高品質プリントを施すことにより、高級感ある仕上がりとなっております。<BR>
      <BR>
      ジャケットを装着したままで、イヤホンや充電コネクターの接続、タッチパネルの使用など操作性も確保しております。 <BR>
      <br>
      </font></td>
    </tr>
    <tr>
      <td align=""center"">&nbsp;<img src=""http://image.rakuten.co.jp/kintsu/cabinet/plus-s/explanation_plus-s.jpg"" /><br>
      <br>
      </td>
    </tr>
    <tr><td align=""left"" bgcolor=""cccccc"">　商品説明</td></tr><tr><td align=""left""><br><font size=""2"" color=""#404040"">・スマートフォンケース側面への印刷は入りません。<br>
      ・装着したまま充電可能（卓上ホルダには対応しません）です。<br>
      ・ベースのスマートフォンケースは、複数の仕入れ先より入手しており、入荷時期によって形状が若干変わる事があります。<br>
      </font>
      <hr>
      <font size=""2"" color=""#404040"">素材：ケース本体／ポリカーボネート(クリアケース)<br>
      加工：UV硬化型インク（側面にプリントは入りません）<br>
      対応機種・サイズ：au Qua phone KYV37 専用<br>
      </font>
      <hr>
      <font size=""2"" color=""#404040"">※機種本体は含まれておりません。<br>
      ※仕様は予告なく変更する場合がございます。</font></td></tr></tbody></table><style type=""text/css"">
span.unit {
	background: url(http://www.rakuten.ne.jp/gold/kintsu/images/cart_up_send.png) no-repeat left top;
	text-indent: -9999;
	display: block;
	width: 325px;
	height: 80;
	margin: 15px 0;
}
span.choice {
	display: inline-block;
	font-size: 15px;
	margin: 5px auto;
	width: 112px;
}
select[name=""choice""] {
	font-size: 15px;
	max-width: 200px;
}
td.inventory_choice_name {
	background-color: #F7F7F7;
}
/***買い物かごまわり全ボタン・入力欄共通***/
input[value=""買い物かごに入れる""] {
	background: url(""http://www.rakuten.ne.jp/gold/kintsu/images/cart04.png"") no-repeat;
	/*border: 1px solid #930;*/
	border: 0;
	height: 45px;
	text-indent: -9999px;
	cursor: pointer !important;
	width: 250px;
	margin-top: 10px;
	display: block;
}
input[value=""買い物かごに入れる""]:not(:target) {
	background-size: cover\9; /* IE9 */
	height: 45px\9;
	width: 250px\9;
}

@media screen and (-ms-high-contrast: active), (-ms-high-contrast: none) {
input[value=""買い物かごに入れる""] {
	background-size: cover;     /* IE10 */
	height: 45px;
	width: 250px;
}
}
input[value=""買い物かごに入れる""]:hover {
	opacity: 0.8;
}
/***「お問合せ」ボタン***/
font input[value=""商品についての問合わせ""] {
	background: url(""http://www.rakuten.ne.jp/gold/kintsu/images/toiawase01.png"") no-repeat;
	/*border: 1px solid #930;*/
	border: 0;
	height: 35px;
	text-indent: -9999px;
	cursor: pointer !important;
	width: 250px;
	margin-top: 10px;
}
font input[value=""商品についての問合わせ""]:hover {
	opacity: 0.7;
}
/***「商品お気に入り」ボタン***/

#rakutenLimitedId_aroundCart div.bkm {
	width: 250px !important;
	height: 35px !important;
}
#rakutenLimitedId_aroundCart div.bkm {
	float: none;
	padding-bottom: 0 !important;
}
#rakutenLimitedId_aroundCart div.bookmarkArea div.bkm a.addBkm span.bkmStar {
	background: url(""http://www.rakuten.ne.jp/gold/kintsu/images/okini01.jpg"") no-repeat scroll 0 0 rgba(0, 0, 0, 0) !important;
	display: inline-block !important;
	height: 35px !important;
	margin: 0 0 10px !important;
	width: 250px !important;
}
/***「店舗お気に入り」ボタン***/

#rakutenLimitedId_aroundCart div.shopBkm {
	float: none !important;
	width: 250px !important;
	height: 35px !important;
}
#rakutenLimitedId_aroundCart div.shopBkm {
	padding-left: 0 !important;
}
#rakutenLimitedId_aroundCart div.shopBookmarkArea div.shopBkm a.addShopBkm span.shopBkmStar {
	background: url(""http://www.rakuten.ne.jp/gold/kintsu/images/okini02.jpg"") no-repeat scroll 0 0 rgba(0, 0, 0, 0) !important;
	display: inline-block !important;
	height: 35px !important;
	margin-right: 0 !important;
	width: 250px !important;
}
#rnkInShopPartsArea {
	margin: 0;
	padding: 0;		
}
#rnkInShopMain {
	margin: 0;
	padding: 0;		
}
</style>

<table width=""630"" border=""0"" cellpadding=""0"" cellspacing=""0"" style=""margin: 0 auto;"">
<tr>
<td valign=""top"" align=""left"">

</td>
</tr>
</table>",キュアフォン Qua phone カバー 非情口 COOL EXIT 非常口 au Qua phone KYV37 カバー ケース スマホケース スマホカバー：ケータイ屋24　楽天市場店,スマートフォンアクセサリー携帯ストラップストラップスマホケーススマートフォン ケーススマホピアスイヤホンジャック アクセサリースマートフォンピアスネックストラップスワロフスキー ピアススワロフスキー ストラップスマホカバースマートフォン カバーキュアフォン Qua phone カバー 非情口 COOL EXIT 非常口 au Qua phone KYV37 カバー ケース スマホケース スマホカバー,au Qua phone KYV37 カバー ケース。キュアフォン Qua phone カバー 非情口 COOL EXIT 非常口 au Qua phone KYV37 カバー ケース スマホケース スマホカバー[rn]
8-90097,http://tshop.r10s.jp/kintsu/cabinet/plus-s/diary/plus-diary-tmd0001a2.jpg?fitin=700:700,1836.8000,,スマートフォン・タブレット > スマートフォンアクセサリー > スマートフォンケース,URBANO V01 手帳型ケース v01 手帳型ケース アルバーノ ケース 手帳型 パッチワーク 花柄 カントリー カバー v01ケース v01カバー au ケース カバー おしゃれ かわいい 手帳型スマホケース スマホケース スマホカバー,V01 ケース 手帳型 スマホケース 手帳ケース☆,"<font color=""#ff0000""><b>※ 画像はイメージです。<br>
機種やカメラの位置等によって、デザインの見え方が異ったり<br>絵柄が切れる場合がございます。
<br>
予めご了承ください。</b></font><br><br>
カラフルなパッチワーク柄の 手帳型 ダイアリーケース。バラエティも豊富☆ URBANO V01ケース<br>
<br><table border=""0"" cellpadding=""2"" cellspacing=""0"" width=""400""><tbody> <tr>
      <td bgcolor=""#cccccc"">　商品特長</td>
    </tr>
    <tr>
      <td><br>
      <font size=""2"">Plus-s(プラスエス)シリーズは、手帳型カバーをベースに、高品質UV硬化型インクにてプリント！商品加工すべてを日本国内の熟練した職人の手作業で行われます。made in japan<br>
      <br>
      しっかりと装着出来、端末を傷から守る事ができる機能性にも優れたケースです。合皮素材で、UV硬化型インクにて高品質プリントを施すことにより、高級感ある仕上がりとなっております。<BR>
      <br>
      </font></td>
    </tr>
    <tr>
      <td align=""center"">&nbsp;<img src=""http://image.rakuten.co.jp/kintsu/cabinet/plus-s/explanation_plus-s.jpg"" /><br>
      <br>
      </td>
    </tr>
    <tr><td align=""left"" bgcolor=""cccccc"">　商品説明</td></tr><tr><td align=""left""><br><font size=""2"" color=""#404040"">
      ・装着したまま充電可能（一部非対応）（卓上ホルダには対応しません）<br>
      ・ベースの手帳型ケースは、複数の仕入れ先より入手しており、入荷時期によって形状が若干変わる事があります。<br>
      </font>
      <hr>
      <font size=""2"" color=""#404040"">素材：手帳ケース本体／合皮　<br>ハードケース／ポリカーボネート(ブラックケース)<br>
      加工：UV硬化型インク<br>
      対応機種：URBANO V01<br>
      </font>
      <hr>
      <font size=""2"" color=""#404040"">※機種本体は含まれておりません。<br>
      ※仕様は予告なく変更する場合がございます。
<br>
      ※ 実物の色に近づけるように努めていますが、ご利用のモニター、PCやスマートフォンの環境により掲載写真の色が実物の色と違って見える場合がございます。
</font></td></tr></tbody></table><style type=""text/css"">
span.unit {
	background: url(http://www.rakuten.ne.jp/gold/kintsu/images/cart_up_send.png) no-repeat left top;
	text-indent: -9999;
	display: block;
	width: 325px;
	height: 80;
	margin: 15px 0;
}
span.choice {
	display: inline-block;
	font-size: 15px;
	margin: 5px auto;
	width: 112px;
}
select[name=""choice""] {
	font-size: 15px;
	max-width: 200px;
}
td.inventory_choice_name {
	background-color: #F7F7F7;
}
/***買い物かごまわり全ボタン・入力欄共通***/
input[value=""買い物かごに入れる""] {
	background: url(""http://www.rakuten.ne.jp/gold/kintsu/images/cart04.png"") no-repeat;
	/*border: 1px solid #930;*/
	border: 0;
	height: 45px;
	text-indent: -9999px;
	cursor: pointer !important;
	width: 250px;
	margin-top: 10px;
	display: block;
}
input[value=""買い物かごに入れる""]:not(:target) {
	background-size: cover\9; /* IE9 */
	height: 45px\9;
	width: 250px\9;
}

@media screen and (-ms-high-contrast: active), (-ms-high-contrast: none) {
input[value=""買い物かごに入れる""] {
	background-size: cover;     /* IE10 */
	height: 45px;
	width: 250px;
}
}
input[value=""買い物かごに入れる""]:hover {
	opacity: 0.8;
}
/***「お問合せ」ボタン***/
font input[value=""商品についての問合わせ""] {
	background: url(""http://www.rakuten.ne.jp/gold/kintsu/images/toiawase01.png"") no-repeat;
	/*border: 1px solid #930;*/
	border: 0;
	height: 35px;
	text-indent: -9999px;
	cursor: pointer !important;
	width: 250px;
	margin-top: 10px;
}
font input[value=""商品についての問合わせ""]:hover {
	opacity: 0.7;
}
/***「商品お気に入り」ボタン***/

#rakutenLimitedId_aroundCart div.bkm {
	width: 250px !important;
	height: 35px !important;
}
#rakutenLimitedId_aroundCart div.bkm {
	float: none;
	padding-bottom: 0 !important;
}
#rakutenLimitedId_aroundCart div.bookmarkArea div.bkm a.addBkm span.bkmStar {
	background: url(""http://www.rakuten.ne.jp/gold/kintsu/images/okini01.jpg"") no-repeat scroll 0 0 rgba(0, 0, 0, 0) !important;
	display: inline-block !important;
	height: 35px !important;
	margin: 0 0 10px !important;
	width: 250px !important;
}
/***「店舗お気に入り」ボタン***/

#rakutenLimitedId_aroundCart div.shopBkm {
	float: none !important;
	width: 250px !important;
	height: 35px !important;
}
#rakutenLimitedId_aroundCart div.shopBkm {
	padding-left: 0 !important;
}
#rakutenLimitedId_aroundCart div.shopBookmarkArea div.shopBkm a.addShopBkm span.shopBkmStar {
	background: url(""http://www.rakuten.ne.jp/gold/kintsu/images/okini02.jpg"") no-repeat scroll 0 0 rgba(0, 0, 0, 0) !important;
	display: inline-block !important;
	height: 35px !important;
	margin-right: 0 !important;
	width: 250px !important;
}
#rnkInShopPartsArea {
	margin: 0;
	padding: 0;		
}
#rnkInShopMain {
	margin: 0;
	padding: 0;		
}
</style>

<table width=""630"" border=""0"" cellpadding=""0"" cellspacing=""0"" style=""margin: 0 auto;"">
<tr>
<td valign=""top"" align=""left"">

</td>
</tr>
</table>",URBANO V01 手帳型ケース v01 手帳型ケース アルバーノ ケース 手帳型 パッチワーク 花柄 カントリー カバー v01ケース v01カバー au ケース カバー おしゃれ かわいい 手帳型スマホケース スマホケース スマホカバー：ケータイ屋24　楽天市場店,スマートフォンアクセサリー携帯ストラップストラップスマホケーススマートフォン ケーススマホピアスイヤホンジャック アクセサリースマートフォンピアスネックストラップスワロフスキー ピアススワロフスキー ストラップスマホカバースマートフォン カバーURBANO V01 手帳型ケース v01 手帳型ケース アルバーノ ケース 手帳型 パッチワーク 花柄 カントリー カバー v01ケース v01カバー au ケース カバー おしゃれ かわいい 手帳型スマホケース スマホケース スマホカバー,V01 ケース 手帳型 スマホケース 手帳ケース☆。URBANO V01 手帳型ケース v01 手帳型ケース アルバーノ ケース 手帳型 パッチワーク 花柄 カントリー カバー v01ケース v01カバー au ケース カバー おしゃれ かわいい 手帳型スマホケース スマホケース スマホカバー[rn]
8-90098,http://tshop.r10s.jp/kintsu/cabinet/plus-s/n/kyv37/ps-kyv37-1099a.jpg?fitin=700:700,1600.0000,,スマートフォン・タブレット > スマートフォンアクセサリー > スマートフォンケース,音符とじゃれる猫 au Qua phone KYV37 ケース カバー　キュアフォン Qua phone カバー ケース ケース クリア ハードケース スマホケース スマホカバー,au Qua phone KYV37 カバー ケース,"かわいい猫がピアノの鍵盤の上で音符を追いかける au Qua phone KYV37 クリア ケース。裏側が透けるデザインなので、機種本体のデザインが活かされます♪<br><br>
<table border=""0"" cellpadding=""2"" cellspacing=""0"" width=""400"">
 <tbody>
  <tr>
   <td bgcolor=""#cccccc"">　商品特長</td>
  </tr>
  <tr>
   <td><br><font size=""2"">Plus-s(プラスエス)シリーズは、ポリカーボネイト製カバーをベースに、高品質UV硬化型インクにてプリント！商品加工すべてを日本国内の熟練した職人の手作業で行われます。made in japan<br><br>しっかりと装着出来、端末を傷から守る事ができる機能性にも優れたケースです。ハードケース素材で、UV硬化型インクにて高品質プリントを施すことにより、高級感ある仕上がりとなっております。<BR><BR>ジャケットを装着したままで、イヤホンや充電コネクターの接続、タッチパネルの使用など操作性も確保しております。<BR><br></font>
   </td>
  </tr>
  <tr>
   <td align=""center"">&nbsp;<img src=""http://image.rakuten.co.jp/kintsu/cabinet/plus-s/explanation_plus-s.jpg"" /><br><br>
   </td>
  </tr>
  <tr>
   <td align=""left"" bgcolor=""cccccc"">　商品説明</td></tr><tr><td align=""left""><br><font size=""2"" color=""#404040"">・スマートフォンケース側面への印刷は入りません。<br>
      ・装着したまま充電可能（卓上ホルダには対応しません）です。<br>
      ・ベースのスマートフォンケースは、複数の仕入れ先より入手しており、入荷時期によって形状が若干変わる事があります。<br></font>
    <hr>
     <font size=""2"" color=""#404040"">素材：ケース本体／ポリカーボネート(クリアケース)<br>加工：UV硬化型インク（側面にプリントは入りません）<br>対応機種・サイズ：au Qua phone KYV37 専用<br></font>
    <hr>
     <font size=""2"" color=""#404040"">※機種本体は含まれておりません。<br>※仕様は予告なく変更する場合がございます。</font>
   </td>
  </tr>
 </tbody>
</table><style type=""text/css"">
span.unit {
	background: url(http://www.rakuten.ne.jp/gold/kintsu/images/cart_up_send.png) no-repeat left top;
	text-indent: -9999;
	display: block;
	width: 325px;
	height: 80;
	margin: 15px 0;
}
span.choice {
	display: inline-block;
	font-size: 15px;
	margin: 5px auto;
	width: 112px;
}
select[name=""choice""] {
	font-size: 15px;
	max-width: 200px;
}
td.inventory_choice_name {
	background-color: #F7F7F7;
}
/***買い物かごまわり全ボタン・入力欄共通***/
input[value=""買い物かごに入れる""] {
	background: url(""http://www.rakuten.ne.jp/gold/kintsu/images/cart04.png"") no-repeat;
	/*border: 1px solid #930;*/
	border: 0;
	height: 45px;
	text-indent: -9999px;
	cursor: pointer !important;
	width: 250px;
	margin-top: 10px;
	display: block;
}
input[value=""買い物かごに入れる""]:not(:target) {
	background-size: cover\9; /* IE9 */
	height: 45px\9;
	width: 250px\9;
}

@media screen and (-ms-high-contrast: active), (-ms-high-contrast: none) {
input[value=""買い物かごに入れる""] {
	background-size: cover;     /* IE10 */
	height: 45px;
	width: 250px;
}
}
input[value=""買い物かごに入れる""]:hover {
	opacity: 0.8;
}
/***「お問合せ」ボタン***/
font input[value=""商品についての問合わせ""] {
	background: url(""http://www.rakuten.ne.jp/gold/kintsu/images/toiawase01.png"") no-repeat;
	/*border: 1px solid #930;*/
	border: 0;
	height: 35px;
	text-indent: -9999px;
	cursor: pointer !important;
	width: 250px;
	margin-top: 10px;
}
font input[value=""商品についての問合わせ""]:hover {
	opacity: 0.7;
}
/***「商品お気に入り」ボタン***/

#rakutenLimitedId_aroundCart div.bkm {
	width: 250px !important;
	height: 35px !important;
}
#rakutenLimitedId_aroundCart div.bkm {
	float: none;
	padding-bottom: 0 !important;
}
#rakutenLimitedId_aroundCart div.bookmarkArea div.bkm a.addBkm span.bkmStar {
	background: url(""http://www.rakuten.ne.jp/gold/kintsu/images/okini01.jpg"") no-repeat scroll 0 0 rgba(0, 0, 0, 0) !important;
	display: inline-block !important;
	height: 35px !important;
	margin: 0 0 10px !important;
	width: 250px !important;
}
/***「店舗お気に入り」ボタン***/

#rakutenLimitedId_aroundCart div.shopBkm {
	float: none !important;
	width: 250px !important;
	height: 35px !important;
}
#rakutenLimitedId_aroundCart div.shopBkm {
	padding-left: 0 !important;
}
#rakutenLimitedId_aroundCart div.shopBookmarkArea div.shopBkm a.addShopBkm span.shopBkmStar {
	background: url(""http://www.rakuten.ne.jp/gold/kintsu/images/okini02.jpg"") no-repeat scroll 0 0 rgba(0, 0, 0, 0) !important;
	display: inline-block !important;
	height: 35px !important;
	margin-right: 0 !important;
	width: 250px !important;
}
#rnkInShopPartsArea {
	margin: 0;
	padding: 0;		
}
#rnkInShopMain {
	margin: 0;
	padding: 0;		
}
</style>

<table width=""630"" border=""0"" cellpadding=""0"" cellspacing=""0"" style=""margin: 0 auto;"">
<tr>
<td valign=""top"" align=""left"">

</td>
</tr>
</table>",音符とじゃれる猫 au Qua phone KYV37 ケース カバー　キュアフォン Qua phone カバー ケース ケース クリア ハードケース スマホケース スマホカバー：ケータイ屋24　楽天市場店,スマートフォンアクセサリー携帯ストラップストラップスマホケーススマートフォン ケーススマホピアスイヤホンジャック アクセサリースマートフォンピアスネックストラップスワロフスキー ピアススワロフスキー ストラップスマホカバースマートフォン カバー音符とじゃれる猫 au Qua phone KYV37 ケース カバー　キュアフォン Qua phone カバー ケース ケース クリア ハードケース スマホケース スマホカバー,au Qua phone KYV37 カバー ケース。音符とじゃれる猫 au Qua phone KYV37 ケース カバー　キュアフォン Qua phone カバー ケース ケース クリア ハードケース スマホケース スマホカバー[rn]
8-90099,http://tshop.r10s.jp/kintsu/cabinet/plus-s/m/kyv37/ps-kyv37-0115a.jpg?fitin=700:700,1600.0000,,スマートフォン・タブレット > スマートフォンアクセサリー > スマートフォンケース,ワレワレハ‥宇宙人 au Qua phone KYV37 ケース カバー　キュアフォン Qua phone カバー ケース ケース クリア ハードケース スマホケース スマホカバー,au Qua phone KYV37 カバー ケース,"ワレワレハ‥宇宙人 au Qua phone KYV37 クリア ケース。<br><br><table border=""0"" cellpadding=""2"" cellspacing=""0"" width=""400""><tbody> <tr>
      <td bgcolor=""#cccccc"">　商品特長</td>
    </tr>
    <tr>
      <td><br>
      <font size=""2"">Plus-s(プラスエス)シリーズは、ポリカーボネイト製カバーをベースに、高品質UV硬化型インクにてプリント！商品加工すべてを日本国内の熟練した職人の手作業で行われます。made in japan<br>
      <br>
      しっかりと装着出来、端末を傷から守る事ができる機能性にも優れたケースです。ハードケース素材で、UV硬化型インクにて高品質プリントを施すことにより、高級感ある仕上がりとなっております。<BR>
      <BR>
      ジャケットを装着したままで、イヤホンや充電コネクターの接続、タッチパネルの使用など操作性も確保しております。 <BR>
      <br>
      </font></td>
    </tr>
    <tr>
      <td align=""center"">&nbsp;<img src=""http://image.rakuten.co.jp/kintsu/cabinet/plus-s/explanation_plus-s.jpg"" /><br>
      <br>
      </td>
    </tr>
    <tr><td align=""left"" bgcolor=""cccccc"">　商品説明</td></tr><tr><td align=""left""><br><font size=""2"" color=""#404040"">・スマートフォンケース側面への印刷は入りません。<br>
      ・装着したまま充電可能（卓上ホルダには対応しません）です。<br>
      ・ベースのスマートフォンケースは、複数の仕入れ先より入手しており、入荷時期によって形状が若干変わる事があります。<br>
      </font>
      <hr>
      <font size=""2"" color=""#404040"">素材：ケース本体／ポリカーボネート(クリアケース)<br>
      加工：UV硬化型インク（側面にプリントは入りません）<br>
      対応機種・サイズ：au Qua phone KYV37 専用<br>
      </font>
      <hr>
      <font size=""2"" color=""#404040"">※機種本体は含まれておりません。<br>
      ※仕様は予告なく変更する場合がございます。</font></td></tr></tbody></table><style type=""text/css"">
span.unit {
	background: url(http://www.rakuten.ne.jp/gold/kintsu/images/cart_up_send.png) no-repeat left top;
	text-indent: -9999;
	display: block;
	width: 325px;
	height: 80;
	margin: 15px 0;
}
span.choice {
	display: inline-block;
	font-size: 15px;
	margin: 5px auto;
	width: 112px;
}
select[name=""choice""] {
	font-size: 15px;
	max-width: 200px;
}
td.inventory_choice_name {
	background-color: #F7F7F7;
}
/***買い物かごまわり全ボタン・入力欄共通***/
input[value=""買い物かごに入れる""] {
	background: url(""http://www.rakuten.ne.jp/gold/kintsu/images/cart04.png"") no-repeat;
	/*border: 1px solid #930;*/
	border: 0;
	height: 45px;
	text-indent: -9999px;
	cursor: pointer !important;
	width: 250px;
	margin-top: 10px;
	display: block;
}
input[value=""買い物かごに入れる""]:not(:target) {
	background-size: cover\9; /* IE9 */
	height: 45px\9;
	width: 250px\9;
}

@media screen and (-ms-high-contrast: active), (-ms-high-contrast: none) {
input[value=""買い物かごに入れる""] {
	background-size: cover;     /* IE10 */
	height: 45px;
	width: 250px;
}
}
input[value=""買い物かごに入れる""]:hover {
	opacity: 0.8;
}
/***「お問合せ」ボタン***/
font input[value=""商品についての問合わせ""] {
	background: url(""http://www.rakuten.ne.jp/gold/kintsu/images/toiawase01.png"") no-repeat;
	/*border: 1px solid #930;*/
	border: 0;
	height: 35px;
	text-indent: -9999px;
	cursor: pointer !important;
	width: 250px;
	margin-top: 10px;
}
font input[value=""商品についての問合わせ""]:hover {
	opacity: 0.7;
}
/***「商品お気に入り」ボタン***/

#rakutenLimitedId_aroundCart div.bkm {
	width: 250px !important;
	height: 35px !important;
}
#rakutenLimitedId_aroundCart div.bkm {
	float: none;
	padding-bottom: 0 !important;
}
#rakutenLimitedId_aroundCart div.bookmarkArea div.bkm a.addBkm span.bkmStar {
	background: url(""http://www.rakuten.ne.jp/gold/kintsu/images/okini01.jpg"") no-repeat scroll 0 0 rgba(0, 0, 0, 0) !important;
	display: inline-block !important;
	height: 35px !important;
	margin: 0 0 10px !important;
	width: 250px !important;
}
/***「店舗お気に入り」ボタン***/

#rakutenLimitedId_aroundCart div.shopBkm {
	float: none !important;
	width: 250px !important;
	height: 35px !important;
}
#rakutenLimitedId_aroundCart div.shopBkm {
	padding-left: 0 !important;
}
#rakutenLimitedId_aroundCart div.shopBookmarkArea div.shopBkm a.addShopBkm span.shopBkmStar {
	background: url(""http://www.rakuten.ne.jp/gold/kintsu/images/okini02.jpg"") no-repeat scroll 0 0 rgba(0, 0, 0, 0) !important;
	display: inline-block !important;
	height: 35px !important;
	margin-right: 0 !important;
	width: 250px !important;
}
#rnkInShopPartsArea {
	margin: 0;
	padding: 0;		
}
#rnkInShopMain {
	margin: 0;
	padding: 0;		
}
</style>

<table width=""630"" border=""0"" cellpadding=""0"" cellspacing=""0"" style=""margin: 0 auto;"">
<tr>
<td valign=""top"" align=""left"">

</td>
</tr>
</table>",ワレワレハ‥宇宙人 au Qua phone KYV37 ケース カバー　キュアフォン Qua phone カバー ケース ケース クリア ハードケース スマホケース スマホカバー：ケータイ屋24　楽天市場店,スマートフォンアクセサリー携帯ストラップストラップスマホケーススマートフォン ケーススマホピアスイヤホンジャック アクセサリースマートフォンピアスネックストラップスワロフスキー ピアススワロフスキー ストラップスマホカバースマートフォン カバーワレワレハ‥宇宙人 au Qua phone KYV37 ケース カバー　キュアフォン Qua phone カバー ケース ケース クリア ハードケース スマホケース スマホカバー,au Qua phone KYV37 カバー ケース。ワレワレハ‥宇宙人 au Qua phone KYV37 ケース カバー　キュアフォン Qua phone カバー ケース ケース クリア ハードケース スマホケース スマホカバー[rn]
8-90100,http://tshop.r10s.jp/kintsu/cabinet/plus-s/m/kyv37/ps-kyv37-0337a.jpg?fitin=700:700,1600.0000,,スマートフォン・タブレット > スマートフォンアクセサリー > スマートフォンケース,キュアフォン Qua phone カバー 輝く星 不思議の国のアリス クリア au Qua phone KYV37 カバー ケース スマホケース スマホカバー,au Qua phone KYV37 カバー ケース,"世界名作童話 輝く星をの間を落ちてくるアリス。不思議な世界へ au Qua phone KYV37 クリア ケース。裏側が透けるデザインなので、機種本体のデザインが活かされます♪<br><br>
<table border=""0"" cellpadding=""2"" cellspacing=""0"" width=""400"">
 <tbody>
  <tr>
   <td bgcolor=""#cccccc"">　商品特長</td>
  </tr>
  <tr>
   <td><br><font size=""2"">Plus-s(プラスエス)シリーズは、ポリカーボネイト製カバーをベースに、高品質UV硬化型インクにてプリント！商品加工すべてを日本国内の熟練した職人の手作業で行われます。made in japan<br><br>しっかりと装着出来、端末を傷から守る事ができる機能性にも優れたケースです。ハードケース素材で、UV硬化型インクにて高品質プリントを施すことにより、高級感ある仕上がりとなっております。<BR><BR>ジャケットを装着したままで、イヤホンや充電コネクターの接続、タッチパネルの使用など操作性も確保しております。<BR><br></font>
   </td>
  </tr>
  <tr>
   <td align=""center"">&nbsp;<img src=""http://image.rakuten.co.jp/kintsu/cabinet/plus-s/explanation_plus-s.jpg"" /><br><br>
   </td>
  </tr>
  <tr>
   <td align=""left"" bgcolor=""cccccc"">　商品説明</td></tr><tr><td align=""left""><br><font size=""2"" color=""#404040"">・スマートフォンケース側面への印刷は入りません。<br>
      ・装着したまま充電可能（卓上ホルダには対応しません）です。<br>
      ・ベースのスマートフォンケースは、複数の仕入れ先より入手しており、入荷時期によって形状が若干変わる事があります。<br></font>
    <hr>
     <font size=""2"" color=""#404040"">素材：ケース本体／ポリカーボネート(クリアケース)<br>加工：UV硬化型インク（側面にプリントは入りません）<br>対応機種・サイズ：au Qua phone KYV37 専用<br></font>
    <hr>
     <font size=""2"" color=""#404040"">※機種本体は含まれておりません。<br>※仕様は予告なく変更する場合がございます。</font>
   </td>
  </tr>
 </tbody>
</table><style type=""text/css"">
span.unit {
	background: url(http://www.rakuten.ne.jp/gold/kintsu/images/cart_up_send.png) no-repeat left top;
	text-indent: -9999;
	display: block;
	width: 325px;
	height: 80;
	margin: 15px 0;
}
span.choice {
	display: inline-block;
	font-size: 15px;
	margin: 5px auto;
	width: 112px;
}
select[name=""choice""] {
	font-size: 15px;
	max-width: 200px;
}
td.inventory_choice_name {
	background-color: #F7F7F7;
}
/***買い物かごまわり全ボタン・入力欄共通***/
input[value=""買い物かごに入れる""] {
	background: url(""http://www.rakuten.ne.jp/gold/kintsu/images/cart04.png"") no-repeat;
	/*border: 1px solid #930;*/
	border: 0;
	height: 45px;
	text-indent: -9999px;
	cursor: pointer !important;
	width: 250px;
	margin-top: 10px;
	display: block;
}
input[value=""買い物かごに入れる""]:not(:target) {
	background-size: cover\9; /* IE9 */
	height: 45px\9;
	width: 250px\9;
}

@media screen and (-ms-high-contrast: active), (-ms-high-contrast: none) {
input[value=""買い物かごに入れる""] {
	background-size: cover;     /* IE10 */
	height: 45px;
	width: 250px;
}
}
input[value=""買い物かごに入れる""]:hover {
	opacity: 0.8;
}
/***「お問合せ」ボタン***/
font input[value=""商品についての問合わせ""] {
	background: url(""http://www.rakuten.ne.jp/gold/kintsu/images/toiawase01.png"") no-repeat;
	/*border: 1px solid #930;*/
	border: 0;
	height: 35px;
	text-indent: -9999px;
	cursor: pointer !important;
	width: 250px;
	margin-top: 10px;
}
font input[value=""商品についての問合わせ""]:hover {
	opacity: 0.7;
}
/***「商品お気に入り」ボタン***/

#rakutenLimitedId_aroundCart div.bkm {
	width: 250px !important;
	height: 35px !important;
}
#rakutenLimitedId_aroundCart div.bkm {
	float: none;
	padding-bottom: 0 !important;
}
#rakutenLimitedId_aroundCart div.bookmarkArea div.bkm a.addBkm span.bkmStar {
	background: url(""http://www.rakuten.ne.jp/gold/kintsu/images/okini01.jpg"") no-repeat scroll 0 0 rgba(0, 0, 0, 0) !important;
	display: inline-block !important;
	height: 35px !important;
	margin: 0 0 10px !important;
	width: 250px !important;
}
/***「店舗お気に入り」ボタン***/

#rakutenLimitedId_aroundCart div.shopBkm {
	float: none !important;
	width: 250px !important;
	height: 35px !important;
}
#rakutenLimitedId_aroundCart div.shopBkm {
	padding-left: 0 !important;
}
#rakutenLimitedId_aroundCart div.shopBookmarkArea div.shopBkm a.addShopBkm span.shopBkmStar {
	background: url(""http://www.rakuten.ne.jp/gold/kintsu/images/okini02.jpg"") no-repeat scroll 0 0 rgba(0, 0, 0, 0) !important;
	display: inline-block !important;
	height: 35px !important;
	margin-right: 0 !important;
	width: 250px !important;
}
#rnkInShopPartsArea {
	margin: 0;
	padding: 0;		
}
#rnkInShopMain {
	margin: 0;
	padding: 0;		
}
</style>

<table width=""630"" border=""0"" cellpadding=""0"" cellspacing=""0"" style=""margin: 0 auto;"">
<tr>
<td valign=""top"" align=""left"">

</td>
</tr>
</table>",キュアフォン Qua phone カバー 輝く星 不思議の国のアリス クリア au Qua phone KYV37 カバー ケース スマホケース スマホカバー：ケータイ屋24　楽天市場店,スマートフォンアクセサリー携帯ストラップストラップスマホケーススマートフォン ケーススマホピアスイヤホンジャック アクセサリースマートフォンピアスネックストラップスワロフスキー ピアススワロフスキー ストラップスマホカバースマートフォン カバーキュアフォン Qua phone カバー 輝く星 不思議の国のアリス クリア au Qua phone KYV37 カバー ケース スマホケース スマホカバー,au Qua phone KYV37 カバー ケース。キュアフォン Qua phone カバー 輝く星 不思議の国のアリス クリア au Qua phone KYV37 カバー ケース スマホケース スマホカバー[rn]
8-90101,http://tshop.r10s.jp/kintsu/cabinet/plus-s/m/kyv37/ps-kyv37-0261a.jpg?fitin=700:700,1600.0000,,スマートフォン・タブレット > スマートフォンアクセサリー > スマートフォンケース,キュアフォン Qua phone カバー ボーダー柄 スカルハット au Qua phone KYV37 カバー ケース スマホケース スマホカバー,au Qua phone KYV37 カバー ケース,"カッコかわいいスカルハットのボーダー柄の au Qua phone KYV37 クリア ケース。種類も豊富♪<br><br><table border=""0"" cellpadding=""2"" cellspacing=""0"" width=""400""><tbody> <tr>
      <td bgcolor=""#cccccc"">　商品特長</td>
    </tr>
    <tr>
      <td><br>
      <font size=""2"">Plus-s(プラスエス)シリーズは、ポリカーボネイト製カバーをベースに、高品質UV硬化型インクにてプリント！商品加工すべてを日本国内の熟練した職人の手作業で行われます。made in japan<br>
      <br>
      しっかりと装着出来、端末を傷から守る事ができる機能性にも優れたケースです。ハードケース素材で、UV硬化型インクにて高品質プリントを施すことにより、高級感ある仕上がりとなっております。<BR>
      <BR>
      ジャケットを装着したままで、イヤホンや充電コネクターの接続、タッチパネルの使用など操作性も確保しております。 <BR>
      <br>
      </font></td>
    </tr>
    <tr>
      <td align=""center"">&nbsp;<img src=""http://image.rakuten.co.jp/kintsu/cabinet/plus-s/explanation_plus-s.jpg"" /><br>
      <br>
      </td>
    </tr>
    <tr><td align=""left"" bgcolor=""cccccc"">　商品説明</td></tr><tr><td align=""left""><br><font size=""2"" color=""#404040"">・スマートフォンケース側面への印刷は入りません。<br>
      ・装着したまま充電可能（卓上ホルダには対応しません）です。<br>
      ・ベースのスマートフォンケースは、複数の仕入れ先より入手しており、入荷時期によって形状が若干変わる事があります。<br>
      </font>
      <hr>
      <font size=""2"" color=""#404040"">素材：ケース本体／ポリカーボネート(クリアケース)<br>
      加工：UV硬化型インク（側面にプリントは入りません）<br>
      対応機種・サイズ：au Qua phone KYV37 専用<br>
      </font>
      <hr>
      <font size=""2"" color=""#404040"">※機種本体は含まれておりません。<br>
      ※仕様は予告なく変更する場合がございます。</font></td></tr></tbody></table><style type=""text/css"">
span.unit {
	background: url(http://www.rakuten.ne.jp/gold/kintsu/images/cart_up_send.png) no-repeat left top;
	text-indent: -9999;
	display: block;
	width: 325px;
	height: 80;
	margin: 15px 0;
}
span.choice {
	display: inline-block;
	font-size: 15px;
	margin: 5px auto;
	width: 112px;
}
select[name=""choice""] {
	font-size: 15px;
	max-width: 200px;
}
td.inventory_choice_name {
	background-color: #F7F7F7;
}
/***買い物かごまわり全ボタン・入力欄共通***/
input[value=""買い物かごに入れる""] {
	background: url(""http://www.rakuten.ne.jp/gold/kintsu/images/cart04.png"") no-repeat;
	/*border: 1px solid #930;*/
	border: 0;
	height: 45px;
	text-indent: -9999px;
	cursor: pointer !important;
	width: 250px;
	margin-top: 10px;
	display: block;
}
input[value=""買い物かごに入れる""]:not(:target) {
	background-size: cover\9; /* IE9 */
	height: 45px\9;
	width: 250px\9;
}

@media screen and (-ms-high-contrast: active), (-ms-high-contrast: none) {
input[value=""買い物かごに入れる""] {
	background-size: cover;     /* IE10 */
	height: 45px;
	width: 250px;
}
}
input[value=""買い物かごに入れる""]:hover {
	opacity: 0.8;
}
/***「お問合せ」ボタン***/
font input[value=""商品についての問合わせ""] {
	background: url(""http://www.rakuten.ne.jp/gold/kintsu/images/toiawase01.png"") no-repeat;
	/*border: 1px solid #930;*/
	border: 0;
	height: 35px;
	text-indent: -9999px;
	cursor: pointer !important;
	width: 250px;
	margin-top: 10px;
}
font input[value=""商品についての問合わせ""]:hover {
	opacity: 0.7;
}
/***「商品お気に入り」ボタン***/

#rakutenLimitedId_aroundCart div.bkm {
	width: 250px !important;
	height: 35px !important;
}
#rakutenLimitedId_aroundCart div.bkm {
	float: none;
	padding-bottom: 0 !important;
}
#rakutenLimitedId_aroundCart div.bookmarkArea div.bkm a.addBkm span.bkmStar {
	background: url(""http://www.rakuten.ne.jp/gold/kintsu/images/okini01.jpg"") no-repeat scroll 0 0 rgba(0, 0, 0, 0) !important;
	display: inline-block !important;
	height: 35px !important;
	margin: 0 0 10px !important;
	width: 250px !important;
}
/***「店舗お気に入り」ボタン***/

#rakutenLimitedId_aroundCart div.shopBkm {
	float: none !important;
	width: 250px !important;
	height: 35px !important;
}
#rakutenLimitedId_aroundCart div.shopBkm {
	padding-left: 0 !important;
}
#rakutenLimitedId_aroundCart div.shopBookmarkArea div.shopBkm a.addShopBkm span.shopBkmStar {
	background: url(""http://www.rakuten.ne.jp/gold/kintsu/images/okini02.jpg"") no-repeat scroll 0 0 rgba(0, 0, 0, 0) !important;
	display: inline-block !important;
	height: 35px !important;
	margin-right: 0 !important;
	width: 250px !important;
}
#rnkInShopPartsArea {
	margin: 0;
	padding: 0;		
}
#rnkInShopMain {
	margin: 0;
	padding: 0;		
}
</style>

<table width=""630"" border=""0"" cellpadding=""0"" cellspacing=""0"" style=""margin: 0 auto;"">
<tr>
<td valign=""top"" align=""left"">

</td>
</tr>
</table>",キュアフォン Qua phone カバー ボーダー柄 スカルハット au Qua phone KYV37 カバー ケース スマホケース スマホカバー：ケータイ屋24　楽天市場店,スマートフォンアクセサリー携帯ストラップストラップスマホケーススマートフォン ケーススマホピアスイヤホンジャック アクセサリースマートフォンピアスネックストラップスワロフスキー ピアススワロフスキー ストラップスマホカバースマートフォン カバーキュアフォン Qua phone カバー ボーダー柄 スカルハット au Qua phone KYV37 カバー ケース スマホケース スマホカバー,au Qua phone KYV37 カバー ケース。キュアフォン Qua phone カバー ボーダー柄 スカルハット au Qua phone KYV37 カバー ケース スマホケース スマホカバー[rn]
8-90102,http://tshop.r10s.jp/kintsu/cabinet/plus-s/n/kyv37/ps-kyv37-1065a.jpg?fitin=700:700,1600.0000,,スマートフォン・タブレット > スマートフォンアクセサリー > スマートフォンケース,ドット スノウクリスタル 雪の結晶 au Qua phone KYV37 ケース カバー　キュアフォン Qua phone カバー ケース ケース クリア ハードケース スマホケース スマホカバー,au Qua phone KYV37 カバー ケース,"美しいドットと雪の結晶のau Qua phone KYV37 クリア ケース。カラーも豊富♪<br><br><table border=""0"" cellpadding=""2"" cellspacing=""0"" width=""400""><tbody> <tr>
      <td bgcolor=""#cccccc"">　商品特長</td>
    </tr>
    <tr>
      <td><br>
      <font size=""2"">Plus-s(プラスエス)シリーズは、ポリカーボネイト製カバーをベースに、高品質UV硬化型インクにてプリント！商品加工すべてを日本国内の熟練した職人の手作業で行われます。made in japan<br>
      <br>
      しっかりと装着出来、端末を傷から守る事ができる機能性にも優れたケースです。ハードケース素材で、UV硬化型インクにて高品質プリントを施すことにより、高級感ある仕上がりとなっております。<BR>
      <BR>
      ジャケットを装着したままで、イヤホンや充電コネクターの接続、タッチパネルの使用など操作性も確保しております。 <BR>
      <br>
      </font></td>
    </tr>
    <tr>
      <td align=""center"">&nbsp;<img src=""http://image.rakuten.co.jp/kintsu/cabinet/plus-s/explanation_plus-s.jpg"" /><br>
      <br>
      </td>
    </tr>
    <tr><td align=""left"" bgcolor=""cccccc"">　商品説明</td></tr><tr><td align=""left""><br><font size=""2"" color=""#404040"">・スマートフォンケース側面への印刷は入りません。<br>
      ・装着したまま充電可能（卓上ホルダには対応しません）です。<br>
      ・ベースのスマートフォンケースは、複数の仕入れ先より入手しており、入荷時期によって形状が若干変わる事があります。<br>
      </font>
      <hr>
      <font size=""2"" color=""#404040"">素材：ケース本体／ポリカーボネート(クリアケース)<br>
      加工：UV硬化型インク（側面にプリントは入りません）<br>
      対応機種・サイズ：au Qua phone KYV37 専用<br>
      </font>
      <hr>
      <font size=""2"" color=""#404040"">※機種本体は含まれておりません。<br>
      ※仕様は予告なく変更する場合がございます。</font></td></tr></tbody></table><style type=""text/css"">
span.unit {
	background: url(http://www.rakuten.ne.jp/gold/kintsu/images/cart_up_send.png) no-repeat left top;
	text-indent: -9999;
	display: block;
	width: 325px;
	height: 80;
	margin: 15px 0;
}
span.choice {
	display: inline-block;
	font-size: 15px;
	margin: 5px auto;
	width: 112px;
}
select[name=""choice""] {
	font-size: 15px;
	max-width: 200px;
}
td.inventory_choice_name {
	background-color: #F7F7F7;
}
/***買い物かごまわり全ボタン・入力欄共通***/
input[value=""買い物かごに入れる""] {
	background: url(""http://www.rakuten.ne.jp/gold/kintsu/images/cart04.png"") no-repeat;
	/*border: 1px solid #930;*/
	border: 0;
	height: 45px;
	text-indent: -9999px;
	cursor: pointer !important;
	width: 250px;
	margin-top: 10px;
	display: block;
}
input[value=""買い物かごに入れる""]:not(:target) {
	background-size: cover\9; /* IE9 */
	height: 45px\9;
	width: 250px\9;
}

@media screen and (-ms-high-contrast: active), (-ms-high-contrast: none) {
input[value=""買い物かごに入れる""] {
	background-size: cover;     /* IE10 */
	height: 45px;
	width: 250px;
}
}
input[value=""買い物かごに入れる""]:hover {
	opacity: 0.8;
}
/***「お問合せ」ボタン***/
font input[value=""商品についての問合わせ""] {
	background: url(""http://www.rakuten.ne.jp/gold/kintsu/images/toiawase01.png"") no-repeat;
	/*border: 1px solid #930;*/
	border: 0;
	height: 35px;
	text-indent: -9999px;
	cursor: pointer !important;
	width: 250px;
	margin-top: 10px;
}
font input[value=""商品についての問合わせ""]:hover {
	opacity: 0.7;
}
/***「商品お気に入り」ボタン***/

#rakutenLimitedId_aroundCart div.bkm {
	width: 250px !important;
	height: 35px !important;
}
#rakutenLimitedId_aroundCart div.bkm {
	float: none;
	padding-bottom: 0 !important;
}
#rakutenLimitedId_aroundCart div.bookmarkArea div.bkm a.addBkm span.bkmStar {
	background: url(""http://www.rakuten.ne.jp/gold/kintsu/images/okini01.jpg"") no-repeat scroll 0 0 rgba(0, 0, 0, 0) !important;
	display: inline-block !important;
	height: 35px !important;
	margin: 0 0 10px !important;
	width: 250px !important;
}
/***「店舗お気に入り」ボタン***/

#rakutenLimitedId_aroundCart div.shopBkm {
	float: none !important;
	width: 250px !important;
	height: 35px !important;
}
#rakutenLimitedId_aroundCart div.shopBkm {
	padding-left: 0 !important;
}
#rakutenLimitedId_aroundCart div.shopBookmarkArea div.shopBkm a.addShopBkm span.shopBkmStar {
	background: url(""http://www.rakuten.ne.jp/gold/kintsu/images/okini02.jpg"") no-repeat scroll 0 0 rgba(0, 0, 0, 0) !important;
	display: inline-block !important;
	height: 35px !important;
	margin-right: 0 !important;
	width: 250px !important;
}
#rnkInShopPartsArea {
	margin: 0;
	padding: 0;		
}
#rnkInShopMain {
	margin: 0;
	padding: 0;		
}
</style>

<table width=""630"" border=""0"" cellpadding=""0"" cellspacing=""0"" style=""margin: 0 auto;"">
<tr>
<td valign=""top"" align=""left"">

</td>
</tr>
</table>",ドット スノウクリスタル 雪の結晶 au Qua phone KYV37 ケース カバー　キュアフォン Qua phone カバー ケース ケース クリア ハードケース スマホケース スマホカバー：ケータイ屋24　楽天市場店,スマートフォンアクセサリー携帯ストラップストラップスマホケーススマートフォン ケーススマホピアスイヤホンジャック アクセサリースマートフォンピアスネックストラップスワロフスキー ピアススワロフスキー ストラップスマホカバースマートフォン カバードット スノウクリスタル 雪の結晶 au Qua phone KYV37 ケース カバー　キュアフォン Qua phone カバー ケース ケース クリア ハードケース スマホケース スマホカバー,au Qua phone KYV37 カバー ケース。ドット スノウクリスタル 雪の結晶 au Qua phone KYV37 ケース カバー　キュアフォン Qua phone カバー ケース ケース クリア ハードケース スマホケース スマホカバー[rn]
8-90103,http://tshop.r10s.jp/kintsu/cabinet/plus-s/diary/plus-diary-0035a2.jpg?fitin=700:700,1836.8000,,スマートフォン・タブレット > スマートフォンアクセサリー > スマートフォンケース,Qua phone KYV37 ケース ヒョウ柄　レオパード Qua phone KYV37 キュア フォン Qua phone KYV37 ケース カバー KYV37ケース KYV37カバー 手帳 Qua phone 手帳型 キュア フォン,Qua phone KYV37 手帳型ケース カバー,"<font color=""#ff0000""><b>※ 画像はイメージです。<br>
機種やカメラの位置等によって、デザインの見え方が異ったり<br>絵柄が切れる場合がございます。
<br>
予めご了承ください。</b></font><br><br>
オシャレなヒョウ柄をプリントした♪ 手帳型 ダイアリーケース。カラーも豊富☆ Qua phone KYV37 ケース<br>
<br><table border=""0"" cellpadding=""2"" cellspacing=""0"" width=""400""><tbody> <tr>
      <td bgcolor=""#cccccc"">　商品特長</td>
    </tr>
    <tr>
      <td><br>
      <font size=""2"">Plus-s(プラスエス)シリーズは、手帳型カバーをベースに、高品質UV硬化型インクにてプリント！商品加工すべてを日本国内の熟練した職人の手作業で行われます。made in japan<br>
      <br>
      しっかりと装着出来、端末を傷から守る事ができる機能性にも優れたケースです。合皮素材で、UV硬化型インクにて高品質プリントを施すことにより、高級感ある仕上がりとなっております。<BR>
      <br>
      </font></td>
    </tr>
    <tr>
      <td align=""center"">&nbsp;<img src=""http://image.rakuten.co.jp/kintsu/cabinet/plus-s/explanation_plus-s.jpg"" /><br>
      <br>
      </td>
    </tr>
    <tr><td align=""left"" bgcolor=""cccccc"">　商品説明</td></tr><tr><td align=""left""><br><font size=""2"" color=""#404040"">
      ・装着したまま充電可能（一部非対応）（卓上ホルダには対応しません）<br>
      ・ベースの手帳型ケースは、複数の仕入れ先より入手しており、入荷時期によって形状が若干変わる事があります。<br>
      </font>
      <hr>
      <font size=""2"" color=""#404040"">素材：手帳ケース本体／合皮　<br>ハードケース／ポリカーボネート(ブラックケース)<br>
      加工：UV硬化型インク<br>
      対応機種：Qua phone KYV37<br>
      </font>
      <hr>
      <font size=""2"" color=""#404040"">※機種本体は含まれておりません。<br>
      ※仕様は予告なく変更する場合がございます。
<br>
      ※ 実物の色に近づけるように努めていますが、ご利用のモニター、PCやスマートフォンの環境により掲載写真の色が実物の色と違って見える場合がございます。
</font></td></tr></tbody></table><style type=""text/css"">
span.unit {
	background: url(http://www.rakuten.ne.jp/gold/kintsu/images/cart_up_send.png) no-repeat left top;
	text-indent: -9999;
	display: block;
	width: 325px;
	height: 80;
	margin: 15px 0;
}
span.choice {
	display: inline-block;
	font-size: 15px;
	margin: 5px auto;
	width: 112px;
}
select[name=""choice""] {
	font-size: 15px;
	max-width: 200px;
}
td.inventory_choice_name {
	background-color: #F7F7F7;
}
/***買い物かごまわり全ボタン・入力欄共通***/
input[value=""買い物かごに入れる""] {
	background: url(""http://www.rakuten.ne.jp/gold/kintsu/images/cart04.png"") no-repeat;
	/*border: 1px solid #930;*/
	border: 0;
	height: 45px;
	text-indent: -9999px;
	cursor: pointer !important;
	width: 250px;
	margin-top: 10px;
	display: block;
}
input[value=""買い物かごに入れる""]:not(:target) {
	background-size: cover\9; /* IE9 */
	height: 45px\9;
	width: 250px\9;
}

@media screen and (-ms-high-contrast: active), (-ms-high-contrast: none) {
input[value=""買い物かごに入れる""] {
	background-size: cover;     /* IE10 */
	height: 45px;
	width: 250px;
}
}
input[value=""買い物かごに入れる""]:hover {
	opacity: 0.8;
}
/***「お問合せ」ボタン***/
font input[value=""商品についての問合わせ""] {
	background: url(""http://www.rakuten.ne.jp/gold/kintsu/images/toiawase01.png"") no-repeat;
	/*border: 1px solid #930;*/
	border: 0;
	height: 35px;
	text-indent: -9999px;
	cursor: pointer !important;
	width: 250px;
	margin-top: 10px;
}
font input[value=""商品についての問合わせ""]:hover {
	opacity: 0.7;
}
/***「商品お気に入り」ボタン***/

#rakutenLimitedId_aroundCart div.bkm {
	width: 250px !important;
	height: 35px !important;
}
#rakutenLimitedId_aroundCart div.bkm {
	float: none;
	padding-bottom: 0 !important;
}
#rakutenLimitedId_aroundCart div.bookmarkArea div.bkm a.addBkm span.bkmStar {
	background: url(""http://www.rakuten.ne.jp/gold/kintsu/images/okini01.jpg"") no-repeat scroll 0 0 rgba(0, 0, 0, 0) !important;
	display: inline-block !important;
	height: 35px !important;
	margin: 0 0 10px !important;
	width: 250px !important;
}
/***「店舗お気に入り」ボタン***/

#rakutenLimitedId_aroundCart div.shopBkm {
	float: none !important;
	width: 250px !important;
	height: 35px !important;
}
#rakutenLimitedId_aroundCart div.shopBkm {
	padding-left: 0 !important;
}
#rakutenLimitedId_aroundCart div.shopBookmarkArea div.shopBkm a.addShopBkm span.shopBkmStar {
	background: url(""http://www.rakuten.ne.jp/gold/kintsu/images/okini02.jpg"") no-repeat scroll 0 0 rgba(0, 0, 0, 0) !important;
	display: inline-block !important;
	height: 35px !important;
	margin-right: 0 !important;
	width: 250px !important;
}
#rnkInShopPartsArea {
	margin: 0;
	padding: 0;		
}
#rnkInShopMain {
	margin: 0;
	padding: 0;		
}
</style>

<table width=""630"" border=""0"" cellpadding=""0"" cellspacing=""0"" style=""margin: 0 auto;"">
<tr>
<td valign=""top"" align=""left"">

</td>
</tr>
</table>",Qua phone KYV37 ケース ヒョウ柄　レオパード Qua phone KYV37 キュア フォン Qua phone KYV37 ケース カバー KYV37ケース KYV37カバー 手帳 Qua phone 手帳型 キュア フォン：ケータイ屋24　楽天市場店,スマートフォンアクセサリー携帯ストラップストラップスマホケーススマートフォン ケーススマホピアスイヤホンジャック アクセサリースマートフォンピアスネックストラップスワロフスキー ピアススワロフスキー ストラップスマホカバースマートフォン カバーQua phone KYV37 ケース ヒョウ柄　レオパード Qua phone KYV37 キュア フォン Qua phone KYV37 ケース カバー KYV37ケース KYV37カバー 手帳 Qua phone 手帳型 キュア フォン,Qua phone KYV37 手帳型ケース カバー。Qua phone KYV37 ケース ヒョウ柄　レオパード Qua phone KYV37 キュア フォン Qua phone KYV37 ケース カバー KYV37ケース KYV37カバー 手帳 Qua phone 手帳型 キュア フォン[rn]
8-90104,http://tshop.r10s.jp/kintsu/cabinet/plus-s/diary/plus-diary-0040a2.jpg?fitin=700:700,1836.8000,,スマートフォン・タブレット > スマートフォンアクセサリー > スマートフォンケース,Qua phone KYV37 ケース アニマルズ 動物 Qua phone KYV37 キュア フォン Qua phone KYV37 ケース カバー KYV37ケース KYV37カバー 手帳 Qua phone 手帳型 キュア フォン,Qua phone KYV37 手帳型ケース カバー,"<font color=""#ff0000""><b>※ 画像はイメージです。<br>
機種やカメラの位置等によって、デザインの見え方が異ったり<br>絵柄が切れる場合がございます。
<br>
予めご了承ください。</b></font><br><br>
たくさんの動物たちが大集合！ プリントした手帳型 ダイアリーケース。バラエティも豊富☆ Qua phone KYV37 ケース<br>
<br><table border=""0"" cellpadding=""2"" cellspacing=""0"" width=""400""><tbody> <tr>
      <td bgcolor=""#cccccc"">　商品特長</td>
    </tr>
    <tr>
      <td><br>
      <font size=""2"">Plus-s(プラスエス)シリーズは、手帳型製カバーをベースに、高品質UV硬化型インクにてプリント！商品加工すべてを日本国内の熟練した職人の手作業で行われます。made in japan<br>
      <br>
      しっかりと装着出来、端末を傷から守る事ができる機能性にも優れたケースです。合皮素材で、UV硬化型インクにて高品質プリントを施すことにより、高級感ある仕上がりとなっております。<BR>
      <br>
      </font></td>
    </tr>
    <tr>
      <td align=""center"">&nbsp;<img src=""http://image.rakuten.co.jp/kintsu/cabinet/plus-s/explanation_plus-s.jpg"" /><br>
      <br>
      </td>
    </tr>
    <tr><td align=""left"" bgcolor=""cccccc"">　商品説明</td></tr><tr><td align=""left""><br><font size=""2"" color=""#404040"">
      ・装着したまま充電可能（一部非対応）（卓上ホルダには対応しません）<br>
      ・ベースの手帳型ケースは、複数の仕入れ先より入手しており、入荷時期によって形状が若干変わる事があります。<br>
      </font>
      <hr>
      <font size=""2"" color=""#404040"">素材：手帳ケース本体／合皮　<br>ハードケース／ポリカーボネート(ブラックケース)<br>
      加工：UV硬化型インク<br>
      対応機種：Qua phone KYV37<br>
      </font>
      <hr>
      <font size=""2"" color=""#404040"">※機種本体は含まれておりません。<br>
      ※仕様は予告なく変更する場合がございます。
<br>
      ※実物の色に近づけるように努めていますが、ご利用のモニター、PCやスマートフォンの環境により掲載写真の色が実物の色と違って見える場合がございます。
</font></td></tr></tbody></table><style type=""text/css"">
span.unit {
	background: url(http://www.rakuten.ne.jp/gold/kintsu/images/cart_up_send.png) no-repeat left top;
	text-indent: -9999;
	display: block;
	width: 325px;
	height: 80;
	margin: 15px 0;
}
span.choice {
	display: inline-block;
	font-size: 15px;
	margin: 5px auto;
	width: 112px;
}
select[name=""choice""] {
	font-size: 15px;
	max-width: 200px;
}
td.inventory_choice_name {
	background-color: #F7F7F7;
}
/***買い物かごまわり全ボタン・入力欄共通***/
input[value=""買い物かごに入れる""] {
	background: url(""http://www.rakuten.ne.jp/gold/kintsu/images/cart04.png"") no-repeat;
	/*border: 1px solid #930;*/
	border: 0;
	height: 45px;
	text-indent: -9999px;
	cursor: pointer !important;
	width: 250px;
	margin-top: 10px;
	display: block;
}
input[value=""買い物かごに入れる""]:not(:target) {
	background-size: cover\9; /* IE9 */
	height: 45px\9;
	width: 250px\9;
}

@media screen and (-ms-high-contrast: active), (-ms-high-contrast: none) {
input[value=""買い物かごに入れる""] {
	background-size: cover;     /* IE10 */
	height: 45px;
	width: 250px;
}
}
input[value=""買い物かごに入れる""]:hover {
	opacity: 0.8;
}
/***「お問合せ」ボタン***/
font input[value=""商品についての問合わせ""] {
	background: url(""http://www.rakuten.ne.jp/gold/kintsu/images/toiawase01.png"") no-repeat;
	/*border: 1px solid #930;*/
	border: 0;
	height: 35px;
	text-indent: -9999px;
	cursor: pointer !important;
	width: 250px;
	margin-top: 10px;
}
font input[value=""商品についての問合わせ""]:hover {
	opacity: 0.7;
}
/***「商品お気に入り」ボタン***/

#rakutenLimitedId_aroundCart div.bkm {
	width: 250px !important;
	height: 35px !important;
}
#rakutenLimitedId_aroundCart div.bkm {
	float: none;
	padding-bottom: 0 !important;
}
#rakutenLimitedId_aroundCart div.bookmarkArea div.bkm a.addBkm span.bkmStar {
	background: url(""http://www.rakuten.ne.jp/gold/kintsu/images/okini01.jpg"") no-repeat scroll 0 0 rgba(0, 0, 0, 0) !important;
	display: inline-block !important;
	height: 35px !important;
	margin: 0 0 10px !important;
	width: 250px !important;
}
/***「店舗お気に入り」ボタン***/

#rakutenLimitedId_aroundCart div.shopBkm {
	float: none !important;
	width: 250px !important;
	height: 35px !important;
}
#rakutenLimitedId_aroundCart div.shopBkm {
	padding-left: 0 !important;
}
#rakutenLimitedId_aroundCart div.shopBookmarkArea div.shopBkm a.addShopBkm span.shopBkmStar {
	background: url(""http://www.rakuten.ne.jp/gold/kintsu/images/okini02.jpg"") no-repeat scroll 0 0 rgba(0, 0, 0, 0) !important;
	display: inline-block !important;
	height: 35px !important;
	margin-right: 0 !important;
	width: 250px !important;
}
#rnkInShopPartsArea {
	margin: 0;
	padding: 0;		
}
#rnkInShopMain {
	margin: 0;
	padding: 0;		
}
</style>

<table width=""630"" border=""0"" cellpadding=""0"" cellspacing=""0"" style=""margin: 0 auto;"">
<tr>
<td valign=""top"" align=""left"">

</td>
</tr>
</table>",Qua phone KYV37 ケース アニマルズ 動物 Qua phone KYV37 キュア フォン Qua phone KYV37 ケース カバー KYV37ケース KYV37カバー 手帳 Qua phone 手帳型 キュア フォン：ケータイ屋24　楽天市場店,スマートフォンアクセサリー携帯ストラップストラップスマホケーススマートフォン ケーススマホピアスイヤホンジャック アクセサリースマートフォンピアスネックストラップスワロフスキー ピアススワロフスキー ストラップスマホカバースマートフォン カバーQua phone KYV37 ケース アニマルズ 動物 Qua phone KYV37 キュア フォン Qua phone KYV37 ケース カバー KYV37ケース KYV37カバー 手帳 Qua phone 手帳型 キュア フォン,Qua phone KYV37 手帳型ケース カバー。Qua phone KYV37 ケース アニマルズ 動物 Qua phone KYV37 キュア フォン Qua phone KYV37 ケース カバー KYV37ケース KYV37カバー 手帳 Qua phone 手帳型 キュア フォン[rn]
8-90105,http://tshop.r10s.jp/kintsu/cabinet/plus-s/diary/plus-diary-icd0037a2.jpg?fitin=700:700,1836.8000,,スマートフォン・タブレット > スマートフォンアクセサリー > スマートフォンケース,Qua phone KYV37 手帳型ケース au 手帳型ケース キュア フォン ケース 手帳型 花言葉 花柄 フラワー カバー kyv37 ケース kyv37 カバー キュア フォン ケース カバー おしゃれ かわいい 手帳型スマホケース スマホケース スマホカバー,KYV37 ケース 手帳型 スマホケース 手帳ケース☆,"<font color=""#ff0000""><b>※ 画像はイメージです。<br>
機種やカメラの位置等によって、デザインの見え方が異ったり<br>絵柄が切れる場合がございます。
<br>
予めご了承ください。</b></font><br><br>
季節の花々と花言葉が華やかなデザインの 手帳型 ダイアリーケース。バラエティも豊富☆ Qua phone KYV37ケース<br>
<br><table border=""0"" cellpadding=""2"" cellspacing=""0"" width=""400""><tbody> <tr>
      <td bgcolor=""#cccccc"">　商品特長</td>
    </tr>
    <tr>
      <td><br>
      <font size=""2"">Plus-s(プラスエス)シリーズは、手帳型カバーをベースに、高品質UV硬化型インクにてプリント！商品加工すべてを日本国内の熟練した職人の手作業で行われます。made in japan<br>
      <br>
      しっかりと装着出来、端末を傷から守る事ができる機能性にも優れたケースです。合皮素材で、UV硬化型インクにて高品質プリントを施すことにより、高級感ある仕上がりとなっております。<BR>
      <br>
      </font></td>
    </tr>
    <tr>
      <td align=""center"">&nbsp;<img src=""http://image.rakuten.co.jp/kintsu/cabinet/plus-s/explanation_plus-s.jpg"" /><br>
      <br>
      </td>
    </tr>
    <tr><td align=""left"" bgcolor=""cccccc"">　商品説明</td></tr><tr><td align=""left""><br><font size=""2"" color=""#404040"">
      ・装着したまま充電可能（一部非対応）（卓上ホルダには対応しません）<br>
      ・ベースの手帳型ケースは、複数の仕入れ先より入手しており、入荷時期によって形状が若干変わる事があります。<br>
      </font>
      <hr>
      <font size=""2"" color=""#404040"">素材：手帳ケース本体／合皮　<br>ハードケース／ポリカーボネート(ブラックケース)<br>
      加工：UV硬化型インク<br>
      対応機種：Qua phone KYV37<br>
      </font>
      <hr>
      <font size=""2"" color=""#404040"">※機種本体は含まれておりません。<br>
      ※仕様は予告なく変更する場合がございます。
<br>
      ※ 実物の色に近づけるように努めていますが、ご利用のモニター、PCやスマートフォンの環境により掲載写真の色が実物の色と違って見える場合がございます。
</font></td></tr></tbody></table><style type=""text/css"">
span.unit {
	background: url(http://www.rakuten.ne.jp/gold/kintsu/images/cart_up_send.png) no-repeat left top;
	text-indent: -9999;
	display: block;
	width: 325px;
	height: 80;
	margin: 15px 0;
}
span.choice {
	display: inline-block;
	font-size: 15px;
	margin: 5px auto;
	width: 112px;
}
select[name=""choice""] {
	font-size: 15px;
	max-width: 200px;
}
td.inventory_choice_name {
	background-color: #F7F7F7;
}
/***買い物かごまわり全ボタン・入力欄共通***/
input[value=""買い物かごに入れる""] {
	background: url(""http://www.rakuten.ne.jp/gold/kintsu/images/cart04.png"") no-repeat;
	/*border: 1px solid #930;*/
	border: 0;
	height: 45px;
	text-indent: -9999px;
	cursor: pointer !important;
	width: 250px;
	margin-top: 10px;
	display: block;
}
input[value=""買い物かごに入れる""]:not(:target) {
	background-size: cover\9; /* IE9 */
	height: 45px\9;
	width: 250px\9;
}

@media screen and (-ms-high-contrast: active), (-ms-high-contrast: none) {
input[value=""買い物かごに入れる""] {
	background-size: cover;     /* IE10 */
	height: 45px;
	width: 250px;
}
}
input[value=""買い物かごに入れる""]:hover {
	opacity: 0.8;
}
/***「お問合せ」ボタン***/
font input[value=""商品についての問合わせ""] {
	background: url(""http://www.rakuten.ne.jp/gold/kintsu/images/toiawase01.png"") no-repeat;
	/*border: 1px solid #930;*/
	border: 0;
	height: 35px;
	text-indent: -9999px;
	cursor: pointer !important;
	width: 250px;
	margin-top: 10px;
}
font input[value=""商品についての問合わせ""]:hover {
	opacity: 0.7;
}
/***「商品お気に入り」ボタン***/

#rakutenLimitedId_aroundCart div.bkm {
	width: 250px !important;
	height: 35px !important;
}
#rakutenLimitedId_aroundCart div.bkm {
	float: none;
	padding-bottom: 0 !important;
}
#rakutenLimitedId_aroundCart div.bookmarkArea div.bkm a.addBkm span.bkmStar {
	background: url(""http://www.rakuten.ne.jp/gold/kintsu/images/okini01.jpg"") no-repeat scroll 0 0 rgba(0, 0, 0, 0) !important;
	display: inline-block !important;
	height: 35px !important;
	margin: 0 0 10px !important;
	width: 250px !important;
}
/***「店舗お気に入り」ボタン***/

#rakutenLimitedId_aroundCart div.shopBkm {
	float: none !important;
	width: 250px !important;
	height: 35px !important;
}
#rakutenLimitedId_aroundCart div.shopBkm {
	padding-left: 0 !important;
}
#rakutenLimitedId_aroundCart div.shopBookmarkArea div.shopBkm a.addShopBkm span.shopBkmStar {
	background: url(""http://www.rakuten.ne.jp/gold/kintsu/images/okini02.jpg"") no-repeat scroll 0 0 rgba(0, 0, 0, 0) !important;
	display: inline-block !important;
	height: 35px !important;
	margin-right: 0 !important;
	width: 250px !important;
}
#rnkInShopPartsArea {
	margin: 0;
	padding: 0;		
}
#rnkInShopMain {
	margin: 0;
	padding: 0;		
}
</style>

<table width=""630"" border=""0"" cellpadding=""0"" cellspacing=""0"" style=""margin: 0 auto;"">
<tr>
<td valign=""top"" align=""left"">

</td>
</tr>
</table>",Qua phone KYV37 手帳型ケース au 手帳型ケース キュア フォン ケース 手帳型 花言葉 花柄 フラワー カバー kyv37 ケース kyv37 カバー キュア フォン ケース カバー おしゃれ かわいい 手帳型スマホケース スマホケース スマホカバー：ケータイ屋24　楽天市場店,スマートフォンアクセサリー携帯ストラップストラップスマホケーススマートフォン ケーススマホピアスイヤホンジャック アクセサリースマートフォンピアスネックストラップスワロフスキー ピアススワロフスキー ストラップスマホカバースマートフォン カバーQua phone KYV37 手帳型ケース au 手帳型ケース キュア フォン ケース 手帳型 花言葉 花柄 フラワー カバー kyv37 ケース kyv37 カバー キュア フォン ケース カバー おしゃれ かわいい 手帳型スマホケース スマホケース スマホカバー,KYV37 ケース 手帳型 スマホケース 手帳ケース☆。Qua phone KYV37 手帳型ケース au 手帳型ケース キュア フォン ケース 手帳型 花言葉 花柄 フラワー カバー kyv37 ケース kyv37 カバー キュア フォン ケース カバー おしゃれ かわいい 手帳型スマホケース スマホケース スマホカバー[rn]
