8-97206,http://tshop.r10s.jp/akibamac/cabinet/04487524/4953103448117.jpg?fitin=700:700,600.0000,,パソコン・周辺機器 > PCアクセサリー > ケーブル > USBケーブル,エレコムU2C-AC05BK USB2.0ケーブル(A-TypeC/0.5m） (U2CAC05BK),,"<table border=""0"" cellpadding=""0"" cellspacing=""0"" width=""710"" style=""line-height:140%;""><tr><td><font size=""2"">■USB Standard-Aを搭載しているパソコンなどに、USB Type-Cを搭載している機器を接続し、充電やデータ転送ができるUSB2.0ケーブルです。<br>■USB3.1/3.0/2.0端子搭載のパソコンで使用可能です。<br>■新規格のUSB Type-Cコネクタは、ウラ、オモテに関係なく両面挿せます。<br>■最大5V、3Aの大電流で接続機器の充電が可能です。<br>※ご使用になるパソコンなどの性能によって、供給される電流値が異なります。USB PD(Power-Delivery)非対応です。<br>■最大480Mbpsの高速データ転送が可能です。<br>■難燃性の素材を使用し、安全性を高めています。<br>■外部ノイズの干渉から信号を保護する2重シールドケーブルを採用しています。<br>■サビなどに強く信号劣化を抑える金メッキピンを採用しています。<br>■Macbook(2015春)の充電ケーブルとして使用可能です。<br>※「Apple 10W/12W USB電源アダプタ」と本製品を接続し、本体の充電を確認済。<br>　ただし、本体添付の「Apple 29W USB-C電源アダプタ」利用時と比べ、充電速度が低下します。<br><br>【仕様】<br>コネクタ形状：USB2.0 Standard-Aオス-USB Type-Cオス<br>対応機種：USB Standard-A端子搭載のパソコン及びUSB Type-C端子搭載のパソコン周辺機器<br>ケーブル長：0.5m<br>ケーブル太さ：3.5mm<br>規格：USB2.0規格準拠<br>対応転送速度：最大480Mbps ※理論値<br>プラグメッキ仕様：金メッキピン<br>シールド方法：2重シールド<br>ツイストペアケーブル(通信線)：○<br>カラー：ブラック<br>パッケージ形態：PET箱+紙台紙<br><br></font></td></tr></table><table cellspacing=""0"" cellpadding=""4"" border=""1"" width=""710"" bordercolor=""#cccccc""><tr><td width=""180"" bgcolor=""#efefef""><font size=""2"">タイプ</font></td><td width=""530""><font size=""2"">USB2.0ケーブル</font></td></tr><tr><td width=""180"" bgcolor=""#efefef""><font size=""2"">コネクタ形状</font></td><td width=""530""><font size=""2"">USB TypeC（オス）-USB TypeA（オス）</font></td></tr><tr><td width=""180"" bgcolor=""#efefef""><font size=""2"">色（カラー）</font></td><td width=""530""><font size=""2"">ブラック</font></td></tr><tr><td width=""180"" bgcolor=""#efefef""><font size=""2"">ケーブル長</font></td><td width=""530""><font size=""2"">0.5m</font></td></tr><tr><td width=""180"" bgcolor=""#efefef""><font size=""2"">特長</font></td><td width=""530""><font size=""2"">2重シールド,金メッキ</font></td></tr></table><style type=""text/css"">
<!--
.rakuten-camp {
	width: 725px;
	border: 2px solid #3399FF;
	padding-top: 5px;
	-moz-border-radius:4px; /*Firefox*/
	-webkit-border-radius: 4px; /*Safari,Chrome*/
	border-radius:4px; /*Opera,Chrome*/
	margin:0 10px 10px 0;
}

/* 価格に枠線がつく */
table#rakutenLimitedId_cart {
    background-color: #f8f8f8;
    border: 1px solid #ddd;
    padding: 8px;
    margin: 16px 0;
}

span.price1 {
    color: #333 !important;
    font-weight: bold;
    font-size: 80% !important;
    line-height: 30px;
    display: inline-block;
    margin-right: 16px;
}

-->
</style>

<!--バナーエリア-->

<!--【消すな！】★★★ height=""380"" で設定してください。★★★-->
<!--バナーエリアここまで-->

<!--楽天キャンペーン-->

<h2 style=""margin:20px 0 10px 0;""><img src=""http://www.rakuten.ne.jp/gold/akibamac/frame/images/rakuten_title2.gif"" alt=""楽天市場のお得なキャンペーン"" width=""730"" height=""42"" border=""0""></h2>
<div class=""rakuten-camp"" style=""margin:0 0 0 0;"">


<!--楽天キャンペーン@ここまで-->",エレコムU2C-AC05BK USB2.0ケーブル(A-TypeC/0.5m） (U2CAC05BK)：ソフマップ　デジタルコレクション,ソフマップ デジタルコレクションSofmap Digital CollectionパソコンタブレットPCHDDアセンブリパーツパソコンパーツテレビゲームブルーレイソフトDVDソフト液晶テレビブルーレイディスクレコーダーデジタル一眼レフカメラデジタルカメラ家電時計中古　ソフトアウトレット中古ノートパソコン中古パソコンエレコムU2C-AC05BK USB2.0ケーブル(A-TypeC/0.5m） (U2CAC05BK),エレコムU2C-AC05BK USB2.0ケーブル(A-TypeC/0.5m） (U2CAC05BK)[rn]
8-97207,http://tshop.r10s.jp/akibamac/cabinet/04544162/4580152974177.jpg?fitin=700:700,1608.0000,,パソコン・周辺機器 > PCアクセサリー > ケーブル > USBケーブル,SoftBankSB-CA38-CA01/BK USB(Type-C)ポート搭載機器用変換アダプタ（0.1m/タイプAメス to タイプCオス/ブラック） 【USB3.1 Type-C】 (SBCA38CA01BK),,"<table border=""0"" cellpadding=""0"" cellspacing=""0"" width=""710"" style=""line-height:140%;""><tr><td><font size=""2"">■USB(Type-C)ポート搭載機器でUSB3.1(Gen1)対応機器を使える変換アダプタ<br>高速データ転送を実現するUSB3.1(Gen1)に対応<br>屈曲試験をクリアした、丈夫でしなやかなケーブル<br>使い方に合わせて選べる2色のラインアップ<br><br>■製品仕様<br>対象機種：USB(Type-C)コネクタ：MacBook（2015年モデル）などのUSB(Type-C)ポートを搭載した機器<br>USB(Type-A)ポート：マウスなどのUSB(Type-A)コネクタを有する周辺機器<br>※すべての対応機種での動作を保証するものではありません。<br>※USB PD(Power Delivery)には対応していません。<br>ケーブル長：約0.1m<br>インターフェース：USB(Type-C)コネクタ、USB(Type-A)ポート<br>質量：約18ｇ<br>製品構成：変換アダプタ×1（約0.1m）<br><br></font></td></tr></table><style type=""text/css"">
<!--
.rakuten-camp {
	width: 725px;
	border: 2px solid #3399FF;
	padding-top: 5px;
	-moz-border-radius:4px; /*Firefox*/
	-webkit-border-radius: 4px; /*Safari,Chrome*/
	border-radius:4px; /*Opera,Chrome*/
	margin:0 10px 10px 0;
}

/* 価格に枠線がつく */
table#rakutenLimitedId_cart {
    background-color: #f8f8f8;
    border: 1px solid #ddd;
    padding: 8px;
    margin: 16px 0;
}

span.price1 {
    color: #333 !important;
    font-weight: bold;
    font-size: 80% !important;
    line-height: 30px;
    display: inline-block;
    margin-right: 16px;
}

-->
</style>

<!--バナーエリア-->

<!--【消すな！】★★★ height=""380"" で設定してください。★★★-->
<!--バナーエリアここまで-->

<!--楽天キャンペーン-->

<h2 style=""margin:20px 0 10px 0;""><img src=""http://www.rakuten.ne.jp/gold/akibamac/frame/images/rakuten_title2.gif"" alt=""楽天市場のお得なキャンペーン"" width=""730"" height=""42"" border=""0""></h2>
<div class=""rakuten-camp"" style=""margin:0 0 0 0;"">


<!--楽天キャンペーン@ここまで-->",SoftBankSB-CA38-CA01/BK USB(Type-C)ポート搭載機器用変換アダプタ（0.1m/タイプAメス to タイプCオス/ブラック） 【USB3.1 Type-C】 (SBCA38CA01BK)：ソフマップ　デジタルコレクション,ソフマップ デジタルコレクションSofmap Digital CollectionパソコンタブレットPCHDDアセンブリパーツパソコンパーツテレビゲームブルーレイソフトDVDソフト液晶テレビブルーレイディスクレコーダーデジタル一眼レフカメラデジタルカメラ家電時計中古　ソフトアウトレット中古ノートパソコン中古パソコンSoftBankSB-CA38-CA01/BK USB(Type-C)ポート搭載機器用変換アダプタ（0.1m/タイプAメス to タイプCオス/ブラック） 【USB3.1 Type-C】 (SBCA38CA01BK),SoftBankSB-CA38-CA01/BK USB(Type-C)ポート搭載機器用変換アダプタ（0.1m/タイプAメス to タイプCオス/ブラック） 【USB3.1 Type-C】 (SBCA38CA01BK)[rn]
8-97208,http://tshop.r10s.jp/akibamac/cabinet/04544162/4580152974160.jpg?fitin=700:700,904.0000,,パソコン・周辺機器 > PCアクセサリー > ケーブル > USBケーブル,SoftBankSB-CA37-CA05/BK SoftBank SELECTION USB2.0変換アダプタ（0.5m/Type-C to Type-A） 【USB3.1 Type-C】 (SBCA37CA05BK),,"<table border=""0"" cellpadding=""0"" cellspacing=""0"" width=""710"" style=""line-height:140%;""><tr><td><font size=""2"">・屈曲試験をクリアした、丈夫でしなやかなケーブル<br>・既存USB機器のアダプターとして使える<br><br></font></td></tr></table><table cellspacing=""0"" cellpadding=""4"" border=""1"" width=""710"" bordercolor=""#cccccc""><tr><td width=""180"" bgcolor=""#efefef""><font size=""2"">対象機種</font></td><td width=""530""><font size=""2"">USB(Type-C)コネクタ：MacBook（2015年モデル）などのUSB(Type-C)ポートを搭載した機器、USB(Type-A)ポート：マウスなどのUSB(Type-A)コネクタを有する周辺機器 ※すべての対応機種での動作を保証するものではありません。 ※USB PD(Power Delivery)には対応していません。</font></td></tr><tr><td width=""180"" bgcolor=""#efefef""><font size=""2"">ケーブル長</font></td><td width=""530""><font size=""2"">約0.5m</font></td></tr><tr><td width=""180"" bgcolor=""#efefef""><font size=""2"">インターフェース</font></td><td width=""530""><font size=""2"">USB(Type-C)コネクタ、USB(Type-A)ポート</font></td></tr><tr><td width=""180"" bgcolor=""#efefef""><font size=""2"">質量</font></td><td width=""530""><font size=""2"">約18ｇ</font></td></tr><tr><td width=""180"" bgcolor=""#efefef""><font size=""2"">製品構成</font></td><td width=""530""><font size=""2"">変換アダプタ×1（約0.5m）</font></td></tr></table><style type=""text/css"">
<!--
.rakuten-camp {
	width: 725px;
	border: 2px solid #3399FF;
	padding-top: 5px;
	-moz-border-radius:4px; /*Firefox*/
	-webkit-border-radius: 4px; /*Safari,Chrome*/
	border-radius:4px; /*Opera,Chrome*/
	margin:0 10px 10px 0;
}

/* 価格に枠線がつく */
table#rakutenLimitedId_cart {
    background-color: #f8f8f8;
    border: 1px solid #ddd;
    padding: 8px;
    margin: 16px 0;
}

span.price1 {
    color: #333 !important;
    font-weight: bold;
    font-size: 80% !important;
    line-height: 30px;
    display: inline-block;
    margin-right: 16px;
}

-->
</style>

<!--バナーエリア-->

<!--【消すな！】★★★ height=""380"" で設定してください。★★★-->
<!--バナーエリアここまで-->

<!--楽天キャンペーン-->

<h2 style=""margin:20px 0 10px 0;""><img src=""http://www.rakuten.ne.jp/gold/akibamac/frame/images/rakuten_title2.gif"" alt=""楽天市場のお得なキャンペーン"" width=""730"" height=""42"" border=""0""></h2>
<div class=""rakuten-camp"" style=""margin:0 0 0 0;"">


<!--楽天キャンペーン@ここまで-->",SoftBankSB-CA37-CA05/BK SoftBank SELECTION USB2.0変換アダプタ（0.5m/Type-C to Type-A） 【USB3.1 Type-C】 (SBCA37CA05BK)：ソフマップ　デジタルコレクション,ソフマップ デジタルコレクションSofmap Digital CollectionパソコンタブレットPCHDDアセンブリパーツパソコンパーツテレビゲームブルーレイソフトDVDソフト液晶テレビブルーレイディスクレコーダーデジタル一眼レフカメラデジタルカメラ家電時計中古　ソフトアウトレット中古ノートパソコン中古パソコンSoftBankSB-CA37-CA05/BK SoftBank SELECTION USB2.0変換アダプタ（0.5m/Type-C to Type-A） 【USB3.1 Type-C】 (SBCA37CA05BK),SoftBankSB-CA37-CA05/BK SoftBank SELECTION USB2.0変換アダプタ（0.5m/Type-C to Type-A） 【USB3.1 Type-C】 (SBCA37CA05BK)[rn]
8-97209,http://tshop.r10s.jp/akibamac/cabinet/04487524/4953103448131.jpg?fitin=700:700,687.2000,,パソコン・周辺機器 > PCアクセサリー > ケーブル > USBケーブル,エレコムU2C-AC15BK USB2.0ケーブル(A-TypeC/1.5m) (U2CAC15BK),,"<table border=""0"" cellpadding=""0"" cellspacing=""0"" width=""710"" style=""line-height:140%;""><tr><td><font size=""2"">■USB Standard-Aを搭載しているパソコンなどに、USB Type-Cを搭載している機器を接続し、充電やデータ転送ができるUSB2.0ケーブルです。<br>■USB3.1/3.0/2.0端子搭載のパソコンで使用可能です。<br>■新規格のUSB Type-Cコネクタは、ウラ、オモテに関係なく両面挿せます。<br>■最大5V、3Aの大電流で接続機器の充電が可能です。<br>※ご使用になるパソコンなどの性能によって、供給される電流値が異なります。USB PD(Power-Delivery)非対応です。<br>■最大480Mbpsの高速データ転送が可能です。<br>■難燃性の素材を使用し、安全性を高めています。<br>■外部ノイズの干渉から信号を保護する2重シールドケーブルを採用しています。<br>■サビなどに強く信号劣化を抑える金メッキピンを採用しています。<br>■Macbook(2015春)の充電ケーブルとして使用可能です。<br>※「Apple 10W/12W USB電源アダプタ」と本製品を接続し、本体の充電を確認済。<br>　ただし、本体添付の「Apple 29W USB-C電源アダプタ」利用時と比べ、充電速度が低下します。<br><br>【仕様】<br>コネクタ形状：USB2.0 Standard-Aオス-USB Type-Cオス<br>対応機種：USB Standard-A端子搭載のパソコン及びUSB Type-C端子搭載のパソコン周辺機器<br>ケーブル長：1.5m<br>ケーブル太さ：4.0mm<br>規格：USB2.0規格準拠<br>対応転送速度：最大480Mbps ※理論値<br>プラグメッキ仕様：金メッキピン<br>シールド方法：2重シールド<br>ツイストペアケーブル(通信線)：○<br>カラー：ブラック<br>パッケージ形態：PET箱+紙台紙<br><br></font></td></tr></table><table cellspacing=""0"" cellpadding=""4"" border=""1"" width=""710"" bordercolor=""#cccccc""><tr><td width=""180"" bgcolor=""#efefef""><font size=""2"">タイプ</font></td><td width=""530""><font size=""2"">USB2.0ケーブル</font></td></tr><tr><td width=""180"" bgcolor=""#efefef""><font size=""2"">コネクタ形状</font></td><td width=""530""><font size=""2"">USB TypeC（オス）-USB TypeA（オス）</font></td></tr><tr><td width=""180"" bgcolor=""#efefef""><font size=""2"">色（カラー）</font></td><td width=""530""><font size=""2"">ブラック</font></td></tr><tr><td width=""180"" bgcolor=""#efefef""><font size=""2"">ケーブル長</font></td><td width=""530""><font size=""2"">1.5m</font></td></tr><tr><td width=""180"" bgcolor=""#efefef""><font size=""2"">特長</font></td><td width=""530""><font size=""2"">2重シールド,金メッキ</font></td></tr></table><style type=""text/css"">
<!--
.rakuten-camp {
	width: 725px;
	border: 2px solid #3399FF;
	padding-top: 5px;
	-moz-border-radius:4px; /*Firefox*/
	-webkit-border-radius: 4px; /*Safari,Chrome*/
	border-radius:4px; /*Opera,Chrome*/
	margin:0 10px 10px 0;
}

/* 価格に枠線がつく */
table#rakutenLimitedId_cart {
    background-color: #f8f8f8;
    border: 1px solid #ddd;
    padding: 8px;
    margin: 16px 0;
}

span.price1 {
    color: #333 !important;
    font-weight: bold;
    font-size: 80% !important;
    line-height: 30px;
    display: inline-block;
    margin-right: 16px;
}

-->
</style>

<!--バナーエリア-->

<!--【消すな！】★★★ height=""380"" で設定してください。★★★-->
<!--バナーエリアここまで-->

<!--楽天キャンペーン-->

<h2 style=""margin:20px 0 10px 0;""><img src=""http://www.rakuten.ne.jp/gold/akibamac/frame/images/rakuten_title2.gif"" alt=""楽天市場のお得なキャンペーン"" width=""730"" height=""42"" border=""0""></h2>
<div class=""rakuten-camp"" style=""margin:0 0 0 0;"">


<!--楽天キャンペーン@ここまで-->",エレコムU2C-AC15BK USB2.0ケーブル(A-TypeC/1.5m) (U2CAC15BK)：ソフマップ　デジタルコレクション,ソフマップ デジタルコレクションSofmap Digital CollectionパソコンタブレットPCHDDアセンブリパーツパソコンパーツテレビゲームブルーレイソフトDVDソフト液晶テレビブルーレイディスクレコーダーデジタル一眼レフカメラデジタルカメラ家電時計中古　ソフトアウトレット中古ノートパソコン中古パソコンエレコムU2C-AC15BK USB2.0ケーブル(A-TypeC/1.5m) (U2CAC15BK),エレコムU2C-AC15BK USB2.0ケーブル(A-TypeC/1.5m) (U2CAC15BK)[rn]
8-97210,http://tshop.r10s.jp/akibamac/cabinet/04487524/4969887848012.jpg?fitin=700:700,881.6000,,パソコン・周辺機器 > PCアクセサリー > ケーブル > USBケーブル,サンワサプライType C USB2.0標準ケーブル（1.5m・ブラック） KU-CA15 (KUCA15),,"<table border=""0"" cellpadding=""0"" cellspacing=""0"" width=""710"" style=""line-height:140%;""><tr><td><font size=""2"">■USB Type-Cポートを持つ端末（タブレット・スマホなど）とパソコンを接続してデータ転送をしたり、USB充電器と接続して端末の充電をしたりするときに使用するケーブルです。<br>■USBポート（USB2.0 Aコネクタメス）を持つパソコンと、USB Type-Cポートを持つ周辺機器を接続する時に使用するケーブルです。<br>■両面挿せるUSB Type-C（タイプC）コネクタ採用で、コネクタの表・裏を気にせず使えます。<br>■USB2.0の「HI-SPEED」モードに対応した高品質ケーブルです。USB2.0で規定されたケーブル電気特性を満たしているので、USB2.0の機器を接続することができます。（USB2.0/USB1.1両対応）<br>■急速充電対応で、1Aを超える充電電流（最大5V 2Aまで）に対しても電圧降下を最小限に留めることができる仕様の電線を採用しています。<br>　※1A以上の電流での急速充電に対応した機器、充電器などが必要です。<br>■銅製のスパイラルシールド材の内側に密閉型のアルミシールド処理を施した二重シールドケーブルで、低域から高域まで、ほとんどのノイズから大切なデータを守ります。<br>■サビにも強く、経年変化による信号劣化の心配が少ない金メッキ処理を施したピン（コンタクト）を使用しています。<br>■内部を樹脂モールドで固め、さらに全面シールド処理を施しているので、外部干渉を防ぎノイズ対策も万全です。耐振動・耐衝撃性にも優れています。（USB Aコネクタのみ）<br>■RoHS指令に対応した製品です。<br>■対応機種：＜パソコン＞Windows搭載（DOS/V）パソコン、Apple Mac Pro、MacBook、iMac、Mac miniシリーズなど<br>　　　　　　　　　　　　※USBポート（Aタイプ メス）を持っている機種に対応します。※USBポート（USB Type-C メス）を持っている機種に対応します。<br>　　　　　　＜端末機器＞各社タブレット・スマートフォン<br>　　　　　　　　　　　　※USBポート（USB Type-C メス）を持っている機種に対応します。<br>　　　　　　＜周辺機器＞USB Type-Cコネクタ（メス）を持つ周辺機器<br>■カラー：ブラック<br>　コネクタ形状：USB2.0 Aコネクタ（オス）－USB Type-Cコネクタ（オス）<br>　ケーブル長：1.5m<br>　ケーブル径：3.6mm<br>　線材規格：UL2725<br><br><br></font></td></tr></table><style type=""text/css"">
<!--
.rakuten-camp {
	width: 725px;
	border: 2px solid #3399FF;
	padding-top: 5px;
	-moz-border-radius:4px; /*Firefox*/
	-webkit-border-radius: 4px; /*Safari,Chrome*/
	border-radius:4px; /*Opera,Chrome*/
	margin:0 10px 10px 0;
}

/* 価格に枠線がつく */
table#rakutenLimitedId_cart {
    background-color: #f8f8f8;
    border: 1px solid #ddd;
    padding: 8px;
    margin: 16px 0;
}

span.price1 {
    color: #333 !important;
    font-weight: bold;
    font-size: 80% !important;
    line-height: 30px;
    display: inline-block;
    margin-right: 16px;
}

-->
</style>

<!--バナーエリア-->

<!--【消すな！】★★★ height=""380"" で設定してください。★★★-->
<!--バナーエリアここまで-->

<!--楽天キャンペーン-->

<h2 style=""margin:20px 0 10px 0;""><img src=""http://www.rakuten.ne.jp/gold/akibamac/frame/images/rakuten_title2.gif"" alt=""楽天市場のお得なキャンペーン"" width=""730"" height=""42"" border=""0""></h2>
<div class=""rakuten-camp"" style=""margin:0 0 0 0;"">


<!--楽天キャンペーン@ここまで-->",サンワサプライType C USB2.0標準ケーブル（1.5m・ブラック） KU-CA15 (KUCA15)：ソフマップ　デジタルコレクション,ソフマップ デジタルコレクションSofmap Digital CollectionパソコンタブレットPCHDDアセンブリパーツパソコンパーツテレビゲームブルーレイソフトDVDソフト液晶テレビブルーレイディスクレコーダーデジタル一眼レフカメラデジタルカメラ家電時計中古　ソフトアウトレット中古ノートパソコン中古パソコンサンワサプライType C USB2.0標準ケーブル（1.5m・ブラック） KU-CA15 (KUCA15),サンワサプライType C USB2.0標準ケーブル（1.5m・ブラック） KU-CA15 (KUCA15)[rn]
8-97211,http://tshop.r10s.jp/akibamac/cabinet/03708186/4969887843284.jpg?fitin=700:700,443.2000,,パソコン・周辺機器 > PCアクセサリー > ケーブル > USBケーブル,サンワサプライ  KU-RAA2 両面挿しタイプUSB2.0ケーブル（A to A/2m/ブラック） (KURAA2),,"<table border=""0"" cellpadding=""0"" cellspacing=""0"" width=""710"" style=""line-height:140%;""><tr><td><font size=""2"">■USB Aコネクタのパソコンと、USB機器（USB Aコネクタを持つ機種）を接続するケーブルです。<br>※パソコン本体同士を接続してデータ転送などを行うことはできません。<br><br>■USB Aコネクタ（オス）の表・裏を気にせず「両面挿せる」USBケーブルです。<br><br>■二重シールドケーブルです。銅製の高密度編み組みシールド材の内側に密閉型のアルミシールド処理を施し、低域から高域まで、ほとんどのノイズから大切なデータを守ります。<br><br>■芯線を2本ずつよりあわせたノイズに強いツイストペア線を使用しています。<br><br>■モールドコネクタを採用しています。内部を樹脂モールドで固め、さらに全面シールド処理を施しているので、外部干渉を防ぎノイズ対策も万全です。耐振動・耐衝撃性にも優れています。<br><br>■サビにも強く、経年変化による信号劣化の心配が少ない金メッキ処理を施したピン（コンタクト）を使用しています。<br><br>■RoHS指令対応製品です。EU（欧州連合）域内で施行されている「RoHS指令」に基づき、特定有害物質を制限した製品です。<br><br>【製品仕様】<br>色：ブラック<br>ケーブル長：  2.0m<br>本体サイズ：ケーブル直径：約3.8mm<br>コネクタ形状：USB Aコネクタオス-USB Aコネクタオス<br>仕様：二重シールド、ツイストペアケーブル、モールドコネクタ<br><br></font></td></tr></table><table cellspacing=""0"" cellpadding=""4"" border=""1"" width=""710"" bordercolor=""#cccccc""><tr><td width=""180"" bgcolor=""#efefef""><font size=""2"">タイプ</font></td><td width=""530""><font size=""2"">USB2.0ケーブル</font></td></tr><tr><td width=""180"" bgcolor=""#efefef""><font size=""2"">コネクタ形状</font></td><td width=""530""><font size=""2"">USB TypeA（オス）-USB TypeA（オス）</font></td></tr><tr><td width=""180"" bgcolor=""#efefef""><font size=""2"">色（カラー）</font></td><td width=""530""><font size=""2"">ブラック</font></td></tr><tr><td width=""180"" bgcolor=""#efefef""><font size=""2"">ケーブル長</font></td><td width=""530""><font size=""2"">2m</font></td></tr><tr><td width=""180"" bgcolor=""#efefef""><font size=""2"">特長</font></td><td width=""530""><font size=""2"">2重シールド,金メッキピン</font></td></tr><tr><td width=""180"" bgcolor=""#efefef""><font size=""2"">備考１</font></td><td width=""530""><font size=""2"">上下両対応コネクタ採用</font></td></tr></table><style type=""text/css"">
<!--
.rakuten-camp {
	width: 725px;
	border: 2px solid #3399FF;
	padding-top: 5px;
	-moz-border-radius:4px; /*Firefox*/
	-webkit-border-radius: 4px; /*Safari,Chrome*/
	border-radius:4px; /*Opera,Chrome*/
	margin:0 10px 10px 0;
}

/* 価格に枠線がつく */
table#rakutenLimitedId_cart {
    background-color: #f8f8f8;
    border: 1px solid #ddd;
    padding: 8px;
    margin: 16px 0;
}

span.price1 {
    color: #333 !important;
    font-weight: bold;
    font-size: 80% !important;
    line-height: 30px;
    display: inline-block;
    margin-right: 16px;
}

-->
</style>

<!--バナーエリア-->

<!--【消すな！】★★★ height=""380"" で設定してください。★★★-->
<!--バナーエリアここまで-->

<!--楽天キャンペーン-->

<h2 style=""margin:20px 0 10px 0;""><img src=""http://www.rakuten.ne.jp/gold/akibamac/frame/images/rakuten_title2.gif"" alt=""楽天市場のお得なキャンペーン"" width=""730"" height=""42"" border=""0""></h2>
<div class=""rakuten-camp"" style=""margin:0 0 0 0;"">


<!--楽天キャンペーン@ここまで-->",サンワサプライ  KU-RAA2 両面挿しタイプUSB2.0ケーブル（A to A/2m/ブラック） (KURAA2)：ソフマップ　デジタルコレクション,ソフマップ デジタルコレクションSofmap Digital CollectionパソコンタブレットPCHDDアセンブリパーツパソコンパーツテレビゲームブルーレイソフトDVDソフト液晶テレビブルーレイディスクレコーダーデジタル一眼レフカメラデジタルカメラ家電時計中古　ソフトアウトレット中古ノートパソコン中古パソコンサンワサプライ  KU-RAA2 両面挿しタイプUSB2.0ケーブル（A to A/2m/ブラック） (KURAA2),サンワサプライ  KU-RAA2 両面挿しタイプUSB2.0ケーブル（A to A/2m/ブラック） (KURAA2)[rn]
8-97212,http://tshop.r10s.jp/akibamac/cabinet/04220583/4969887843956.jpg?fitin=700:700,401.6000,,パソコン・周辺機器 > PCアクセサリー > ケーブル > USBケーブル,サンワサプライAD-USB18W USBホスト変換アダプタケーブル（MicroBオス-Aメス/10cm/ホワイト） [EU RoHS指令準拠] (ADUSB18W),,"<table border=""0"" cellpadding=""0"" cellspacing=""0"" width=""710"" style=""line-height:140%;""><tr><td><font size=""2"">■USB Aコネクタ（オス）をマイクロUSB Bコネクタ（オス）に変換するアダプタです。<br>■USBホスト機能に対応しているスマートフォン・タブレットと対応するUSB周辺機器を接続するための変換アダプタケーブルです。<br>※USBホスト機能対応スマートフォン・タブレットとUSBホスト機能対応の周辺機器でのみ使用できます。<br>■銅製の高密度編組みシールド材の内側に密閉型のアルミシールド処理を施した二重シールドケーブルで、低域から高域まで、ほとんどのノイズから大切なデータを守ります。<br>■錆にも強く、経年変化による信号劣化の心配が少ない金メッキ処理を施したピン（コンタクト）を使用しています。<br>■RoHS指令に対応した製品です。<br><br>【対応機種】<br>USBホスト機能対応のマイクロUSB Bメス 又は、マイクロUSB ABメス端子を持つスマートフォン・タブレット<br>カードリーダー・UBSメモリ・USBキーボード・USBマウス・USBハブなどのうち、USBホスト機能に対応するUSB周辺機器<br>※USBホスト機能に対応していないスマートフォン・タブレットでは使用できません。<br>※USBホスト機能に対応していないUSB周辺機器では使用できません。<br><br></font></td></tr></table><table cellspacing=""0"" cellpadding=""4"" border=""1"" width=""710"" bordercolor=""#cccccc""><tr><td width=""180"" bgcolor=""#efefef""><font size=""2"">タイプ</font></td><td width=""530""><font size=""2"">USB変換ケーブル</font></td></tr><tr><td width=""180"" bgcolor=""#efefef""><font size=""2"">コネクタ形状</font></td><td width=""530""><font size=""2"">USB microB（オス）-USB TypeA（メス）</font></td></tr><tr><td width=""180"" bgcolor=""#efefef""><font size=""2"">色（カラー）</font></td><td width=""530""><font size=""2"">ホワイト</font></td></tr><tr><td width=""180"" bgcolor=""#efefef""><font size=""2"">ケーブル長</font></td><td width=""530""><font size=""2"">0.1m</font></td></tr><tr><td width=""180"" bgcolor=""#efefef""><font size=""2"">特長</font></td><td width=""530""><font size=""2"">2重シールド,金ピン</font></td></tr></table><style type=""text/css"">
<!--
.rakuten-camp {
	width: 725px;
	border: 2px solid #3399FF;
	padding-top: 5px;
	-moz-border-radius:4px; /*Firefox*/
	-webkit-border-radius: 4px; /*Safari,Chrome*/
	border-radius:4px; /*Opera,Chrome*/
	margin:0 10px 10px 0;
}

/* 価格に枠線がつく */
table#rakutenLimitedId_cart {
    background-color: #f8f8f8;
    border: 1px solid #ddd;
    padding: 8px;
    margin: 16px 0;
}

span.price1 {
    color: #333 !important;
    font-weight: bold;
    font-size: 80% !important;
    line-height: 30px;
    display: inline-block;
    margin-right: 16px;
}

-->
</style>

<!--バナーエリア-->

<!--【消すな！】★★★ height=""380"" で設定してください。★★★-->
<!--バナーエリアここまで-->

<!--楽天キャンペーン-->

<h2 style=""margin:20px 0 10px 0;""><img src=""http://www.rakuten.ne.jp/gold/akibamac/frame/images/rakuten_title2.gif"" alt=""楽天市場のお得なキャンペーン"" width=""730"" height=""42"" border=""0""></h2>
<div class=""rakuten-camp"" style=""margin:0 0 0 0;"">


<!--楽天キャンペーン@ここまで-->",サンワサプライAD-USB18W USBホスト変換アダプタケーブル（MicroBオス-Aメス/10cm/ホワイト） [EU RoHS指令準拠] (ADUSB18W)：ソフマップ　デジタルコレクション,ソフマップ デジタルコレクションSofmap Digital CollectionパソコンタブレットPCHDDアセンブリパーツパソコンパーツテレビゲームブルーレイソフトDVDソフト液晶テレビブルーレイディスクレコーダーデジタル一眼レフカメラデジタルカメラ家電時計中古　ソフトアウトレット中古ノートパソコン中古パソコンサンワサプライAD-USB18W USBホスト変換アダプタケーブル（MicroBオス-Aメス/10cm/ホワイト） [EU RoHS指令準拠] (ADUSB18W),サンワサプライAD-USB18W USBホスト変換アダプタケーブル（MicroBオス-Aメス/10cm/ホワイト） [EU RoHS指令準拠] (ADUSB18W)[rn]
8-97213,http://tshop.r10s.jp/akibamac/cabinet/04487524/4953103448186.jpg?fitin=700:700,894.4000,,パソコン・周辺機器 > PCアクセサリー > ケーブル > USBケーブル,エレコムUSB3-AC15BK USB3.1ケーブル(A-TypeC/1.5m) (USB3AC15BK),,"<table border=""0"" cellpadding=""0"" cellspacing=""0"" width=""710"" style=""line-height:140%;""><tr><td><font size=""2"">■USB(Aタイプ:メス)を搭載しているパソコンなどに、USB(Type-C:メス)を搭載している機器を接続し、充電やデータ転送ができるUSB3.1ケーブルです。<br>■最大10GbpsとUSB2.0の約20倍もの超高速データ転送を実現するUSB3.1に対応しています。<br>※USB3.1規格に対応した機器同士を1ｍ以下のケーブルで接続した場合の理論値です。ケーブル長が1ｍを超えると転送速度理論値は5Gbpsとなります。<br>■新規格のUSB[Type-C]コネクタは、ウラ、オモテに関係なく両面挿せます。<br>■USB3.1/3.0/2.0端子搭載のパソコンで使用可能です。<br>※データ転送速度、電流値は機器の規格に準じます。<br>■最大5V、1.5Aの大電流で接続機器の充電が可能です。<br>※ご使用になるパソコンなどの性能によって、供給される電流値が異なります。USB PD(Power-Delivery)非対応です。<br>■難燃性の素材を使用し、安全性を高めています。<br>■信号線部分には、外部ノイズの干渉から信号を保護する3重シールドケーブルを採用しています。<br>■サビなどに強く信号劣化を抑える金メッキピンを採用しています。<br><br>コネクタ形状：USB3.1 Standard-Aオス-USB Type-Cオス<br>対応機種：USB Standard-A端子搭載のパソコン及びUSB Type-C端子搭載のパソコン周辺機器<br>ケーブル長：1.5m<br>ケーブル太さ：4.8mm<br>規格：USB3.1規格準拠<br>対応転送速度：最大10Gbps ※理論値<br>プラグメッキ仕様：金メッキピン<br>シールド方法：3重シールド<br>ツイストペアケーブル(通信線)：○<br>カラー：ブラック<br>パッケージ形態：PET箱+紙台紙<br><br></font></td></tr></table><table cellspacing=""0"" cellpadding=""4"" border=""1"" width=""710"" bordercolor=""#cccccc""><tr><td width=""180"" bgcolor=""#efefef""><font size=""2"">タイプ</font></td><td width=""530""><font size=""2"">USB3.1ケーブル</font></td></tr><tr><td width=""180"" bgcolor=""#efefef""><font size=""2"">コネクタ形状</font></td><td width=""530""><font size=""2"">USB TypeC（オス）-USB TypeA（オス）</font></td></tr><tr><td width=""180"" bgcolor=""#efefef""><font size=""2"">色（カラー）</font></td><td width=""530""><font size=""2"">ブラック</font></td></tr><tr><td width=""180"" bgcolor=""#efefef""><font size=""2"">ケーブル長</font></td><td width=""530""><font size=""2"">1.5m</font></td></tr><tr><td width=""180"" bgcolor=""#efefef""><font size=""2"">特長</font></td><td width=""530""><font size=""2"">3重シールド,金メッキ</font></td></tr></table><style type=""text/css"">
<!--
.rakuten-camp {
	width: 725px;
	border: 2px solid #3399FF;
	padding-top: 5px;
	-moz-border-radius:4px; /*Firefox*/
	-webkit-border-radius: 4px; /*Safari,Chrome*/
	border-radius:4px; /*Opera,Chrome*/
	margin:0 10px 10px 0;
}

/* 価格に枠線がつく */
table#rakutenLimitedId_cart {
    background-color: #f8f8f8;
    border: 1px solid #ddd;
    padding: 8px;
    margin: 16px 0;
}

span.price1 {
    color: #333 !important;
    font-weight: bold;
    font-size: 80% !important;
    line-height: 30px;
    display: inline-block;
    margin-right: 16px;
}

-->
</style>

<!--バナーエリア-->

<!--【消すな！】★★★ height=""380"" で設定してください。★★★-->
<!--バナーエリアここまで-->

<!--楽天キャンペーン-->

<h2 style=""margin:20px 0 10px 0;""><img src=""http://www.rakuten.ne.jp/gold/akibamac/frame/images/rakuten_title2.gif"" alt=""楽天市場のお得なキャンペーン"" width=""730"" height=""42"" border=""0""></h2>
<div class=""rakuten-camp"" style=""margin:0 0 0 0;"">


<!--楽天キャンペーン@ここまで-->",エレコムUSB3-AC15BK USB3.1ケーブル(A-TypeC/1.5m) (USB3AC15BK)：ソフマップ　デジタルコレクション,ソフマップ デジタルコレクションSofmap Digital CollectionパソコンタブレットPCHDDアセンブリパーツパソコンパーツテレビゲームブルーレイソフトDVDソフト液晶テレビブルーレイディスクレコーダーデジタル一眼レフカメラデジタルカメラ家電時計中古　ソフトアウトレット中古ノートパソコン中古パソコンエレコムUSB3-AC15BK USB3.1ケーブル(A-TypeC/1.5m) (USB3AC15BK),エレコムUSB3-AC15BK USB3.1ケーブル(A-TypeC/1.5m) (USB3AC15BK)[rn]
8-97214,http://tshop.r10s.jp/akibamac/cabinet/04195313/4953103433779.jpg?fitin=700:700,622.4000,,パソコン・周辺機器 > PCアクセサリー > ケーブル > USBケーブル,エレコムスマートフォン用［USB microB］　USB2.0ケーブル 充電・転送 2A （1.2m・ブラック）　MPA-AMBS2U12BK,,"<table border=""0"" cellpadding=""0"" cellspacing=""0"" width=""710"" style=""line-height:140%;""><tr><td><font size=""2"">〔スマートフォン用（パソコン向け）：USBケーブル A⇔microB（充電・転送）〕<br>2A対応高耐久microUSBケーブル。<br><br>表裏がわかりやすい台形microBコネクタを採用。高出力可能なAC充電器やモバイルバッテリーと合わせて使用することで、スマートフォンの超急速充電ができる高耐久microUSBケーブル。<br><br>■ 対応スマートフォンで充電やデータ通信が出来るmicroUSBケーブル<br>USB(Aタイプ：メス)のインターフェースを持つAC充電器やモバイルバッテリー、パソコンに、USB(MicroBタイプ：メス)のインターフェースを持つスマートフォンなどの機器を接続し、充電やデータ通信ができるmicroUSBケーブルです。<br>■ 充電時間を大幅に短縮できる<br>本製品は電圧降下を最小限に抑える設計のため、スマートフォンの充電性能を十分に発揮することができます。高出力可能なAC充電器やモバイルバッテリーと合わせて利用することで、充電時間を大幅に短縮可能です。<br>※ スマートフォンが1A以上の電流での充電に対応している必要があります。<br>※ 超急速充電に対応したスマートフォンを、AC充電器やモバイルバッテリーから充電する場合には、安全のため、定格出力1.5A以上のものをご利用ください。<br>■ パソコンとデータ通信が出来る<br>パソコンに接続することで、データ通信でき、スマートフォンの画像ファイル・データファイルをパソコンに転送するのに最適です。<br>※ パソコンとの接続時は超急速充電できません。<br>■ スリムながら断線しにくい<br>断線しにくいロングブッシュ構造、高耐久メッシュケーブルを採用しています。 高密度配線により、スリムながらも通常の10倍以上の耐久力を実現しています。<br>※ エレコム社比<br>■ 表裏がわかりやすく抜き差ししやすい<br>microBコネクタには、表裏がわかりやすく、抜き挿ししやすい台形コネクタを採用しています。<br>■ USB2.0規格に準拠<br>USB2.0規格に準拠した480Mbpsの高速データ転送に対応しています。<br>■ 高い耐久性と安全性<br>サビなどに強く信号劣化を抑える金メッキピンを採用し、耐久性と安全性を高めています。 難燃性の素材を使用し、安全性を高めています。<br><br>【使用目的・用途】<br>USB(A)端子を持つパソコンとUSB(Micro-B)端子を持つスマートフォンなどの機器とのデータ通信および、USB(Micro-B)端子を持つスマートフォンなどの機器の充電<br><br></font></td></tr></table><style type=""text/css"">
<!--
.rakuten-camp {
	width: 725px;
	border: 2px solid #3399FF;
	padding-top: 5px;
	-moz-border-radius:4px; /*Firefox*/
	-webkit-border-radius: 4px; /*Safari,Chrome*/
	border-radius:4px; /*Opera,Chrome*/
	margin:0 10px 10px 0;
}

/* 価格に枠線がつく */
table#rakutenLimitedId_cart {
    background-color: #f8f8f8;
    border: 1px solid #ddd;
    padding: 8px;
    margin: 16px 0;
}

span.price1 {
    color: #333 !important;
    font-weight: bold;
    font-size: 80% !important;
    line-height: 30px;
    display: inline-block;
    margin-right: 16px;
}

-->
</style>

<!--バナーエリア-->

<!--【消すな！】★★★ height=""380"" で設定してください。★★★-->
<!--バナーエリアここまで-->

<!--楽天キャンペーン-->

<h2 style=""margin:20px 0 10px 0;""><img src=""http://www.rakuten.ne.jp/gold/akibamac/frame/images/rakuten_title2.gif"" alt=""楽天市場のお得なキャンペーン"" width=""730"" height=""42"" border=""0""></h2>
<div class=""rakuten-camp"" style=""margin:0 0 0 0;"">


<!--楽天キャンペーン@ここまで-->",エレコムスマートフォン用［USB microB］　USB2.0ケーブル 充電・転送 2A （1.2m・ブラック）　MPA-AMBS2U12BK：ソフマップ　デジタルコレクション,ソフマップ デジタルコレクションSofmap Digital CollectionパソコンタブレットPCHDDアセンブリパーツパソコンパーツテレビゲームブルーレイソフトDVDソフト液晶テレビブルーレイディスクレコーダーデジタル一眼レフカメラデジタルカメラ家電時計中古　ソフトアウトレット中古ノートパソコン中古パソコンエレコムスマートフォン用［USB microB］　USB2.0ケーブル 充電・転送 2A （1.2m・ブラック）　MPA-AMBS2U12BK,エレコムスマートフォン用［USB microB］　USB2.0ケーブル 充電・転送 2A （1.2m・ブラック）　MPA-AMBS2U12BK[rn]
8-97215,http://tshop.r10s.jp/akibamac/cabinet/04659382/0050644683954.jpg?fitin=700:700,3280.0000,,パソコン・周辺機器 > PCアクセサリー > ケーブル > USBケーブル,MONSTER CABLE(モンスターケーブル)マイクロUSBケーブル ME USB HSMI BK-1.5F (MEUSBHSMIBK1.5F),,"<table border=""0"" cellpadding=""0"" cellspacing=""0"" width=""710"" style=""line-height:140%;""><tr><td><font size=""2"">◆高速伝送を実現する導体<br>◆耐久性・柔軟性に優れたプロ仕様デュラフレックスジャケット採用<br>◆接触抵抗が少なく、経年劣化に強い24Ｋメッキ端子採用<br>◆高密度2層シールドにより、外来ノイズによる影響を抑制<br>◆一般的なUSBケーブルの約1.5倍の最大データ伝送速度800Mbpsを実現<br><br></font></td></tr></table><style type=""text/css"">
<!--
.rakuten-camp {
	width: 725px;
	border: 2px solid #3399FF;
	padding-top: 5px;
	-moz-border-radius:4px; /*Firefox*/
	-webkit-border-radius: 4px; /*Safari,Chrome*/
	border-radius:4px; /*Opera,Chrome*/
	margin:0 10px 10px 0;
}

/* 価格に枠線がつく */
table#rakutenLimitedId_cart {
    background-color: #f8f8f8;
    border: 1px solid #ddd;
    padding: 8px;
    margin: 16px 0;
}

span.price1 {
    color: #333 !important;
    font-weight: bold;
    font-size: 80% !important;
    line-height: 30px;
    display: inline-block;
    margin-right: 16px;
}

-->
</style>

<!--バナーエリア-->

<!--【消すな！】★★★ height=""380"" で設定してください。★★★-->
<!--バナーエリアここまで-->

<!--楽天キャンペーン-->

<h2 style=""margin:20px 0 10px 0;""><img src=""http://www.rakuten.ne.jp/gold/akibamac/frame/images/rakuten_title2.gif"" alt=""楽天市場のお得なキャンペーン"" width=""730"" height=""42"" border=""0""></h2>
<div class=""rakuten-camp"" style=""margin:0 0 0 0;"">


<!--楽天キャンペーン@ここまで-->",MONSTER CABLE(モンスターケーブル)マイクロUSBケーブル ME USB HSMI BK-1.5F (MEUSBHSMIBK1.5F)：ソフマップ　デジタルコレクション,ソフマップ デジタルコレクションSofmap Digital CollectionパソコンタブレットPCHDDアセンブリパーツパソコンパーツテレビゲームブルーレイソフトDVDソフト液晶テレビブルーレイディスクレコーダーデジタル一眼レフカメラデジタルカメラ家電時計中古　ソフトアウトレット中古ノートパソコン中古パソコンMONSTER CABLE(モンスターケーブル)マイクロUSBケーブル ME USB HSMI BK-1.5F (MEUSBHSMIBK1.5F),MONSTER CABLE(モンスターケーブル)マイクロUSBケーブル ME USB HSMI BK-1.5F (MEUSBHSMIBK1.5F)[rn]
8-97216,http://tshop.r10s.jp/akibamac/cabinet/03927892/4969887816837.jpg?fitin=700:700,380.0000,,パソコン・周辺機器 > PCアクセサリー > ケーブル > USBケーブル,サンワサプライKU-SLAMCB10 (極細マイクロUSBケーブル/Aコネクタ－マイクロ/Bコネクタ/1m） [EU RoHS指令準拠] (KUSLAMCB10),,"<table border=""0"" cellpadding=""0"" cellspacing=""0"" width=""710"" style=""line-height:140%;""><tr><td><font size=""2"">■ USB AコネクタのパソコンとマイクロUSBコネクタ（マイクロB）を持つ携帯電話・USB機器を接続するケーブルです。<br><br>■ 取り回しやすい極細ケーブルです。外径2.5mmの細径ケーブルとコンパクトコネクタを採用した、取り回しのしやすいケーブルです。<br><br>■ USB2.0／USB1.1両対応です。USB2.0の「Hi-Speed」モードに対応した高品質ケーブルです。USB2.0で規定された特性インピーダンス・信号減衰量・伝播遅延・スキューなどの電気特性の値を全て満たしています。※ USB1.1/1.0規格の機器にも互換性があるので、使用できます。<br><br>■ 二重シールドケーブルです。<br><br>■ ツイストペアケーブルです。<br><br>■ モールドコネクタを採用しています。<br><br>■ 金メッキコネクタを採用しています。<br><br>■ 金メッキpinです。<br><br>■ 特定有害物質の含有を制限した製品です。<br><br></font></td></tr></table><style type=""text/css"">
<!--
.rakuten-camp {
	width: 725px;
	border: 2px solid #3399FF;
	padding-top: 5px;
	-moz-border-radius:4px; /*Firefox*/
	-webkit-border-radius: 4px; /*Safari,Chrome*/
	border-radius:4px; /*Opera,Chrome*/
	margin:0 10px 10px 0;
}

/* 価格に枠線がつく */
table#rakutenLimitedId_cart {
    background-color: #f8f8f8;
    border: 1px solid #ddd;
    padding: 8px;
    margin: 16px 0;
}

span.price1 {
    color: #333 !important;
    font-weight: bold;
    font-size: 80% !important;
    line-height: 30px;
    display: inline-block;
    margin-right: 16px;
}

-->
</style>

<!--バナーエリア-->

<!--【消すな！】★★★ height=""380"" で設定してください。★★★-->
<!--バナーエリアここまで-->

<!--楽天キャンペーン-->

<h2 style=""margin:20px 0 10px 0;""><img src=""http://www.rakuten.ne.jp/gold/akibamac/frame/images/rakuten_title2.gif"" alt=""楽天市場のお得なキャンペーン"" width=""730"" height=""42"" border=""0""></h2>
<div class=""rakuten-camp"" style=""margin:0 0 0 0;"">


<!--楽天キャンペーン@ここまで-->",サンワサプライKU-SLAMCB10 (極細マイクロUSBケーブル/Aコネクタ&minus;マイクロ/Bコネクタ/1m） [EU RoHS指令準拠] (KUSLAMCB10)：ソフマップ　デジタルコレクション,ソフマップ デジタルコレクションSofmap Digital CollectionパソコンタブレットPCHDDアセンブリパーツパソコンパーツテレビゲームブルーレイソフトDVDソフト液晶テレビブルーレイディスクレコーダーデジタル一眼レフカメラデジタルカメラ家電時計中古　ソフトアウトレット中古ノートパソコン中古パソコンサンワサプライKU-SLAMCB10 (極細マイクロUSBケーブル/Aコネクタ&minus;マイクロ/Bコネクタ/1m） [EU RoHS指令準拠] (KUSLAMCB10),サンワサプライKU-SLAMCB10 (極細マイクロUSBケーブル/Aコネクタ&minus;マイクロ/Bコネクタ/1m） [EU RoHS指令準拠] (KUSLAMCB10)[rn]
8-97217,http://tshop.r10s.jp/akibamac/cabinet/04487524/4953103457973.jpg?fitin=700:700,528.8000,,パソコン・周辺機器 > PCアクセサリー > ケーブル > USBケーブル,エレコムU2C-AMBF2U08BK フェライトコア付2A対応USB-microBケーブル（0.8ｍ/ブラック） (U2CAMBF2U08BK),,"<table border=""0"" cellpadding=""0"" cellspacing=""0"" width=""710"" style=""line-height:140%;""><tr><td><font size=""2"">■USB(Aタイプ:メス)のインターフェースを持つ充電器やモバイルバッテリー、パソコンに、USB(MicroBタイプ:メス)のインターフェースを持つスマートフォンなどの機器を接続し、充電やデータ通信ができるmicroUSBケーブルです。<br>■高周波ノイズを吸収し、安定したデータ通信を可能にするフェライトコアを搭載しています。<br>■スマートフォンとパソコンのデータ通信やUSBテザリングに最適です。<br>■電圧降下を最小限に抑える設計で、スマートフォンの充電性能を十分に発揮することができます。<br>■2A対応なので、高出力可能なAC充電器やモバイルバッテリーと合わせて利用することで、充電時間を大幅に短縮可能です。<br>※スマートフォンが1A以上の電流での充電に対応している必要があります。<br>※安全のため、定格出力1.5A以上のAC充電器やモバイルバッテリーをご利用ください。<br>※パソコンとの接続時は超急速充電はできません。<br>■USB2.0規格に準拠した480Mbpsの高速データ転送に対応しています。<br>■外部からのノイズ侵入を防止する2重シールドケーブルを採用しています。<br>■サビなどに強く信号劣化を抑える金メッキピンを採用し、耐久性と安全性を高めています。<br>■表裏がわかりやすく、抜き挿ししやすい台形microBコネクタを採用しています。<br>■難燃性の素材を使用し、安全性を高めています。<br>■EUの「RoHS指令(電気・電子機器に対する特定有害物質の使用制限)」に準拠した環境にやさしい製品です。<br><br>【仕様】<br>コネクタ形状：USB(A)オス - USB(Micro-B)オス<br>対応機種：<br>USB(A)オス側：USB(A)端子を持つパソコン及び充電器、モバイルバッテリーなど<br>USB(Micro-B)オス側：USB(Micro-B)端子を持つスマートフォン及びPC周辺機器など<br>ケーブル長：0.8m<br>規格：USB2.0規格(HI-SPEEDモード)準拠<br>対応転送速度：480Mbps<br>プラグメッキ仕様：金メッキピン<br>2重シールド：○<br>カラー：ブラック<br>使用目的・用途：USB(A)端子を持つパソコンとUSB(Micro-B)端子を持つ<br>スマートフォン及びPC周辺機器とのデータ通信およびの充電<br><br></font></td></tr></table><style type=""text/css"">
<!--
.rakuten-camp {
	width: 725px;
	border: 2px solid #3399FF;
	padding-top: 5px;
	-moz-border-radius:4px; /*Firefox*/
	-webkit-border-radius: 4px; /*Safari,Chrome*/
	border-radius:4px; /*Opera,Chrome*/
	margin:0 10px 10px 0;
}

/* 価格に枠線がつく */
table#rakutenLimitedId_cart {
    background-color: #f8f8f8;
    border: 1px solid #ddd;
    padding: 8px;
    margin: 16px 0;
}

span.price1 {
    color: #333 !important;
    font-weight: bold;
    font-size: 80% !important;
    line-height: 30px;
    display: inline-block;
    margin-right: 16px;
}

-->
</style>

<!--バナーエリア-->

<!--【消すな！】★★★ height=""380"" で設定してください。★★★-->
<!--バナーエリアここまで-->

<!--楽天キャンペーン-->

<h2 style=""margin:20px 0 10px 0;""><img src=""http://www.rakuten.ne.jp/gold/akibamac/frame/images/rakuten_title2.gif"" alt=""楽天市場のお得なキャンペーン"" width=""730"" height=""42"" border=""0""></h2>
<div class=""rakuten-camp"" style=""margin:0 0 0 0;"">


<!--楽天キャンペーン@ここまで-->",エレコムU2C-AMBF2U08BK フェライトコア付2A対応USB-microBケーブル（0.8ｍ/ブラック） (U2CAMBF2U08BK)：ソフマップ　デジタルコレクション,ソフマップ デジタルコレクションSofmap Digital CollectionパソコンタブレットPCHDDアセンブリパーツパソコンパーツテレビゲームブルーレイソフトDVDソフト液晶テレビブルーレイディスクレコーダーデジタル一眼レフカメラデジタルカメラ家電時計中古　ソフトアウトレット中古ノートパソコン中古パソコンエレコムU2C-AMBF2U08BK フェライトコア付2A対応USB-microBケーブル（0.8ｍ/ブラック） (U2CAMBF2U08BK),エレコムU2C-AMBF2U08BK フェライトコア付2A対応USB-microBケーブル（0.8ｍ/ブラック） (U2CAMBF2U08BK)[rn]
8-97218,http://tshop.r10s.jp/akibamac/cabinet/03927892/4969887843819.jpg?fitin=700:700,734.4000,,パソコン・周辺機器 > PCアクセサリー > ケーブル > USBケーブル,サンワサプライ0.5m USB3.0ケーブル【A】⇔【microB】（ブラック） KU30-AMC05BK (KU30AMC05BK),,"<table border=""0"" cellpadding=""0"" cellspacing=""0"" width=""710"" style=""line-height:140%;""><tr><td><font size=""2"">〔USB TYPE-A（オス） ⇔ USB micro-B（オス）：USB 3.0〕<br>USB IF（USB Inprementers Forum）で認証されたUSB3.0規格認証ケーブル。（A to microB）（0.5m・ブラック）<br><br>◆USB3.0ポートを持つパソコンと、ハードディスクなどのUSB3.0機器（マイクロUSB3.0）を接続するケーブルです。<br>◆USB IF（USB Inprementers Forum)で認証されたUSB3.0規格認証ケーブルです。<br>◆USB3.0（Super Speed）対応で、USB2.0の約10倍の転送スピード（最大5Gbps：理論値）に対応したケーブルです。<br>◆ケーブルの中心から「アルミシールド→アルミシールド→高密度編組みシールド」と3重のシールド処理を施し、ノイズから大切なデータを守ります。<br>◆芯線を2本ずつよりあわせたノイズに強いツイストペア線を使用しています。<br>◆内部を樹脂モールドで固め、さらに全面シールド処理を施したモールドコネクタなので、外部干渉を防ぎノイズ対策も万全です。耐振動・耐衝撃性にも優れています。<br>◆錆にも強く、経年変化による信号劣化の心配が少ない金メッキ処理を施したピン（コンタクト）を使用しています。<br><br></font></td></tr></table><table cellspacing=""0"" cellpadding=""4"" border=""1"" width=""710"" bordercolor=""#cccccc""><tr><td width=""180"" bgcolor=""#efefef""><font size=""2"">タイプ</font></td><td width=""530""><font size=""2"">USB3.0ケーブル</font></td></tr><tr><td width=""180"" bgcolor=""#efefef""><font size=""2"">コネクタ形状</font></td><td width=""530""><font size=""2"">USB3.0 microB（オス）-USB3.0 StandardA（オス）</font></td></tr><tr><td width=""180"" bgcolor=""#efefef""><font size=""2"">色（カラー）</font></td><td width=""530""><font size=""2"">ブラック</font></td></tr><tr><td width=""180"" bgcolor=""#efefef""><font size=""2"">ケーブル長</font></td><td width=""530""><font size=""2"">0.5m</font></td></tr><tr><td width=""180"" bgcolor=""#efefef""><font size=""2"">特長</font></td><td width=""530""><font size=""2"">3重シールド,金メッキ</font></td></tr></table><style type=""text/css"">
<!--
.rakuten-camp {
	width: 725px;
	border: 2px solid #3399FF;
	padding-top: 5px;
	-moz-border-radius:4px; /*Firefox*/
	-webkit-border-radius: 4px; /*Safari,Chrome*/
	border-radius:4px; /*Opera,Chrome*/
	margin:0 10px 10px 0;
}

/* 価格に枠線がつく */
table#rakutenLimitedId_cart {
    background-color: #f8f8f8;
    border: 1px solid #ddd;
    padding: 8px;
    margin: 16px 0;
}

span.price1 {
    color: #333 !important;
    font-weight: bold;
    font-size: 80% !important;
    line-height: 30px;
    display: inline-block;
    margin-right: 16px;
}

-->
</style>

<!--バナーエリア-->

<!--【消すな！】★★★ height=""380"" で設定してください。★★★-->
<!--バナーエリアここまで-->

<!--楽天キャンペーン-->

<h2 style=""margin:20px 0 10px 0;""><img src=""http://www.rakuten.ne.jp/gold/akibamac/frame/images/rakuten_title2.gif"" alt=""楽天市場のお得なキャンペーン"" width=""730"" height=""42"" border=""0""></h2>
<div class=""rakuten-camp"" style=""margin:0 0 0 0;"">


<!--楽天キャンペーン@ここまで-->",サンワサプライ0.5m USB3.0ケーブル【A】&hArr;【microB】（ブラック） KU30-AMC05BK (KU30AMC05BK)：ソフマップ　デジタルコレクション,ソフマップ デジタルコレクションSofmap Digital CollectionパソコンタブレットPCHDDアセンブリパーツパソコンパーツテレビゲームブルーレイソフトDVDソフト液晶テレビブルーレイディスクレコーダーデジタル一眼レフカメラデジタルカメラ家電時計中古　ソフトアウトレット中古ノートパソコン中古パソコンサンワサプライ0.5m USB3.0ケーブル【A】&hArr;【microB】（ブラック） KU30-AMC05BK (KU30AMC05BK),サンワサプライ0.5m USB3.0ケーブル【A】&hArr;【microB】（ブラック） KU30-AMC05BK (KU30AMC05BK)[rn]
8-97219,http://tshop.r10s.jp/akibamac/cabinet/04487524/4953103457966.jpg?fitin=700:700,465.6000,,パソコン・周辺機器 > PCアクセサリー > ケーブル > USBケーブル,エレコムU2C-AMBF2U02BK フェライトコア付2A対応USB-microBケーブル（0.2m/ブラック） (U2CAMBF2U02BK),,"<table border=""0"" cellpadding=""0"" cellspacing=""0"" width=""710"" style=""line-height:140%;""><tr><td><font size=""2"">■USB(Aタイプ:メス)のインターフェースを持つ充電器やモバイルバッテリー、パソコンに、USB(MicroBタイプ:メス)のインターフェースを持つスマートフォンなどの機器を接続し、充電やデータ通信ができるmicroUSBケーブルです。<br>■高周波ノイズを吸収し、安定したデータ通信を可能にするフェライトコアを搭載しています。<br>■スマートフォンとパソコンのデータ通信やUSBテザリングに最適です。<br>■電圧降下を最小限に抑える設計で、スマートフォンの充電性能を十分に発揮することができます。<br>■2A対応なので、高出力可能なAC充電器やモバイルバッテリーと合わせて利用することで、充電時間を大幅に短縮可能です。<br>※スマートフォンが1A以上の電流での充電に対応している必要があります。<br>※安全のため、定格出力1.5A以上のAC充電器やモバイルバッテリーをご利用ください。<br>※パソコンとの接続時は超急速充電はできません。<br>■USB2.0規格に準拠した480Mbpsの高速データ転送に対応しています。<br>■外部からのノイズ侵入を防止する2重シールドケーブルを採用しています。<br>■サビなどに強く信号劣化を抑える金メッキピンを採用し、耐久性と安全性を高めています。<br>■表裏がわかりやすく、抜き挿ししやすい台形microBコネクタを採用しています。<br>■難燃性の素材を使用し、安全性を高めています。<br>■EUの「RoHS指令(電気・電子機器に対する特定有害物質の使用制限)」に準拠した環境にやさしい製品です。<br><br>【仕様】<br>コネクタ形状：USB(A)オス - USB(Micro-B)オス<br>対応機種：<br>USB(A)オス側：USB(A)端子を持つパソコン及び充電器、モバイルバッテリーなど<br>USB(Micro-B)オス側：USB(Micro-B)端子を持つスマートフォン及びPC周辺機器など<br>ケーブル長：0.2m<br>規格：USB2.0規格(HI-SPEEDモード)準拠<br>対応転送速度：480Mbps<br>プラグメッキ仕様：金メッキピン<br>2重シールド：○<br>カラー：ブラック<br>使用目的・用途：USB(A)端子を持つパソコンとUSB(Micro-B)端子を持つ<br>スマートフォン及びPC周辺機器とのデータ通信およびの充電<br><br></font></td></tr></table><style type=""text/css"">
<!--
.rakuten-camp {
	width: 725px;
	border: 2px solid #3399FF;
	padding-top: 5px;
	-moz-border-radius:4px; /*Firefox*/
	-webkit-border-radius: 4px; /*Safari,Chrome*/
	border-radius:4px; /*Opera,Chrome*/
	margin:0 10px 10px 0;
}

/* 価格に枠線がつく */
table#rakutenLimitedId_cart {
    background-color: #f8f8f8;
    border: 1px solid #ddd;
    padding: 8px;
    margin: 16px 0;
}

span.price1 {
    color: #333 !important;
    font-weight: bold;
    font-size: 80% !important;
    line-height: 30px;
    display: inline-block;
    margin-right: 16px;
}

-->
</style>

<!--バナーエリア-->

<!--【消すな！】★★★ height=""380"" で設定してください。★★★-->
<!--バナーエリアここまで-->

<!--楽天キャンペーン-->

<h2 style=""margin:20px 0 10px 0;""><img src=""http://www.rakuten.ne.jp/gold/akibamac/frame/images/rakuten_title2.gif"" alt=""楽天市場のお得なキャンペーン"" width=""730"" height=""42"" border=""0""></h2>
<div class=""rakuten-camp"" style=""margin:0 0 0 0;"">


<!--楽天キャンペーン@ここまで-->",エレコムU2C-AMBF2U02BK フェライトコア付2A対応USB-microBケーブル（0.2m/ブラック） (U2CAMBF2U02BK)：ソフマップ　デジタルコレクション,ソフマップ デジタルコレクションSofmap Digital CollectionパソコンタブレットPCHDDアセンブリパーツパソコンパーツテレビゲームブルーレイソフトDVDソフト液晶テレビブルーレイディスクレコーダーデジタル一眼レフカメラデジタルカメラ家電時計中古　ソフトアウトレット中古ノートパソコン中古パソコンエレコムU2C-AMBF2U02BK フェライトコア付2A対応USB-microBケーブル（0.2m/ブラック） (U2CAMBF2U02BK),エレコムU2C-AMBF2U02BK フェライトコア付2A対応USB-microBケーブル（0.2m/ブラック） (U2CAMBF2U02BK)[rn]
8-97220,http://tshop.r10s.jp/akibamac/cabinet/03927892/4969887845387.jpg?fitin=700:700,369.6000,,パソコン・周辺機器 > PCアクセサリー > ケーブル > USBケーブル,サンワサプライ0.5m USB2.0ケーブル【A】⇔【microB】 [極細タイプ] （ブラック） KU-SLAMCB05 (KUSLAMCB05),,"<table border=""0"" cellpadding=""0"" cellspacing=""0"" width=""710"" style=""line-height:140%;""><tr><td><font size=""2"">〔USB TYPE-A（オス）⇔ USB micro-B（オス）：USB 2.0〕<br>USB Aコネクタを持つパソコンと、マイクロUSBコネクタ（マイクロB）を持つスマートフォン・タブレット・USB機器を接続するUSBケーブル（A to microB）（0.5m・ブラック）<br><br>◆USB Aコネクタを持つパソコンと、マイクロUSBコネクタ（マイクロB）を持つスマートフォン・タブレット・USB機器を接続するケーブルです。<br>◆ケーブル外径2.5mmの細径ケーブルとコンパクトコネクタを採用し、ケーブルの取り回しがスッキリしました。<br>◆USB2.0の「HI-SPEED」モードに対応した高品質ケーブルで、USB2.0で規定されたケーブル電気特性を満たしていますので、USB2.0の機器を接続することができます。<br>（USB1.1／1.0規格の機器にも互換性があるので、使用することができます）<br>◆銅製の高密度編組みシールド材の内側に密閉型のアルミシールド処理を施した二重シールドケーブルで、低域から高域まで、ほとんどのノイズから大切なデータを守ります。<br>◆芯線を2本ずつよりあわせたノイズに強いツイストペア線を使用しています。<br>◆内部を樹脂モールドで固め、さらに全面シールド処理を施したモールドコネクタで、外部干渉を防ぎノイズ対策も万全です。耐振動・耐衝撃性にも優れています。<br>◆錆にも強く、経年変化による信号劣化の心配が少ない金メッキ処理のコネクタシェルとピン（コンタクト）を使用しています。<br><br>【対応機種】<br>◆パソコン<br>Windows搭載（DOS/V）パソコン、NEC PC98-NXシリーズ、NEC PC-9821シリーズ、Apple Mac Pro、MacBook、iMac、Power Mac G5・G4・G3、PowerBook G4・G3、iBookシリーズなど<br>※USBポートを持っている機種に対応します。<br>◆周辺機器<br>マイクロUSB（マイクロB）メス端子を持つスマートフォン・タブレット・携帯電話・USB機器<br>※細径ケーブルを使用していますので、延長することはできません。<br><br></font></td></tr></table><table cellspacing=""0"" cellpadding=""4"" border=""1"" width=""710"" bordercolor=""#cccccc""><tr><td width=""180"" bgcolor=""#efefef""><font size=""2"">タイプ</font></td><td width=""530""><font size=""2"">USB2.0ケーブル</font></td></tr><tr><td width=""180"" bgcolor=""#efefef""><font size=""2"">コネクタ形状</font></td><td width=""530""><font size=""2"">USB microB（オス）-USB TypeA（オス）</font></td></tr><tr><td width=""180"" bgcolor=""#efefef""><font size=""2"">色（カラー）</font></td><td width=""530""><font size=""2"">ブラック</font></td></tr><tr><td width=""180"" bgcolor=""#efefef""><font size=""2"">ケーブル長</font></td><td width=""530""><font size=""2"">0.5m</font></td></tr><tr><td width=""180"" bgcolor=""#efefef""><font size=""2"">特長</font></td><td width=""530""><font size=""2"">2重シールド,金メッキ</font></td></tr></table><style type=""text/css"">
<!--
.rakuten-camp {
	width: 725px;
	border: 2px solid #3399FF;
	padding-top: 5px;
	-moz-border-radius:4px; /*Firefox*/
	-webkit-border-radius: 4px; /*Safari,Chrome*/
	border-radius:4px; /*Opera,Chrome*/
	margin:0 10px 10px 0;
}

/* 価格に枠線がつく */
table#rakutenLimitedId_cart {
    background-color: #f8f8f8;
    border: 1px solid #ddd;
    padding: 8px;
    margin: 16px 0;
}

span.price1 {
    color: #333 !important;
    font-weight: bold;
    font-size: 80% !important;
    line-height: 30px;
    display: inline-block;
    margin-right: 16px;
}

-->
</style>

<!--バナーエリア-->

<!--【消すな！】★★★ height=""380"" で設定してください。★★★-->
<!--バナーエリアここまで-->

<!--楽天キャンペーン-->

<h2 style=""margin:20px 0 10px 0;""><img src=""http://www.rakuten.ne.jp/gold/akibamac/frame/images/rakuten_title2.gif"" alt=""楽天市場のお得なキャンペーン"" width=""730"" height=""42"" border=""0""></h2>
<div class=""rakuten-camp"" style=""margin:0 0 0 0;"">


<!--楽天キャンペーン@ここまで-->",サンワサプライ0.5m USB2.0ケーブル【A】&hArr;【microB】 [極細タイプ] （ブラック） KU-SLAMCB05 (KUSLAMCB05)：ソフマップ　デジタルコレクション,ソフマップ デジタルコレクションSofmap Digital CollectionパソコンタブレットPCHDDアセンブリパーツパソコンパーツテレビゲームブルーレイソフトDVDソフト液晶テレビブルーレイディスクレコーダーデジタル一眼レフカメラデジタルカメラ家電時計中古　ソフトアウトレット中古ノートパソコン中古パソコンサンワサプライ0.5m USB2.0ケーブル【A】&hArr;【microB】 [極細タイプ] （ブラック） KU-SLAMCB05 (KUSLAMCB05),サンワサプライ0.5m USB2.0ケーブル【A】&hArr;【microB】 [極細タイプ] （ブラック） KU-SLAMCB05 (KUSLAMCB05)[rn]
8-97221,http://tshop.r10s.jp/akibamac/cabinet/03659710/4969887843192.jpg?fitin=700:700,348.8000,,パソコン・周辺機器 > PCアクセサリー > ケーブル > USBケーブル,サンワサプライ 0.5m USB2.0ケーブル【A（L型）】⇔【microB】 両面挿しタイプ（ホワイト） KU-RMCBL05W (KURMCBL05W),,"<table border=""0"" cellpadding=""0"" cellspacing=""0"" width=""710"" style=""line-height:140%;""><tr><td><font size=""2"">〔USB TYPE-A（オス）L型⇔ USB micro-B（オス）：USB 2.0〕<br>コネクタの向きを気にせず挿せるマイクロUSBケーブル（A（L型コネクタ） to microB）（0.5m・ホワイト）<br><br>◆USB Aコネクタのパソコンと、マイクロUSBコネクタ（マイクロB・マイクロAB）メスを持つスマートフォン・タブレット・USB機器を接続するケーブルです。<br>◆スマートフォン・タブレットの充電・データ転送ができます。<br>◆USB Aコネクタ（オス）の表・裏を気にせず「両面挿せる」USBケーブルです。<br>◆L型コネクタなので、パソコン・充電器側のコネクタの向きを意識しなくても、どちら向きにでもケーブルを配線できます。<br>◆USB2.0/USB1.1両対応です。USB2.0の「HI-SPEED」モードに対応した高品質ケーブルです。USB2.0で規定されたケーブル電気特性を満たしているので、USB2.0の機器を接続できます。<br>※USB1.1/1.0規格の機器にも互換性があるので使用できます。<br>◆二重シールドケーブルです。銅製の高密度編組みシールド材の内側に密閉型のアルミシールド処理を施し、低域から高域まで、ほとんどのノイズから大切なデータを守ります。<br>◆ツイストペアケーブルです。芯線を2本ずつよりあわせたノイズに強いツイストペア線を使用しています。<br>◆モールドコネクタを採用しています。内部を樹脂モールドで固め、さらに全面シールド処理を施していますので、外部干渉を防ぎノイズ対策も万全。耐振動・耐衝撃性にも優れています。<br>◆サビにも強く、経年変化による信号劣化の心配が少ない金メッキ処理を施したピン（コンタクト）を使用しています。<br><br>【対応機種】<br>■パソコン<br>各社Windows搭載（DOS/V）パソコン、NEC PC98-NXシリーズ、NEC PC-9821シリーズ、Apple Macシリーズなど<br>※USBポートを持っている機種に対応します。<br><br>■USB充電器<br>USB Aコネクタ メスを持つUSB充電器<br><br>■周辺機器<br>・各社USB2.0/1.1規格対応のマイクロUSBポート（マイクロB・マイクロAB メス）を持つ機種<br>・スマートフォン/マイクロUSBポート（マイクロB・マイクロAB メス）を持つ各社スマートフォン<br>・タブレット/マイクロUSBポート（マイクロB・マイクロAB メス）を持つ各社タブレット<br>・電子書籍/マイクロUSBポート（マイクロB・マイクロAB メス）持つ電子書籍など<br>・携帯電話/マイクロUSBポート（マイクロB・マイクロAB メス）を持つ各社携帯電話<br><br></font></td></tr></table><table cellspacing=""0"" cellpadding=""4"" border=""1"" width=""710"" bordercolor=""#cccccc""><tr><td width=""180"" bgcolor=""#efefef""><font size=""2"">タイプ</font></td><td width=""530""><font size=""2"">USB2.0ケーブル</font></td></tr><tr><td width=""180"" bgcolor=""#efefef""><font size=""2"">コネクタ形状</font></td><td width=""530""><font size=""2"">USB microB（オス）-USB TypeA（オス）</font></td></tr><tr><td width=""180"" bgcolor=""#efefef""><font size=""2"">色（カラー）</font></td><td width=""530""><font size=""2"">ホワイト</font></td></tr><tr><td width=""180"" bgcolor=""#efefef""><font size=""2"">ケーブル長</font></td><td width=""530""><font size=""2"">0.5m</font></td></tr><tr><td width=""180"" bgcolor=""#efefef""><font size=""2"">特長</font></td><td width=""530""><font size=""2"">2重シールド,金メッキ（ピン）</font></td></tr><tr><td width=""180"" bgcolor=""#efefef""><font size=""2"">備考１</font></td><td width=""530""><font size=""2"">上下両対応L型コネクタ（TypeA）採用</font></td></tr></table><style type=""text/css"">
<!--
.rakuten-camp {
	width: 725px;
	border: 2px solid #3399FF;
	padding-top: 5px;
	-moz-border-radius:4px; /*Firefox*/
	-webkit-border-radius: 4px; /*Safari,Chrome*/
	border-radius:4px; /*Opera,Chrome*/
	margin:0 10px 10px 0;
}

/* 価格に枠線がつく */
table#rakutenLimitedId_cart {
    background-color: #f8f8f8;
    border: 1px solid #ddd;
    padding: 8px;
    margin: 16px 0;
}

span.price1 {
    color: #333 !important;
    font-weight: bold;
    font-size: 80% !important;
    line-height: 30px;
    display: inline-block;
    margin-right: 16px;
}

-->
</style>

<!--バナーエリア-->

<!--【消すな！】★★★ height=""380"" で設定してください。★★★-->
<!--バナーエリアここまで-->

<!--楽天キャンペーン-->

<h2 style=""margin:20px 0 10px 0;""><img src=""http://www.rakuten.ne.jp/gold/akibamac/frame/images/rakuten_title2.gif"" alt=""楽天市場のお得なキャンペーン"" width=""730"" height=""42"" border=""0""></h2>
<div class=""rakuten-camp"" style=""margin:0 0 0 0;"">


<!--楽天キャンペーン@ここまで-->",サンワサプライ 0.5m USB2.0ケーブル【A（L型）】&hArr;【microB】 両面挿しタイプ（ホワイト） KU-RMCBL05W (KURMCBL05W)：ソフマップ　デジタルコレクション,ソフマップ デジタルコレクションSofmap Digital CollectionパソコンタブレットPCHDDアセンブリパーツパソコンパーツテレビゲームブルーレイソフトDVDソフト液晶テレビブルーレイディスクレコーダーデジタル一眼レフカメラデジタルカメラ家電時計中古　ソフトアウトレット中古ノートパソコン中古パソコンサンワサプライ 0.5m USB2.0ケーブル【A（L型）】&hArr;【microB】 両面挿しタイプ（ホワイト） KU-RMCBL05W (KURMCBL05W),サンワサプライ 0.5m USB2.0ケーブル【A（L型）】&hArr;【microB】 両面挿しタイプ（ホワイト） KU-RMCBL05W (KURMCBL05W)[rn]
8-97222,http://tshop.r10s.jp/akibamac/cabinet/03659710/4969887843062.jpg?fitin=700:700,333.6000,,パソコン・周辺機器 > PCアクセサリー > ケーブル > USBケーブル,サンワサプライ 0.2m USB2.0ケーブル【A】⇔【microB】 両面挿しタイプ（ブラック） KU-RMCB02 (KURMCB02),,"<table border=""0"" cellpadding=""0"" cellspacing=""0"" width=""710"" style=""line-height:140%;""><tr><td><font size=""2"">〔USB TYPE-A（オス）⇔ USB micro-B（オス）：USB 2.0〕<br>コネクタの向きを気にせず挿せるマイクロUSBケーブル（A to microB）（0.2m・ブラック）<br><br>◆USB Aコネクタのパソコンと、マイクロUSBコネクタ（マイクロB・マイクロAB）メスを持つスマートフォン・タブレット・USB機器を接続するケーブルです。<br>◆スマートフォン・タブレットの充電・データ転送ができます。<br>◆USB Aコネクタ（オス）の表・裏を気にせず「両面挿せる」USBケーブルです。<br>◆USB2.0/USB1.1両対応です。USB2.0の「HI-SPEED」モードに対応した高品質ケーブルです。USB2.0で規定されたケーブル電気特性を満たしているので、USB2.0の機器を接続できます。<br>※USB1.1/1.0規格の機器にも互換性があるので使用できます。<br>◆二重シールドケーブルです。銅製の高密度編組みシールド材の内側に密閉型のアルミシールド処理を施し、低域から高域まで、ほとんどのノイズから大切なデータを守ります。<br>◆ツイストペアケーブルです。芯線を2本ずつよりあわせたノイズに強いツイストペア線を使用しています。<br>◆モールドコネクタを採用しています。内部を樹脂モールドで固め、さらに全面シールド処理を施していますので、外部干渉を防ぎノイズ対策も万全。耐振動・耐衝撃性にも優れています。<br>◆サビにも強く、経年変化による信号劣化の心配が少ない金メッキ処理を施したピン（コンタクト）を使用しています。<br><br>【対応機種】<br>■パソコン<br>各社Windows搭載（DOS/V）パソコン、NEC PC98-NXシリーズ、NEC PC-9821シリーズ、Apple Macシリーズなど<br>※USBポートを持っている機種に対応します。<br><br>■USB充電器<br>USB Aコネクタ メスを持つUSB充電器<br><br>■周辺機器<br>・各社USB2.0/1.1規格対応のマイクロUSBポート（マイクロB・マイクロAB メス）を持つ機種<br>・スマートフォン/マイクロUSBポート（マイクロB・マイクロAB メス）を持つ各社スマートフォン<br>・タブレット/マイクロUSBポート（マイクロB・マイクロAB メス）を持つ各社タブレット<br>・電子書籍/マイクロUSBポート（マイクロB・マイクロAB メス）持つ電子書籍など<br>・携帯電話/マイクロUSBポート（マイクロB・マイクロAB メス）を持つ各社携帯電話<br><br></font></td></tr></table><table cellspacing=""0"" cellpadding=""4"" border=""1"" width=""710"" bordercolor=""#cccccc""><tr><td width=""180"" bgcolor=""#efefef""><font size=""2"">タイプ</font></td><td width=""530""><font size=""2"">USB2.0ケーブル</font></td></tr><tr><td width=""180"" bgcolor=""#efefef""><font size=""2"">コネクタ形状</font></td><td width=""530""><font size=""2"">USB microB（オス）-USB TypeA（オス）</font></td></tr><tr><td width=""180"" bgcolor=""#efefef""><font size=""2"">色（カラー）</font></td><td width=""530""><font size=""2"">ブラック</font></td></tr><tr><td width=""180"" bgcolor=""#efefef""><font size=""2"">ケーブル長</font></td><td width=""530""><font size=""2"">0.2m</font></td></tr><tr><td width=""180"" bgcolor=""#efefef""><font size=""2"">特長</font></td><td width=""530""><font size=""2"">2重シールド,金メッキ（ピン）</font></td></tr><tr><td width=""180"" bgcolor=""#efefef""><font size=""2"">備考１</font></td><td width=""530""><font size=""2"">上下両対応コネクタ（TypeA）採用</font></td></tr></table><style type=""text/css"">
<!--
.rakuten-camp {
	width: 725px;
	border: 2px solid #3399FF;
	padding-top: 5px;
	-moz-border-radius:4px; /*Firefox*/
	-webkit-border-radius: 4px; /*Safari,Chrome*/
	border-radius:4px; /*Opera,Chrome*/
	margin:0 10px 10px 0;
}

/* 価格に枠線がつく */
table#rakutenLimitedId_cart {
    background-color: #f8f8f8;
    border: 1px solid #ddd;
    padding: 8px;
    margin: 16px 0;
}

span.price1 {
    color: #333 !important;
    font-weight: bold;
    font-size: 80% !important;
    line-height: 30px;
    display: inline-block;
    margin-right: 16px;
}

-->
</style>

<!--バナーエリア-->

<!--【消すな！】★★★ height=""380"" で設定してください。★★★-->
<!--バナーエリアここまで-->

<!--楽天キャンペーン-->

<h2 style=""margin:20px 0 10px 0;""><img src=""http://www.rakuten.ne.jp/gold/akibamac/frame/images/rakuten_title2.gif"" alt=""楽天市場のお得なキャンペーン"" width=""730"" height=""42"" border=""0""></h2>
<div class=""rakuten-camp"" style=""margin:0 0 0 0;"">


<!--楽天キャンペーン@ここまで-->",サンワサプライ 0.2m USB2.0ケーブル【A】&hArr;【microB】 両面挿しタイプ（ブラック） KU-RMCB02 (KURMCB02)：ソフマップ　デジタルコレクション,ソフマップ デジタルコレクションSofmap Digital CollectionパソコンタブレットPCHDDアセンブリパーツパソコンパーツテレビゲームブルーレイソフトDVDソフト液晶テレビブルーレイディスクレコーダーデジタル一眼レフカメラデジタルカメラ家電時計中古　ソフトアウトレット中古ノートパソコン中古パソコンサンワサプライ 0.2m USB2.0ケーブル【A】&hArr;【microB】 両面挿しタイプ（ブラック） KU-RMCB02 (KURMCB02),サンワサプライ 0.2m USB2.0ケーブル【A】&hArr;【microB】 両面挿しタイプ（ブラック） KU-RMCB02 (KURMCB02)[rn]
8-97223,http://tshop.r10s.jp/akibamac/cabinet/03927892/4950190146087.jpg?fitin=700:700,198.4000,,パソコン・周辺機器 > PCアクセサリー > ケーブル > USBケーブル,バッファローBSMPC03U02BK (USB2.0ケーブル0.2m(A to microB)) [EU RoHS指令準拠],,"<table border=""0"" cellpadding=""0"" cellspacing=""0"" width=""710"" style=""line-height:140%;""><tr><td><font size=""2"">USBポート搭載のパソコンとUSB microBコネクターを持つスマートフォン等（Xperia、Desire等）の機器と接続し、データ転送や充電ができるUSBケーブル。使用環境に合わせて選べる0.2mと1.2mを用意。Hi-SPEED(480Mbps)規格の高速転送に対応しています。<br><br></font></td></tr></table><style type=""text/css"">
<!--
.rakuten-camp {
	width: 725px;
	border: 2px solid #3399FF;
	padding-top: 5px;
	-moz-border-radius:4px; /*Firefox*/
	-webkit-border-radius: 4px; /*Safari,Chrome*/
	border-radius:4px; /*Opera,Chrome*/
	margin:0 10px 10px 0;
}

/* 価格に枠線がつく */
table#rakutenLimitedId_cart {
    background-color: #f8f8f8;
    border: 1px solid #ddd;
    padding: 8px;
    margin: 16px 0;
}

span.price1 {
    color: #333 !important;
    font-weight: bold;
    font-size: 80% !important;
    line-height: 30px;
    display: inline-block;
    margin-right: 16px;
}

-->
</style>

<!--バナーエリア-->

<!--【消すな！】★★★ height=""380"" で設定してください。★★★-->
<!--バナーエリアここまで-->

<!--楽天キャンペーン-->

<h2 style=""margin:20px 0 10px 0;""><img src=""http://www.rakuten.ne.jp/gold/akibamac/frame/images/rakuten_title2.gif"" alt=""楽天市場のお得なキャンペーン"" width=""730"" height=""42"" border=""0""></h2>
<div class=""rakuten-camp"" style=""margin:0 0 0 0;"">


<!--楽天キャンペーン@ここまで-->",バッファローBSMPC03U02BK (USB2.0ケーブル0.2m(A to microB)) [EU RoHS指令準拠]：ソフマップ　デジタルコレクション,ソフマップ デジタルコレクションSofmap Digital CollectionパソコンタブレットPCHDDアセンブリパーツパソコンパーツテレビゲームブルーレイソフトDVDソフト液晶テレビブルーレイディスクレコーダーデジタル一眼レフカメラデジタルカメラ家電時計中古　ソフトアウトレット中古ノートパソコン中古パソコンバッファローBSMPC03U02BK (USB2.0ケーブル0.2m(A to microB)) [EU RoHS指令準拠],バッファローBSMPC03U02BK (USB2.0ケーブル0.2m(A to microB)) [EU RoHS指令準拠][rn]
8-97224,http://tshop.r10s.jp/akibamac/cabinet/04487524/4953103457980.jpg?fitin=700:700,544.0000,,パソコン・周辺機器 > PCアクセサリー > ケーブル > USBケーブル,エレコムU2C-AMBF2U12BK フェライトコア付2A対応USB-microBケーブル（1.2m/ブラック） (U2CAMBF2U12BK),,"<table border=""0"" cellpadding=""0"" cellspacing=""0"" width=""710"" style=""line-height:140%;""><tr><td><font size=""2"">■USB(Aタイプ:メス)のインターフェースを持つ充電器やモバイルバッテリー、パソコンに、USB(MicroBタイプ:メス)のインターフェースを持つスマートフォンなどの機器を接続し、充電やデータ通信ができるmicroUSBケーブルです。<br>■高周波ノイズを吸収し、安定したデータ通信を可能にするフェライトコアを搭載しています。<br>■スマートフォンとパソコンのデータ通信やUSBテザリングに最適です。<br>■電圧降下を最小限に抑える設計で、スマートフォンの充電性能を十分に発揮することができます。<br>■2A対応なので、高出力可能なAC充電器やモバイルバッテリーと合わせて利用することで、充電時間を大幅に短縮可能です。<br>※スマートフォンが1A以上の電流での充電に対応している必要があります。<br>※安全のため、定格出力1.5A以上のAC充電器やモバイルバッテリーをご利用ください。<br>※パソコンとの接続時は超急速充電はできません。<br>■USB2.0規格に準拠した480Mbpsの高速データ転送に対応しています。<br>■外部からのノイズ侵入を防止する2重シールドケーブルを採用しています。<br>■サビなどに強く信号劣化を抑える金メッキピンを採用し、耐久性と安全性を高めています。<br>■表裏がわかりやすく、抜き挿ししやすい台形microBコネクタを採用しています。<br>■難燃性の素材を使用し、安全性を高めています。<br>■EUの「RoHS指令(電気・電子機器に対する特定有害物質の使用制限)」に準拠した環境にやさしい製品です。<br><br>【仕様】<br>コネクタ形状：USB(A)オス - USB(Micro-B)オス<br>対応機種：<br>USB(A)オス側：USB(A)端子を持つパソコン及び充電器、モバイルバッテリーなど<br>USB(Micro-B)オス側：USB(Micro-B)端子を持つスマートフォン及びPC周辺機器など<br>ケーブル長：1.2m<br>規格：USB2.0規格(HI-SPEEDモード)準拠<br>対応転送速度：480Mbps<br>プラグメッキ仕様：金メッキピン<br>2重シールド：○<br>カラー：ブラック<br>使用目的・用途：USB(A)端子を持つパソコンとUSB(Micro-B)端子を持つ<br>スマートフォン及びPC周辺機器とのデータ通信およびの充電<br><br></font></td></tr></table><style type=""text/css"">
<!--
.rakuten-camp {
	width: 725px;
	border: 2px solid #3399FF;
	padding-top: 5px;
	-moz-border-radius:4px; /*Firefox*/
	-webkit-border-radius: 4px; /*Safari,Chrome*/
	border-radius:4px; /*Opera,Chrome*/
	margin:0 10px 10px 0;
}

/* 価格に枠線がつく */
table#rakutenLimitedId_cart {
    background-color: #f8f8f8;
    border: 1px solid #ddd;
    padding: 8px;
    margin: 16px 0;
}

span.price1 {
    color: #333 !important;
    font-weight: bold;
    font-size: 80% !important;
    line-height: 30px;
    display: inline-block;
    margin-right: 16px;
}

-->
</style>

<!--バナーエリア-->

<!--【消すな！】★★★ height=""380"" で設定してください。★★★-->
<!--バナーエリアここまで-->

<!--楽天キャンペーン-->

<h2 style=""margin:20px 0 10px 0;""><img src=""http://www.rakuten.ne.jp/gold/akibamac/frame/images/rakuten_title2.gif"" alt=""楽天市場のお得なキャンペーン"" width=""730"" height=""42"" border=""0""></h2>
<div class=""rakuten-camp"" style=""margin:0 0 0 0;"">


<!--楽天キャンペーン@ここまで-->",エレコムU2C-AMBF2U12BK フェライトコア付2A対応USB-microBケーブル（1.2m/ブラック） (U2CAMBF2U12BK)：ソフマップ　デジタルコレクション,ソフマップ デジタルコレクションSofmap Digital CollectionパソコンタブレットPCHDDアセンブリパーツパソコンパーツテレビゲームブルーレイソフトDVDソフト液晶テレビブルーレイディスクレコーダーデジタル一眼レフカメラデジタルカメラ家電時計中古　ソフトアウトレット中古ノートパソコン中古パソコンエレコムU2C-AMBF2U12BK フェライトコア付2A対応USB-microBケーブル（1.2m/ブラック） (U2CAMBF2U12BK),エレコムU2C-AMBF2U12BK フェライトコア付2A対応USB-microBケーブル（1.2m/ブラック） (U2CAMBF2U12BK)[rn]
8-97225,http://tshop.r10s.jp/akibamac/cabinet/04804232/4562412832953.jpg?fitin=700:700,350.4000,,パソコン・周辺機器 > PCアクセサリー > ケーブル > USBケーブル,AinexUSB-147 (USBケーブル A - A リバーシブルタイプ),,"<table width=""710""><tr><td><!-- おトクなセール＆キャンペーン情報あるいは新着情報 --><div style=""width: 706px; border: 2px solid #F90;""></div></td></tr></table><br><table border=""0"" cellpadding=""0"" cellspacing=""0"" width=""710"" style=""line-height:140%;""><tr><td><font size=""2"">■特徴<br>・USB Type-A コネクタ搭載の周辺機器とパソコンを接続できます。<br>　※パソコン同士を接続するリンクケーブルではありません。<br>・上下の向きを気にせず接続できるリバーシブルコネクタです。<br>・抜き差しの多い環境で便利です。<br>■仕様<br>・USB 2.0／1.1規格対応<br>・High-Speed (480Mbps： 理論値) 対応<br>・コネクタ形状<br>　周辺機器側： USB 2.0 Standard-A オス リバーシブル<br>　パソコン側： USB 2.0 Standard-A オス リバーシブル<br>・ケーブル長： 1.5m<br>■ご注意<br>・汎用品につき、全ての環境での動作を保証するものではありません。<br><br>■商品の仕様等は予告なく変更になる場合がございます。<br>　※詳細につきましてはメーカー及び代理店ページをご確認ください。<br>■リビジョン等の指定でのご発送はできません。<br><br></font></td></tr></table><style type=""text/css"">
<!--
.rakuten-camp {
	width: 725px;
	border: 2px solid #3399FF;
	padding-top: 5px;
	-moz-border-radius:4px; /*Firefox*/
	-webkit-border-radius: 4px; /*Safari,Chrome*/
	border-radius:4px; /*Opera,Chrome*/
	margin:0 10px 10px 0;
}

/* 価格に枠線がつく */
table#rakutenLimitedId_cart {
    background-color: #f8f8f8;
    border: 1px solid #ddd;
    padding: 8px;
    margin: 16px 0;
}

span.price1 {
    color: #333 !important;
    font-weight: bold;
    font-size: 80% !important;
    line-height: 30px;
    display: inline-block;
    margin-right: 16px;
}

-->
</style>

<!--バナーエリア-->

<!--【消すな！】★★★ height=""380"" で設定してください。★★★-->
<!--バナーエリアここまで-->

<!--楽天キャンペーン-->

<h2 style=""margin:20px 0 10px 0;""><img src=""http://www.rakuten.ne.jp/gold/akibamac/frame/images/rakuten_title2.gif"" alt=""楽天市場のお得なキャンペーン"" width=""730"" height=""42"" border=""0""></h2>
<div class=""rakuten-camp"" style=""margin:0 0 0 0;"">


<!--楽天キャンペーン@ここまで-->",AinexUSB-147 (USBケーブル A - A リバーシブルタイプ)：ソフマップ　デジタルコレクション,ソフマップ デジタルコレクションSofmap Digital CollectionパソコンタブレットPCHDDアセンブリパーツパソコンパーツテレビゲームブルーレイソフトDVDソフト液晶テレビブルーレイディスクレコーダーデジタル一眼レフカメラデジタルカメラ家電時計中古　ソフトアウトレット中古ノートパソコン中古パソコンAinexUSB-147 (USBケーブル A - A リバーシブルタイプ),AinexUSB-147 (USBケーブル A - A リバーシブルタイプ)[rn]
8-97226,http://tshop.r10s.jp/akibamac/cabinet/03234013/4961310125707.jpg?fitin=700:700,3808.0000,,パソコン・周辺機器 > PCアクセサリー > ケーブル > USBケーブル,【送料無料】オーディオテクニカAT-EUS1000mn/3.0 USBケーブル (USB(A)-USB(miniB)) (ATEUS1000MN3.0),,"<table border=""0"" cellpadding=""0"" cellspacing=""0"" width=""710"" style=""line-height:140%;""><tr><td><font size=""2"">■PC内にあるハイレゾ音源などを高品位伝送<br>■音質を重視したOFC導体を採用<br>■高信頼性金メッキコンタクトにより接点ロスを改善<br>■銅テープシールド＋OFC編組シールドでノイズを低減<br>■ケーブルはUSB2.0相当<br>■「ハネナイト（※1）」と「ハイブラー（※2）」を組み合わせたハイブリッドインシュレーションシステムで、音の雑味となる不要振動を抑制<br><br>※1：衝撃を受けてもほとんど反発せず振動吸収性に優れた素材です。<br>※2：ゴム弾性があり、高い制振性能を発揮します。<br><br>【製品仕様】<br>重量：153g<br>最大転送速度：480Mbps<br>端子処理：金メッキ<br>端子形状：USB端子（TypeA）、USB端子（miniB）<br><br></font></td></tr></table><table cellspacing=""0"" cellpadding=""4"" border=""1"" width=""710"" bordercolor=""#cccccc""><tr><td width=""180"" bgcolor=""#efefef""><font size=""2"">タイプ</font></td><td width=""530""><font size=""2"">USB2.0ケーブル</font></td></tr><tr><td width=""180"" bgcolor=""#efefef""><font size=""2"">コネクタ形状</font></td><td width=""530""><font size=""2"">USB miniB（オス）-USB TypeA（オス）</font></td></tr><tr><td width=""180"" bgcolor=""#efefef""><font size=""2"">ケーブル長</font></td><td width=""530""><font size=""2"">3.0m</font></td></tr><tr><td width=""180"" bgcolor=""#efefef""><font size=""2"">特長</font></td><td width=""530""><font size=""2"">金メッキ</font></td></tr></table><style type=""text/css"">
<!--
.rakuten-camp {
	width: 725px;
	border: 2px solid #3399FF;
	padding-top: 5px;
	-moz-border-radius:4px; /*Firefox*/
	-webkit-border-radius: 4px; /*Safari,Chrome*/
	border-radius:4px; /*Opera,Chrome*/
	margin:0 10px 10px 0;
}

/* 価格に枠線がつく */
table#rakutenLimitedId_cart {
    background-color: #f8f8f8;
    border: 1px solid #ddd;
    padding: 8px;
    margin: 16px 0;
}

span.price1 {
    color: #333 !important;
    font-weight: bold;
    font-size: 80% !important;
    line-height: 30px;
    display: inline-block;
    margin-right: 16px;
}

-->
</style>

<!--バナーエリア-->

<!--【消すな！】★★★ height=""380"" で設定してください。★★★-->
<!--バナーエリアここまで-->

<!--楽天キャンペーン-->

<h2 style=""margin:20px 0 10px 0;""><img src=""http://www.rakuten.ne.jp/gold/akibamac/frame/images/rakuten_title2.gif"" alt=""楽天市場のお得なキャンペーン"" width=""730"" height=""42"" border=""0""></h2>
<div class=""rakuten-camp"" style=""margin:0 0 0 0;"">


<!--楽天キャンペーン@ここまで-->",【送料無料】オーディオテクニカAT-EUS1000mn/3.0 USBケーブル (USB(A)-USB(miniB)) (ATEUS1000MN3.0)：ソフマップ　デジタルコレクション,ソフマップ デジタルコレクションSofmap Digital CollectionパソコンタブレットPCHDDアセンブリパーツパソコンパーツテレビゲームブルーレイソフトDVDソフト液晶テレビブルーレイディスクレコーダーデジタル一眼レフカメラデジタルカメラ家電時計中古　ソフトアウトレット中古ノートパソコン中古パソコン【送料無料】オーディオテクニカAT-EUS1000mn/3.0 USBケーブル (USB(A)-USB(miniB)) (ATEUS1000MN3.0),【送料無料】オーディオテクニカAT-EUS1000mn/3.0 USBケーブル (USB(A)-USB(miniB)) (ATEUS1000MN3.0)[rn]
8-97227,http://tshop.r10s.jp/akibamac/cabinet/02582088/4965957943250.jpg?fitin=700:700,889.6000,,パソコン・周辺機器 > PCアクセサリー > ケーブル > USBケーブル,エプソンUSBCB2(USB2.0対応ケーブル),,"<br><table border=""0"" cellpadding=""0"" cellspacing=""0"" width=""710"" style=""line-height:140%;""><tr><td><font size=""2"">USB2.0対応USBケーブル<br><br></font></td></tr></table><table cellspacing=""0"" cellpadding=""4"" border=""1"" width=""710"" bordercolor=""#cccccc""><tr><td width=""180"" bgcolor=""#efefef""><font size=""2"">タイプ</font></td><td width=""530""><font size=""2"">USBインタフェイスケーブル</font></td></tr><tr><td width=""180"" bgcolor=""#efefef""><font size=""2"">特長</font></td><td width=""530""><font size=""2"">USB 2.0/1.1対応</font></td></tr></table><style type=""text/css"">
<!--
.rakuten-camp {
	width: 725px;
	border: 2px solid #3399FF;
	padding-top: 5px;
	-moz-border-radius:4px; /*Firefox*/
	-webkit-border-radius: 4px; /*Safari,Chrome*/
	border-radius:4px; /*Opera,Chrome*/
	margin:0 10px 10px 0;
}

/* 価格に枠線がつく */
table#rakutenLimitedId_cart {
    background-color: #f8f8f8;
    border: 1px solid #ddd;
    padding: 8px;
    margin: 16px 0;
}

span.price1 {
    color: #333 !important;
    font-weight: bold;
    font-size: 80% !important;
    line-height: 30px;
    display: inline-block;
    margin-right: 16px;
}

-->
</style>

<!--バナーエリア-->

<!--【消すな！】★★★ height=""380"" で設定してください。★★★-->
<!--バナーエリアここまで-->

<!--楽天キャンペーン-->

<h2 style=""margin:20px 0 10px 0;""><img src=""http://www.rakuten.ne.jp/gold/akibamac/frame/images/rakuten_title2.gif"" alt=""楽天市場のお得なキャンペーン"" width=""730"" height=""42"" border=""0""></h2>
<div class=""rakuten-camp"" style=""margin:0 0 0 0;"">


<!--楽天キャンペーン@ここまで-->",エプソンUSBCB2(USB2.0対応ケーブル)：ソフマップ　デジタルコレクション,ソフマップ デジタルコレクションSofmap Digital CollectionパソコンタブレットPCHDDアセンブリパーツパソコンパーツテレビゲームブルーレイソフトDVDソフト液晶テレビブルーレイディスクレコーダーデジタル一眼レフカメラデジタルカメラ家電時計中古　ソフトアウトレット中古ノートパソコン中古パソコンエプソンUSBCB2(USB2.0対応ケーブル),エプソンUSBCB2(USB2.0対応ケーブル)[rn]
8-97228,http://tshop.r10s.jp/akibamac/cabinet/04525799/4958892018107.jpg?fitin=700:700,5822.4000,,パソコン・周辺機器 > PCアクセサリー > ケーブル > USBケーブル,【送料無料】SAEC(サエクコマース)SUS-380(1.2m) USBケ-ブル SUS3801.2M,,"<table border=""0"" cellpadding=""0"" cellspacing=""0"" width=""710"" style=""line-height:140%;""><tr><td><font size=""2"">SAEC新製品SUS-380は、話題の新導体PC-Triple C導体を採用し、コストパフォーマンスを追求した高品質なUSBケーブルです。独自の連続鍛造伸延技術により、信号の伝送を妨げる結晶粒界を極力減らし、結晶を長手方向に連続化させることにより、優れた導通性能を実現したPC-Triple C。導体抵抗を減らすことにより低域から高域までストレスなく音を伝え、低ノイズでより一層S/Nの良いクリアでワイドレンジな特性を実現しました。話題のハイレゾ再生に最適なUSBケーブルの登場です。<br><br></font></td></tr></table><table cellspacing=""0"" cellpadding=""4"" border=""1"" width=""710"" bordercolor=""#cccccc""><tr><td width=""180"" bgcolor=""#efefef""><font size=""2"">型番</font></td><td width=""530""><font size=""2"">SUS3801.2M</font></td></tr><tr><td width=""180"" bgcolor=""#efefef""><font size=""2"">ＪＡＮコード</font></td><td width=""530""><font size=""2"">4958892018107</font></td></tr><tr><td width=""180"" bgcolor=""#efefef""><font size=""2"">メーカー</font></td><td width=""530""><font size=""2"">ＳＡＥＣサエクコマース</font></td></tr><tr><td width=""180"" bgcolor=""#efefef""><font size=""2"">メーカー希望小売価格(税抜)</font></td><td width=""530""><font size=""2"">9 700円（税抜）</font></font></td></tr><tr><td width=""180"" bgcolor=""#efefef""><font size=""2"">発売年月</font></td><td width=""530""><font size=""2"">2014年12月20日</font></td></tr></table><style type=""text/css"">
<!--
.rakuten-camp {
	width: 725px;
	border: 2px solid #3399FF;
	padding-top: 5px;
	-moz-border-radius:4px; /*Firefox*/
	-webkit-border-radius: 4px; /*Safari,Chrome*/
	border-radius:4px; /*Opera,Chrome*/
	margin:0 10px 10px 0;
}

/* 価格に枠線がつく */
table#rakutenLimitedId_cart {
    background-color: #f8f8f8;
    border: 1px solid #ddd;
    padding: 8px;
    margin: 16px 0;
}

span.price1 {
    color: #333 !important;
    font-weight: bold;
    font-size: 80% !important;
    line-height: 30px;
    display: inline-block;
    margin-right: 16px;
}

-->
</style>

<!--バナーエリア-->

<!--【消すな！】★★★ height=""380"" で設定してください。★★★-->
<!--バナーエリアここまで-->

<!--楽天キャンペーン-->

<h2 style=""margin:20px 0 10px 0;""><img src=""http://www.rakuten.ne.jp/gold/akibamac/frame/images/rakuten_title2.gif"" alt=""楽天市場のお得なキャンペーン"" width=""730"" height=""42"" border=""0""></h2>
<div class=""rakuten-camp"" style=""margin:0 0 0 0;"">


<!--楽天キャンペーン@ここまで-->",【送料無料】SAEC(サエクコマース)SUS-380(1.2m) USBケ-ブル SUS3801.2M：ソフマップ　デジタルコレクション,ソフマップ デジタルコレクションSofmap Digital CollectionパソコンタブレットPCHDDアセンブリパーツパソコンパーツテレビゲームブルーレイソフトDVDソフト液晶テレビブルーレイディスクレコーダーデジタル一眼レフカメラデジタルカメラ家電時計中古　ソフトアウトレット中古ノートパソコン中古パソコン【送料無料】SAEC(サエクコマース)SUS-380(1.2m) USBケ-ブル SUS3801.2M,【送料無料】SAEC(サエクコマース)SUS-380(1.2m) USBケ-ブル SUS3801.2M[rn]
8-97229,http://tshop.r10s.jp/akibamac/cabinet/04525799/4958892018138.jpg?fitin=700:700,10096.0000,,パソコン・周辺機器 > PCアクセサリー > ケーブル > USBケーブル,【送料無料】SAEC(サエクコマース)SUS-380(4.0m) USBケ-ブル SUS3804.0M,,"<table border=""0"" cellpadding=""0"" cellspacing=""0"" width=""710"" style=""line-height:140%;""><tr><td><font size=""2"">SAEC新製品SUS-380は、話題の新導体PC-Triple C導体を採用し、コストパフォーマンスを追求した高品質なUSBケーブルです。独自の連続鍛造伸延技術により、信号の伝送を妨げる結晶粒界を極力減らし、結晶を長手方向に連続化させることにより、優れた導通性能を実現したPC-Triple C。導体抵抗を減らすことにより低域から高域までストレスなく音を伝え、低ノイズでより一層S/Nの良いクリアでワイドレンジな特性を実現しました。話題のハイレゾ再生に最適なUSBケーブルの登場です。<br><br></font></td></tr></table><table cellspacing=""0"" cellpadding=""4"" border=""1"" width=""710"" bordercolor=""#cccccc""><tr><td width=""180"" bgcolor=""#efefef""><font size=""2"">型番</font></td><td width=""530""><font size=""2"">SUS3804.0M</font></td></tr><tr><td width=""180"" bgcolor=""#efefef""><font size=""2"">ＪＡＮコード</font></td><td width=""530""><font size=""2"">4958892018138</font></td></tr><tr><td width=""180"" bgcolor=""#efefef""><font size=""2"">メーカー</font></td><td width=""530""><font size=""2"">ＳＡＥＣサエクコマース</font></td></tr><tr><td width=""180"" bgcolor=""#efefef""><font size=""2"">メーカー希望小売価格(税抜)</font></td><td width=""530""><font size=""2"">17 200円（税抜）</font></font></td></tr><tr><td width=""180"" bgcolor=""#efefef""><font size=""2"">発売年月</font></td><td width=""530""><font size=""2"">2014年12月20日</font></td></tr></table><style type=""text/css"">
<!--
.rakuten-camp {
	width: 725px;
	border: 2px solid #3399FF;
	padding-top: 5px;
	-moz-border-radius:4px; /*Firefox*/
	-webkit-border-radius: 4px; /*Safari,Chrome*/
	border-radius:4px; /*Opera,Chrome*/
	margin:0 10px 10px 0;
}

/* 価格に枠線がつく */
table#rakutenLimitedId_cart {
    background-color: #f8f8f8;
    border: 1px solid #ddd;
    padding: 8px;
    margin: 16px 0;
}

span.price1 {
    color: #333 !important;
    font-weight: bold;
    font-size: 80% !important;
    line-height: 30px;
    display: inline-block;
    margin-right: 16px;
}

-->
</style>

<!--バナーエリア-->

<!--【消すな！】★★★ height=""380"" で設定してください。★★★-->
<!--バナーエリアここまで-->

<!--楽天キャンペーン-->

<h2 style=""margin:20px 0 10px 0;""><img src=""http://www.rakuten.ne.jp/gold/akibamac/frame/images/rakuten_title2.gif"" alt=""楽天市場のお得なキャンペーン"" width=""730"" height=""42"" border=""0""></h2>
<div class=""rakuten-camp"" style=""margin:0 0 0 0;"">


<!--楽天キャンペーン@ここまで-->",【送料無料】SAEC(サエクコマース)SUS-380(4.0m) USBケ-ブル SUS3804.0M：ソフマップ　デジタルコレクション,ソフマップ デジタルコレクションSofmap Digital CollectionパソコンタブレットPCHDDアセンブリパーツパソコンパーツテレビゲームブルーレイソフトDVDソフト液晶テレビブルーレイディスクレコーダーデジタル一眼レフカメラデジタルカメラ家電時計中古　ソフトアウトレット中古ノートパソコン中古パソコン【送料無料】SAEC(サエクコマース)SUS-380(4.0m) USBケ-ブル SUS3804.0M,【送料無料】SAEC(サエクコマース)SUS-380(4.0m) USBケ-ブル SUS3804.0M[rn]
8-97230,http://tshop.r10s.jp/akibamac/cabinet/04441141/4961310131074.jpg?fitin=700:700,3304.0000,,パソコン・周辺機器 > PCアクセサリー > ケーブル > USBケーブル,オーディオテクニカホスト変換機能付きUSB変換アダプター AT-EUS1000hc (ATEUS1000HC),,"<table border=""0"" cellpadding=""0"" cellspacing=""0"" width=""710"" style=""line-height:140%;""><tr><td><font size=""2"">◆音質重視のOFC導体を採用。<br>◆「ハネナイト」※1と「ハイブラー」※2を組み合わせたハイブリッドインシュレーションシステムにより音の雑味となる不要振動を抑制。<br>◆信頼性高い金メッキコンタクトで接点ロスを改善。<br>◆銅テープシールド+OFC編組シールドでノイズを低減。<br>◆USB2.0相当のHI-SPEED対応ケーブル。<br><br></font></td></tr></table><style type=""text/css"">
<!--
.rakuten-camp {
	width: 725px;
	border: 2px solid #3399FF;
	padding-top: 5px;
	-moz-border-radius:4px; /*Firefox*/
	-webkit-border-radius: 4px; /*Safari,Chrome*/
	border-radius:4px; /*Opera,Chrome*/
	margin:0 10px 10px 0;
}

/* 価格に枠線がつく */
table#rakutenLimitedId_cart {
    background-color: #f8f8f8;
    border: 1px solid #ddd;
    padding: 8px;
    margin: 16px 0;
}

span.price1 {
    color: #333 !important;
    font-weight: bold;
    font-size: 80% !important;
    line-height: 30px;
    display: inline-block;
    margin-right: 16px;
}

-->
</style>

<!--バナーエリア-->

<!--【消すな！】★★★ height=""380"" で設定してください。★★★-->
<!--バナーエリアここまで-->

<!--楽天キャンペーン-->

<h2 style=""margin:20px 0 10px 0;""><img src=""http://www.rakuten.ne.jp/gold/akibamac/frame/images/rakuten_title2.gif"" alt=""楽天市場のお得なキャンペーン"" width=""730"" height=""42"" border=""0""></h2>
<div class=""rakuten-camp"" style=""margin:0 0 0 0;"">


<!--楽天キャンペーン@ここまで-->",オーディオテクニカホスト変換機能付きUSB変換アダプター AT-EUS1000hc (ATEUS1000HC)：ソフマップ　デジタルコレクション,ソフマップ デジタルコレクションSofmap Digital CollectionパソコンタブレットPCHDDアセンブリパーツパソコンパーツテレビゲームブルーレイソフトDVDソフト液晶テレビブルーレイディスクレコーダーデジタル一眼レフカメラデジタルカメラ家電時計中古　ソフトアウトレット中古ノートパソコン中古パソコンオーディオテクニカホスト変換機能付きUSB変換アダプター AT-EUS1000hc (ATEUS1000HC),オーディオテクニカホスト変換機能付きUSB変換アダプター AT-EUS1000hc (ATEUS1000HC)[rn]
8-97231,http://tshop.r10s.jp/akibamac/cabinet/04525799/4571106662974.jpg?fitin=700:700,6763.2000,,パソコン・周辺機器 > PCアクセサリー > ケーブル > USBケーブル,【送料無料】オルトフォン オーディオ用USB2.0ケーブル【A】⇔【miniB】(0.3m) DGI-K2 Mini B 0.3 (DGIK2MINIB0.3),,"<table border=""0"" cellpadding=""0"" cellspacing=""0"" width=""710"" style=""line-height:140%;""><tr><td><font size=""2"">◆USB2.0対応のデジタルケーブルです。<br><br></font></td></tr></table><table cellspacing=""0"" cellpadding=""4"" border=""1"" width=""710"" bordercolor=""#cccccc""><tr><td width=""180"" bgcolor=""#efefef""><font size=""2"">ケーブル長</font></td><td width=""530""><font size=""2"">0.3m</font></td></tr></table><style type=""text/css"">
<!--
.rakuten-camp {
	width: 725px;
	border: 2px solid #3399FF;
	padding-top: 5px;
	-moz-border-radius:4px; /*Firefox*/
	-webkit-border-radius: 4px; /*Safari,Chrome*/
	border-radius:4px; /*Opera,Chrome*/
	margin:0 10px 10px 0;
}

/* 価格に枠線がつく */
table#rakutenLimitedId_cart {
    background-color: #f8f8f8;
    border: 1px solid #ddd;
    padding: 8px;
    margin: 16px 0;
}

span.price1 {
    color: #333 !important;
    font-weight: bold;
    font-size: 80% !important;
    line-height: 30px;
    display: inline-block;
    margin-right: 16px;
}

-->
</style>

<!--バナーエリア-->

<!--【消すな！】★★★ height=""380"" で設定してください。★★★-->
<!--バナーエリアここまで-->

<!--楽天キャンペーン-->

<h2 style=""margin:20px 0 10px 0;""><img src=""http://www.rakuten.ne.jp/gold/akibamac/frame/images/rakuten_title2.gif"" alt=""楽天市場のお得なキャンペーン"" width=""730"" height=""42"" border=""0""></h2>
<div class=""rakuten-camp"" style=""margin:0 0 0 0;"">


<!--楽天キャンペーン@ここまで-->",【送料無料】オルトフォン オーディオ用USB2.0ケーブル【A】&hArr;【miniB】(0.3m) DGI-K2 Mini B 0.3 (DGIK2MINIB0.3)：ソフマップ　デジタルコレクション,ソフマップ デジタルコレクションSofmap Digital CollectionパソコンタブレットPCHDDアセンブリパーツパソコンパーツテレビゲームブルーレイソフトDVDソフト液晶テレビブルーレイディスクレコーダーデジタル一眼レフカメラデジタルカメラ家電時計中古　ソフトアウトレット中古ノートパソコン中古パソコン【送料無料】オルトフォン オーディオ用USB2.0ケーブル【A】&hArr;【miniB】(0.3m) DGI-K2 Mini B 0.3 (DGIK2MINIB0.3),【送料無料】オルトフォン オーディオ用USB2.0ケーブル【A】&hArr;【miniB】(0.3m) DGI-K2 Mini B 0.3 (DGIK2MINIB0.3)[rn]
8-97232,http://tshop.r10s.jp/akibamac/cabinet/03274524/4957180078212.jpg?fitin=700:700,660.0000,,パソコン・周辺機器 > PCアクセサリー > ケーブル > USBケーブル,アイ・オー・データ機器USB-MAB/100(Everio用USBケーブル)(特注対応品),,"<table border=""0"" cellpadding=""0"" cellspacing=""0"" width=""710"" style=""line-height:140%;""><tr><td><font size=""2"">■エブリオとハードディスク、ブルーレイとの接続に<br>ビクターのハイビジョンムービー エブリオと、対応ハードディスク、ブルーレイディスクドライブを接続する際に必要なUSBケーブルです。<br>本製品を用いてエブリオとハードディスク、ブルーレイディスクドライブを接続することで、撮影したハイビジョン映像をエブリオ本体から大容量のハードディスクやブルーレイディスクへ保存することができるようになります。また、それらの操作はエブリオ本体から簡単に行うことができます。<br><br>【製品仕様】<br>対応機種：メーカーサイトにてご確認ください。<br>コネクタ形状：USB Mini-A⇔Type-B<br>ケーブル長：100cm<br>各種取得規格：RoHS指令準拠<br><br></font></td></tr></table><style type=""text/css"">
<!--
.rakuten-camp {
	width: 725px;
	border: 2px solid #3399FF;
	padding-top: 5px;
	-moz-border-radius:4px; /*Firefox*/
	-webkit-border-radius: 4px; /*Safari,Chrome*/
	border-radius:4px; /*Opera,Chrome*/
	margin:0 10px 10px 0;
}

/* 価格に枠線がつく */
table#rakutenLimitedId_cart {
    background-color: #f8f8f8;
    border: 1px solid #ddd;
    padding: 8px;
    margin: 16px 0;
}

span.price1 {
    color: #333 !important;
    font-weight: bold;
    font-size: 80% !important;
    line-height: 30px;
    display: inline-block;
    margin-right: 16px;
}

-->
</style>

<!--バナーエリア-->

<!--【消すな！】★★★ height=""380"" で設定してください。★★★-->
<!--バナーエリアここまで-->

<!--楽天キャンペーン-->

<h2 style=""margin:20px 0 10px 0;""><img src=""http://www.rakuten.ne.jp/gold/akibamac/frame/images/rakuten_title2.gif"" alt=""楽天市場のお得なキャンペーン"" width=""730"" height=""42"" border=""0""></h2>
<div class=""rakuten-camp"" style=""margin:0 0 0 0;"">


<!--楽天キャンペーン@ここまで-->",アイ・オー・データ機器USB-MAB/100(Everio用USBケーブル)(特注対応品)：ソフマップ　デジタルコレクション,ソフマップ デジタルコレクションSofmap Digital CollectionパソコンタブレットPCHDDアセンブリパーツパソコンパーツテレビゲームブルーレイソフトDVDソフト液晶テレビブルーレイディスクレコーダーデジタル一眼レフカメラデジタルカメラ家電時計中古　ソフトアウトレット中古ノートパソコン中古パソコンアイ・オー・データ機器USB-MAB/100(Everio用USBケーブル)(特注対応品),アイ・オー・データ機器USB-MAB/100(Everio用USBケーブル)(特注対応品)[rn]
8-97233,http://tshop.r10s.jp/dtc/cabinet/20140513a/4950190184607.jpg?fitin=700:700,1104.0000,,パソコン・周辺機器 > PCアクセサリー > ケーブル > USBケーブル,バッファロー BSUSRC0610BS(USBシリアル変換ケーブル 1m/ブラックスケルトン),　,"<br><table border=""0"" cellpadding=""0"" cellspacing=""0"" width=""710"" style=""line-height:140%;""><tr><td><font size=""2"">「BSUSRC06シリーズ」は、パソコンのUSBコネクターをシリアルコネクター（D-sub9ピン）に変換し、TA（ターミナルアダプター）・モデムやPDAなど、RS232C周辺機器を接続するケーブルです。 <br><br>■製品機能<br>◇USBコネクタをシリアルコネクタに変換し、RS232C周辺機器を接続するケーブル<br>ノートパソコンのUSBコネクタをシリアルコネクタ（D-sub9ピン）に変換しモデム・TAやデジタルカメラ・PDAなどのRS232C周辺機器を接続するケーブルです。RS232Cコネクタを増やすことができ、ノートパソコンを最大限に活用。<br><br>特定有害物質使用制限指令「RoHS指令」に準拠<br><br>◇2006年7月からEU圏で施行された電子機器に対する特定有害物質使用制限指令「RoHS指令」に準拠しています。<br>＜RoHS指令で使用が制限されている物質＞<br>(1)鉛、(2)水銀、(3)カドミウム、(4)六価クロム、(5)ポリ臭化ビフェニール(PBB)、(6)ポリ臭化ジフェニールエーテル(PBDE)<br><br><br></font></td></tr></table><table cellspacing=""0"" cellpadding=""4"" border=""1"" width=""710"" bordercolor=""#cccccc""><tr><td width=""180"" bgcolor=""#efefef""><font size=""2"">対応機種</font></td><td width=""530""><font size=""2"">USBポートを装備し、Windows 7(32bit/64bit) / Vista(32bit/64bit) / XP / 2000 / Me / 98SE がプリインストールされているDOS/Vパソコン</font></td></tr><tr><td width=""180"" bgcolor=""#efefef""><font size=""2"">対応OS</font></td><td width=""530""><font size=""2"">Windows 7(32bit/64bit) / Vista(32bit/64bit) / XP / 2000 / Me / 98SE ※Windows7(32bit/64bit)/Vista(32bit/64bit)でご使用いただく場合、ネット接続してWindows Updateできる環境でドライバをダウンロードする必要があります。</font></td></tr><tr><td width=""180"" bgcolor=""#efefef""><font size=""2"">インターフェース</font></td><td width=""530""><font size=""2"">USB 2.0/1.1</font></td></tr><tr><td width=""180"" bgcolor=""#efefef""><font size=""2"">コネクター形状</font></td><td width=""530""><font size=""2"">USB TYPE-A: RS232Cコネクタ（D-sub9ピン・オス）</font></td></tr><tr><td width=""180"" bgcolor=""#efefef""><font size=""2"">製品構成</font></td><td width=""530""><font size=""2"">本体、ドライバーCD、取扱説明書</font></td></tr></table><div style=""margin: 10px 0 ; width: 580px;""><img src=""http://image.rakuten.co.jp/dtc/cabinet/serviceban/580x40_color_kanren.gif""width=""580"" height=""40"" border=""0"" alt=""カラーバリエーション・関連製品はこちら""></div><!--
<div style=""width:710px; height:180px;  margin:0; overflow:hidden;"">

</div>
-->

<div style=""width: 700px; margin: 5px;"">
<img src=""http://www.rakuten.ne.jp/gold/dtc/frame/images/syouhinsetumei5.gif"" width=""700"" height=""30"">
</div>

<div style=""width:710px; height:100px; margin:0 5px; overflow:hidden;"">

</div>


<!--
<div style=""width: 700px; margin: 0 5px;"">
<img src=""http://www.rakuten.ne.jp/gold/dtc/frame/images/syouhinsetumei2.gif"" width=""700"" height=""30"">
</div>

<div style=""width:710px; height:300px;  margin:0 0 20px; overflow:hidden;"">

</div>
-->",バッファロー BSUSRC0610BS(USBシリアル変換ケーブル 1m/ブラックスケルトン)：ソフマップ楽天市場店,ソフマップSofmapパソコンタブレットPCHDDアセンブリパーツパソコンパーツテレビゲームブルーレイソフトDVDソフト液晶テレビブルーレイディスクレコーダーデジタル一眼レフカメラデジタルカメラ家電時計中古アウトレットiPadiPhoneバッファロー BSUSRC0610BS(USBシリアル変換ケーブル 1m/ブラックスケルトン),　。バッファロー BSUSRC0610BS(USBシリアル変換ケーブル 1m/ブラックスケルトン)[rn]
8-97234,http://tshop.r10s.jp/dtc/cabinet/2012071/4950190184614.jpg?fitin=700:700,1111.2000,,パソコン・周辺機器 > PCアクセサリー > ケーブル > USBケーブル,バッファロー BSUSRC0605BS(USBシリアル変換ケーブル 0.5m/ブラックスケルトン),　,"<br><table border=""0"" cellpadding=""0"" cellspacing=""0"" width=""710"" style=""line-height:140%;""><tr><td><font size=""2"">「BSUSRC06シリーズ」は、パソコンのUSBコネクターをシリアルコネクター（D-sub9ピン）に変換し、TA（ターミナルアダプター）・モデムやPDAなど、RS232C周辺機器を接続するケーブルです。 <br><br>■製品機能<br>◇USBコネクタをシリアルコネクタに変換し、RS232C周辺機器を接続するケーブル<br>ノートパソコンのUSBコネクタをシリアルコネクタ（D-sub9ピン）に変換しモデム・TAやデジタルカメラ・PDAなどのRS232C周辺機器を接続するケーブルです。RS232Cコネクタを増やすことができ、ノートパソコンを最大限に活用。<br><br>特定有害物質使用制限指令「RoHS指令」に準拠<br><br>◇2006年7月からEU圏で施行された電子機器に対する特定有害物質使用制限指令「RoHS指令」に準拠しています。<br>＜RoHS指令で使用が制限されている物質＞<br>(1)鉛、(2)水銀、(3)カドミウム、(4)六価クロム、(5)ポリ臭化ビフェニール(PBB)、(6)ポリ臭化ジフェニールエーテル(PBDE)<br><br><br></font></td></tr></table><table cellspacing=""0"" cellpadding=""4"" border=""1"" width=""710"" bordercolor=""#cccccc""><tr><td width=""180"" bgcolor=""#efefef""><font size=""2"">対応機種</font></td><td width=""530""><font size=""2"">USBポートを装備し、Windows 7(32bit/64bit) / Vista(32bit/64bit) / XP / 2000 / Me / 98SE がプリインストールされているDOS/Vパソコン</font></td></tr><tr><td width=""180"" bgcolor=""#efefef""><font size=""2"">対応OS</font></td><td width=""530""><font size=""2"">Windows 7(32bit/64bit) / Vista(32bit/64bit) / XP / 2000 / Me / 98SE ※Windows7(32bit/64bit)/Vista(32bit/64bit)でご使用いただく場合、ネット接続してWindows Updateできる環境でドライバをダウンロードする必要があります。</font></td></tr><tr><td width=""180"" bgcolor=""#efefef""><font size=""2"">インターフェース</font></td><td width=""530""><font size=""2"">USB 2.0/1.1</font></td></tr><tr><td width=""180"" bgcolor=""#efefef""><font size=""2"">コネクター形状</font></td><td width=""530""><font size=""2"">USB TYPE-A: RS232Cコネクタ（D-sub9ピン・オス）</font></td></tr><tr><td width=""180"" bgcolor=""#efefef""><font size=""2"">製品構成</font></td><td width=""530""><font size=""2"">本体、ドライバーCD、取扱説明書</font></td></tr></table><div style=""margin: 10px 0 ; width: 580px;""><img src=""http://image.rakuten.co.jp/dtc/cabinet/serviceban/580x40_color_kanren.gif""width=""580"" height=""40"" border=""0"" alt=""カラーバリエーション・関連製品はこちら""></div><!--
<div style=""width:710px; height:180px;  margin:0; overflow:hidden;"">

</div>
-->

<div style=""width: 700px; margin: 5px;"">
<img src=""http://www.rakuten.ne.jp/gold/dtc/frame/images/syouhinsetumei5.gif"" width=""700"" height=""30"">
</div>

<div style=""width:710px; height:100px; margin:0 5px; overflow:hidden;"">

</div>


<!--
<div style=""width: 700px; margin: 0 5px;"">
<img src=""http://www.rakuten.ne.jp/gold/dtc/frame/images/syouhinsetumei2.gif"" width=""700"" height=""30"">
</div>

<div style=""width:710px; height:300px;  margin:0 0 20px; overflow:hidden;"">

</div>
-->",バッファロー BSUSRC0605BS(USBシリアル変換ケーブル 0.5m/ブラックスケルトン)：ソフマップ楽天市場店,ソフマップSofmapパソコンタブレットPCHDDアセンブリパーツパソコンパーツテレビゲームブルーレイソフトDVDソフト液晶テレビブルーレイディスクレコーダーデジタル一眼レフカメラデジタルカメラ家電時計中古アウトレットiPadiPhoneバッファロー BSUSRC0605BS(USBシリアル変換ケーブル 0.5m/ブラックスケルトン),　。バッファロー BSUSRC0605BS(USBシリアル変換ケーブル 0.5m/ブラックスケルトン)[rn]
8-97235,http://tshop.r10s.jp/dtc/cabinet/20111027a/4953103269286.jpg?fitin=700:700,377.6000,,パソコン・周辺機器 > PCアクセサリー > ケーブル > USBケーブル,エレコム スマートフォン用［USB microB］ USB2.0ケーブル A⇔microB 極細 (ブラック・0.5m) U2C-AMBX05BK (U2CAMBX05BK),　,"<div style=""margin: 10px 0 ; width: 580px;""><img src=""http://image.rakuten.co.jp/dtc/cabinet/serviceban/580x40_color_kanren.gif""width=""580"" height=""40"" border=""0"" alt=""カラーバリエーション・関連製品はこちら""></div><!--
<div style=""width:710px; height:180px;  margin:0; overflow:hidden;"">

</div>
-->

<div style=""width: 700px; margin: 5px;"">
<img src=""http://www.rakuten.ne.jp/gold/dtc/frame/images/syouhinsetumei5.gif"" width=""700"" height=""30"">
</div>

<div style=""width:710px; height:100px; margin:0 5px; overflow:hidden;"">

</div>


<!--
<div style=""width: 700px; margin: 0 5px;"">
<img src=""http://www.rakuten.ne.jp/gold/dtc/frame/images/syouhinsetumei2.gif"" width=""700"" height=""30"">
</div>

<div style=""width:710px; height:300px;  margin:0 0 20px; overflow:hidden;"">

</div>
-->",エレコム スマートフォン用［USB microB］ USB2.0ケーブル A&hArr;microB 極細 (ブラック・0.5m) U2C-AMBX05BK (U2CAMBX05BK)：ソフマップ楽天市場店,ソフマップSofmapパソコンタブレットPCHDDアセンブリパーツパソコンパーツテレビゲームブルーレイソフトDVDソフト液晶テレビブルーレイディスクレコーダーデジタル一眼レフカメラデジタルカメラ家電時計中古アウトレットiPadiPhoneエレコム スマートフォン用［USB microB］ USB2.0ケーブル A&hArr;microB 極細 (ブラック・0.5m) U2C-AMBX05BK (U2CAMBX05BK),　。エレコム スマートフォン用［USB microB］ USB2.0ケーブル A&hArr;microB 極細 (ブラック・0.5m) U2C-AMBX05BK (U2CAMBX05BK)[rn]
8-97236,http://tshop.r10s.jp/dtc/cabinet/20150321r/4953103439948.jpg?fitin=700:700,260.0000,,パソコン・周辺機器 > PCアクセサリー > ケーブル > USBケーブル,エレコム 1.0m USB2.0ケーブル 【A】⇔【B】 (ホワイト) U2C-BN10WH (U2CBN10WH),　,"<table border=""0"" cellpadding=""0"" cellspacing=""0"" width=""710"" style=""line-height:140%;""><tr><td><font size=""2"">〔USB TYPE-A（オス） ⇔ USB TYPE-B（オス）：USB 2.0〕<br>パソコンに、USB（Bタイプ）のインターフェイスを持つプリンタや外付けハードディスクドライブなどの周辺機器を接続できるUSB2.0ケーブル （A to B）（1.0m・ホワイト）<br><br>■ USB（A）のインターフェイスを持つパソコンやUSBハブに、USB（B）のインターフェイスを持つプリンタや外付けハードディスクドライブなどの周辺機器を接続できる、USB2.0ケーブルです。<br>■ USB2.0規格（HI-SPEEDモード）正規認証品で、伝送速度480Mbpsの高速データ転送に対応しています。<br>■ サビなどに強く信号劣化を抑える金メッキピンを採用しています。<br>■ 外部ノイズの干渉から信号を保護する2重シールドケーブルを採用しています。<br>■ EUの「RoHS指令（電気・電子機器に対する特定有害物質の使用制限）」に準拠した、環境にやさしい製品です。<br><br></font></td></tr></table><table cellspacing=""0"" cellpadding=""4"" border=""1"" width=""710"" bordercolor=""#cccccc""><tr><td width=""180"" bgcolor=""#efefef""><font size=""2"">商品名</font></td><td width=""530""><font size=""2"">1.0m USB2.0ケーブル 【A】⇔【B】 （ホワイト） U2C-BN10WH</font></td></tr><tr><td width=""180"" bgcolor=""#efefef""><font size=""2"">型番</font></td><td width=""530""><font size=""2"">U2C-BN10WH</font></td></tr><tr><td width=""180"" bgcolor=""#efefef""><font size=""2"">ＪＡＮコード</font></td><td width=""530""><font size=""2"">4953103439948</font></td></tr><tr><td width=""180"" bgcolor=""#efefef""><font size=""2"">メーカー</font></td><td width=""530""><font size=""2"">エレコム</font></td></tr><tr><td width=""180"" bgcolor=""#efefef""><font size=""2"">メーカー希望小売価格(税抜)</font></td><td width=""530""><font size=""2"">1,030円（税抜）</font></td></tr><tr><td width=""180"" bgcolor=""#efefef""><font size=""2"">発売年月</font></td><td width=""530""><font size=""2"">2014年10月09日</font></td></tr><tr><td width=""180"" bgcolor=""#efefef""><font size=""2"">色</font></td><td width=""530""><font size=""2"">ホワイト</font></td></tr><tr><td width=""180"" bgcolor=""#efefef""><font size=""2"">ケーブル長</font></td><td width=""530""><font size=""2"">1.0m</font></td></tr><tr><td width=""180"" bgcolor=""#efefef""><font size=""2"">コネクタ形状</font></td><td width=""530""><font size=""2"">USB(A)オス - USB(B)オス</font></td></tr><tr><td width=""180"" bgcolor=""#efefef""><font size=""2"">仕様</font></td><td width=""530""><font size=""2"">■対応機種：USB(Aタイプ)端子を持つパソコン及びUSB(Bタイプ)端子を持つ機器 ■規格：USB2.0規格(HI-SPEEDモード)認証 ■対応転送速度：480Mbps(最大) ■プラグメッキ仕様：金メッキピン ■2重シールド：○ ■ツイストペアケーブル(通信線)：○</font></td></tr></table><!--
<div style=""width:710px; height:180px;  margin:0; overflow:hidden;"">

</div>
-->

<div style=""width: 700px; margin: 5px;"">
<img src=""http://www.rakuten.ne.jp/gold/dtc/frame/images/syouhinsetumei5.gif"" width=""700"" height=""30"">
</div>

<div style=""width:710px; height:100px; margin:0 5px; overflow:hidden;"">

</div>


<!--
<div style=""width: 700px; margin: 0 5px;"">
<img src=""http://www.rakuten.ne.jp/gold/dtc/frame/images/syouhinsetumei2.gif"" width=""700"" height=""30"">
</div>

<div style=""width:710px; height:300px;  margin:0 0 20px; overflow:hidden;"">

</div>
-->",エレコム 1.0m USB2.0ケーブル 【A】&hArr;【B】 (ホワイト) U2C-BN10WH (U2CBN10WH)：ソフマップ楽天市場店,ソフマップSofmapパソコンタブレットPCHDDアセンブリパーツパソコンパーツテレビゲームブルーレイソフトDVDソフト液晶テレビブルーレイディスクレコーダーデジタル一眼レフカメラデジタルカメラ家電時計中古アウトレットiPadiPhoneエレコム 1.0m USB2.0ケーブル 【A】&hArr;【B】 (ホワイト) U2C-BN10WH (U2CBN10WH),　。エレコム 1.0m USB2.0ケーブル 【A】&hArr;【B】 (ホワイト) U2C-BN10WH (U2CBN10WH)[rn]
8-97237,http://tshop.r10s.jp/dtc/cabinet/201605_04/4969887845615.jpg?fitin=700:700,2784.0000,,パソコン・周辺機器 > PCアクセサリー > ケーブル > USBケーブル,サンワサプライ 1.5m USB3.0リンクケーブル 【A】⇔【A】 ドラッグ＆ドロップ対応(ブラック) KB-USB-LINK4 (KBUSBLINK4),　,"<table border=""0"" cellpadding=""0"" cellspacing=""0"" width=""710"" style=""line-height:140%;""><tr><td><font size=""2"">〔USB TYPE-A（オス） ⇔ USB TYPE-A（オス）：USB 3.0〕<br>USB3.0の高速データ通信に対応し、2台のパソコン間をドラッグ＆ドロップの直感操作でファイル転送ができる簡単便利なUSB3.0リンクケーブル。（A to A）（1.5m・ブラック）<br><br>◆USB3.0対応で、大容量データでも素早くデータ転送できるUSB3.0リンクケーブルです。<br>※接続する2台のパソコンともUSB3.0に対応している必要があります。片方がUSB2.0ポートの場合は転送速度はUSB2.0準拠の転送スピードになります。<br>◆ドラッグ＆ドロップの直感操作で簡単にファイル転送ができます。<br>◆Mac・Windowsに対応しており、Mac同士、Windows同士のほか、MacとWindows間でもデータ転送ができます。<br>◆2台のパソコン間でマウスカーソルを自由に行き来でき、片方のパソコンでコピーしたファイルをもう片方のパソコンへマウスカーソルを移動させ、任意の場所へ貼り付けることもできます。<br>◆エクセル内やWeb上でコピーした内容をもう片方のパソコンの任意のファイル（ワードファイルなど）に貼り付けるコピー＆ペーストにも対応しています。<br>◆リンクケーブルにはローカル・リモートの接続向きはなく、どちらのパソコンからでもファイル転送、コピー＆ペーストが可能です。<br>◆2台のパソコンの位置関係を上下左右に自由に設定できます。マウスを画面端まで移動させ、そのままもう片方のパソコンにマウスが移動するようなシームレスな切替動作が可能です。<br>◆マウスカーソルをもう片方のパソコンへ移動させれば、移動先のパソコンをメイン機のマウスやキーボードで操作できます。キーボード・マウス切替器として使用することもできます。<br>◆Windows OS搭載タブレットなどキーボード・マウスを持たないパソコンとのデータ転送・操作にも最適です。<br>◆リンクケーブル内にドライバを格納しており、初めて接続したパソコンにも自動でドライバインストールができます。外出先での急な利用にもすぐにデータリンクが可能です。<br><br>＜ご注意＞<br>※セキュリティ設定やUSBポートの使用に制限がされている場合、またはアプリケーションの起動・インストールに制限がかけられている環境では本製品のドライバのインストール及び操作ができないことがあります。<br><br>【対応機種】<br>Windows搭載（DOS/V）パソコン、Apple Macシリーズ<br>※USBポートを持ち、パソコン本体メーカーがUSBポートの動作を保証している機種。<br>※USB3.0の環境で動作させるためにはパソコン本体にUSB3.0ポートが必要であり、接続する2台のパソコンともにUSB3.0ポートに接続する必要があります。<br>※パソコン・USB機器により対応できないものもあります。<br><br>【対応OS】<br>・Windows 8.1（64・32bit）、8（64・32bit）、7（64・32bit）、Vista（64・32bit）、XP（USB2.0モード対応/USB3.0モード非対応）　※Windows RTには対応していません。<br>・Mac OS X 10.6、10.7、10.8、10.9<br><br></font></td></tr></table><!--
<div style=""width:710px; height:180px;  margin:0; overflow:hidden;"">

</div>
-->

<div style=""width: 700px; margin: 5px;"">
<img src=""http://www.rakuten.ne.jp/gold/dtc/frame/images/syouhinsetumei5.gif"" width=""700"" height=""30"">
</div>

<div style=""width:710px; height:100px; margin:0 5px; overflow:hidden;"">

</div>


<!--
<div style=""width: 700px; margin: 0 5px;"">
<img src=""http://www.rakuten.ne.jp/gold/dtc/frame/images/syouhinsetumei2.gif"" width=""700"" height=""30"">
</div>

<div style=""width:710px; height:300px;  margin:0 0 20px; overflow:hidden;"">

</div>
-->",サンワサプライ 1.5m USB3.0リンクケーブル 【A】&hArr;【A】 ドラッグ＆ドロップ対応(ブラック) KB-USB-LINK4 (KBUSBLINK4)：ソフマップ楽天市場店,ソフマップSofmapパソコンタブレットPCHDDアセンブリパーツパソコンパーツテレビゲームブルーレイソフトDVDソフト液晶テレビブルーレイディスクレコーダーデジタル一眼レフカメラデジタルカメラ家電時計中古アウトレットiPadiPhoneサンワサプライ 1.5m USB3.0リンクケーブル 【A】&hArr;【A】 ドラッグ＆ドロップ対応(ブラック) KB-USB-LINK4 (KBUSBLINK4),　。サンワサプライ 1.5m USB3.0リンクケーブル 【A】&hArr;【A】 ドラッグ＆ドロップ対応(ブラック) KB-USB-LINK4 (KBUSBLINK4)[rn]
8-97238,http://tshop.r10s.jp/akibamac/cabinet/03950460/4957792741115.jpg?fitin=700:700,867.2000,,パソコン・周辺機器 > PCアクセサリー > ケーブル > USBケーブル,キヤノンIFC-USB/18(5108A008/USBケーブル 1.8m),,"<table border=""0"" cellpadding=""0"" cellspacing=""0"" width=""710"" style=""line-height:140%;""><tr><td><font size=""2"">■対応機種<br>LBP5910F, LBP5910, LBP5610, LBP9600C, LBP9500C, LBP9100C, LBP5900SE, LBP5600SE, LBP5900, LBP5600, LBP7700C, LBP5400, LBP5300, LBP5200, LBP7200C, LBP7200CN, LBP5100, LBP5050N, LBP5050, LBP5000, LBP-1910, LBP8630/8620/8610, LBP3980, LBP3970, LBP3950, LBP3930, LBP3920, LBP3910, LBP3900, LBP3800, LBP3500, LBP6700, LBP-1820, LBP-1420, LBP-1310, LBP3410, LBP6300, LBP6200, LBP3310, LBP3300, LBP3210, LBP3100, LBP3000B/LBP3000, LBP-350<br>最新の対応機種情報はメーカーホームページをご参照ください<br><br></font></td></tr></table><table cellspacing=""0"" cellpadding=""4"" border=""1"" width=""710"" bordercolor=""#cccccc""><tr><td width=""180"" bgcolor=""#efefef""><font size=""2"">タイプ</font></td><td width=""530""><font size=""2"">USBケーブル</font></td></tr><tr><td width=""180"" bgcolor=""#efefef""><font size=""2"">対応OS</font></td><td width=""530""><font size=""2"">Windows 98/Me/2000/XP,Mac OS 8.1以降</font></td></tr><tr><td width=""180"" bgcolor=""#efefef""><font size=""2"">備考１</font></td><td width=""530""><font size=""2"">対応プリンタ：PIXUS iPシリーズ,PIXUS iX5000/470PD/475PD/900PD/865R,PIXUS iシリーズ,BJ 535PD/895PD/S200/S300/S330/S500/S530/S600/S630/S6300/S700/F210/F300/F360/F610/F620/F660/F660V/F6100/F6600/F850/F860/F870/F870PD/F890/F890PD/F900/F930/F9000/M40/M70,PIXUS MPシリーズ</font></td></tr><tr><td width=""180"" bgcolor=""#efefef""><font size=""2"">備考2</font></td><td width=""530""><font size=""2"">コネクタ形状：USB TypeA－USB TypeB,ケーブル長：1.8m</font></td></tr></table><style type=""text/css"">
<!--
.rakuten-camp {
	width: 725px;
	border: 2px solid #3399FF;
	padding-top: 5px;
	-moz-border-radius:4px; /*Firefox*/
	-webkit-border-radius: 4px; /*Safari,Chrome*/
	border-radius:4px; /*Opera,Chrome*/
	margin:0 10px 10px 0;
}

/* 価格に枠線がつく */
table#rakutenLimitedId_cart {
    background-color: #f8f8f8;
    border: 1px solid #ddd;
    padding: 8px;
    margin: 16px 0;
}

span.price1 {
    color: #333 !important;
    font-weight: bold;
    font-size: 80% !important;
    line-height: 30px;
    display: inline-block;
    margin-right: 16px;
}

-->
</style>

<!--バナーエリア-->

<!--【消すな！】★★★ height=""380"" で設定してください。★★★-->
<!--バナーエリアここまで-->

<!--楽天キャンペーン-->

<h2 style=""margin:20px 0 10px 0;""><img src=""http://www.rakuten.ne.jp/gold/akibamac/frame/images/rakuten_title2.gif"" alt=""楽天市場のお得なキャンペーン"" width=""730"" height=""42"" border=""0""></h2>
<div class=""rakuten-camp"" style=""margin:0 0 0 0;"">


<!--楽天キャンペーン@ここまで-->",キヤノンIFC-USB/18(5108A008/USBケーブル 1.8m)：ソフマップ　デジタルコレクション,ソフマップ デジタルコレクションSofmap Digital CollectionパソコンタブレットPCHDDアセンブリパーツパソコンパーツテレビゲームブルーレイソフトDVDソフト液晶テレビブルーレイディスクレコーダーデジタル一眼レフカメラデジタルカメラ家電時計中古　ソフトアウトレット中古ノートパソコン中古パソコンキヤノンIFC-USB/18(5108A008/USBケーブル 1.8m),キヤノンIFC-USB/18(5108A008/USBケーブル 1.8m)[rn]
8-97239,http://tshop.r10s.jp/edion/cabinet/goods/ll/img_135/4953103481640_ll.jpg?fitin=700:700,1719.2000,,パソコン・周辺機器 > PCアクセサリー > ケーブル > USBケーブル,エレコム USB3．1ケーブル(Type-C-TypeC) 1．0m ブラック USB3-CC5P10NBK [USB3CC5P10NBK],,"<style type>img {    border: none;}#CenterCntBoxDowble {    float: right;    margin: 0;    padding: 0;    text-align: left;    vertical-align: top;    width: 720px;}.GoodsSpecTitle2{    background-image: url(""http://image.rakuten.co.jp/edion/cabinet/parts/dtitle_goods2.gif"");    background-repeat: no-repeat;    font-size: 100%;    margin: 0;    padding: 7px 11px 0;    max-height: 80px;    min-height: 25px;}.GoodsSpecTitleEnd {    background-image: url(""http://image.rakuten.co.jp/edion/cabinet/parts/dtitle_goodsend.gif"");    background-position: left bottom;    background-repeat: no-repeat;    height: 10px;    margin: 0px 0 10px;}.GoodsSpecTitle2 h3 {    color: #FFFFFF;    font-size: 108%;    max-height: 70px;    min-height: 24px;}h3 {    margin: 0;    padding: 0;}span.tax {    color: #666666;    font-size: 70%;}.RelationTable {    margin: 0 0 10px;    padding: 0;}td.Cell {    background-color: #FFFFFF;    font-size: 100%;    font-weight: normal;    padding: 2px 40px 0 0;    text-align: left;    vertical-align: top;    width: 150px;}.DispListCmt {    font-size: 10px;    line-height: 1.4em;    margin: 0;    padding: 2px 0 7px;}.RelationListImg img {    border: 1px solid #CCCCCC;    margin: 0 0 10px;    text-align: left;    vertical-align: top;}.DispName {    background-image: url(""http://image.rakuten.co.jp/edion/cabinet/parts/ico_goods.gif"");    background-repeat: no-repeat;    font-size: 80%;    line-height: 1.2em;    margin: 0 0 5px;    padding: 0 0 0 11px;}.RelationTable td.CellEnd {    background-color: #FFFFFF;    font-size: 100%;    font-weight: normal;    padding: 0 0 20px;    text-align: left;    vertical-align: top;    width: 150px;}.PriceBlk {    background-image: url(""http://image.rakuten.co.jp/edion/cabinet/parts/underline_l.gif"");    background-position: left bottom;    background-repeat: no-repeat;    color: #000000;    font-size: 100%;    margin: 0;    padding: 3px 0 2px;    vertical-align: top;}.GoodsSpecBox {    font-size: 100%;    line-height: 1.6;    margin: 0 0 30px;    padding: 0;    width: 720px;}#PageLink {    vertical-align: top;    text-align: right;    padding: 0px 30px;    margin: 0px 0px 10px 0px;    width: 690px;}</style><div class=""GoodsSpecTitle2""><h3>[エレコム USB3．1ケーブル(Type-C-TypeC) 1．0m USB3-CC5P10NBK]の商品説明</h3></div><div class=""GoodsSpecTitleEnd""></div><div class=""GoodsSpecBox"">●USB Type-Cを搭載しているパソコンなどに、USB Type-Cを搭載している機器を接続し、充電やデータ転送ができるUSB3.1ケーブルです。<br>●USB3.1の規格である「Certified SUPERSPEED+ USB(USB3.1)」の正規認証品です。<br>●新規格のUSB Type-Cコネクタは、ウラ、オモテに関係なくケーブルを挿し込めます。<br>●USB PD(Power-Delivery)対応により、最大20V/5Aの大電流で接続機器への給電が可能です。<br>　※接続する機器がPD対応である必要があります。<br>　※ご使用になるパソコンなどの性能によって、供給される電流値が異なります。<br>●最大10Gbpsの超高速データ転送が可能です。<br>●細線同軸を採用することにより、細くてしなやかな、取り回しのしやすいケーブルを実現しました。<br>●難燃性の素材を使用し、安全性を高めています。<br>●外部ノイズの干渉から信号を保護する3重シールドケーブルを採用しています。<br>●サビなどに強く信号劣化を抑える金メッキピンを採用しています。<br>●Macbook(2015春)の充電ケーブルとして使用可能です。(Macbook本体に添付の「Apple 29W USB-C電源アダプタ」と本ケーブルを接続し、Macbook本体が充電できることを確認済み。)<br>●EUの「RoHS指令(電子・電子機器に対する特定有害物質の使用制限)」に準拠した環境にやさしい製品です。</div><div class=""GoodsSpecTitle2""><h3>[エレコム USB3．1ケーブル(Type-C-TypeC) 1．0m USB3-CC5P10NBK]のスペック</h3></div><div class=""GoodsSpecTitleEnd""></div><div class=""GoodsSpecBox"">●コネクタ形状：USB Type-Cオス-USB Type-Cオス<br>●対応機種：USB Type-C端子搭載のパソコン及びUSB Type-C端子搭載のパソコン周辺機器<br>●ケーブル長：1.0m ※コネクタ含む<br>●ケーブル太さ：4.6mm<br>●規格：USB3.1規格正規認証品<br>●対応転送速度：最大10Gbps ※理論値<br>●パワーデリバリー対応：○<br>●プラグメッキ仕様：金メッキピン<br>●シールド方法：3重シールド<br>●ツイストペアケーブル(通信線)：○<br>●パッケージ形態：PET箱+紙台紙</div></div><div id=""PageLink""><img height=""13"" width=""101"" alt=""このページのトップへ"" src=""http://image.rakuten.co.jp/edion/cabinet/02422072/etc/qa/btn_pagetop.gif""></div><style type>
img {
border-style: none;
}
</style>
<center>
<table width=100%>
	<tr>
		<td width=100% align=center>
			<font size=2>おしらせ</font>
		</td>
	</tr>
	<tr>
		<td width=100% align=center>


<div style=""color: #000000; width:100%; height: 28px; font-weight: bold; font-size: 15px; border: 1px solid #C0C0C0; text-align:center; background-color: #FFFFFF; padding: 7px 0 0;"">
				
							<font size=3 color=blue><b>宅急便（ヤマト運輸様）の「配達時間帯の指定枠」の変更について</b></font>
				</div>


<div style=""color: #000000; width:100%; height: 28px; font-weight: bold; font-size: 15px; border: 1px solid #C0C0C0; text-align:center; background-color: #FFFFFF; padding: 7px 0 0;"">
				
							<font size=2><b>楽天市場の検索・楽天プロダクトの『在庫あり』表記について</b></font>
				</div>



<div style=""color: #000000; width:100%; height: 28px; font-weight: bold; font-size: 15px; border: 1px solid #C0C0C0; text-align:center; background-color: #FFFFFF; padding: 7px 0 0;"">
				
							<font size=2><b>商品のお届け時期・出荷（目安）表示について</b></font>
				</div>




				<table>
				<tr>
				<td hight=""2"">
				</td>
				</tr>
				</table>



<div style=""width: 690px; margin: 0pt; text-align:center;"">
					
					<img alt=""期間限定！映像ソフト３００円均一特集！！"" src=""http://image.rakuten.co.jp/edion/cabinet/02422072/etc/05101693/imgrc0068065427.jpg"" style=""width: 580px; height: 191px; margin: 0pt;"" />
					</div>
				<table>
				<tr>
				<td hight=""2"">
				</td>
				</tr>
				</table>




<div style=""width: 690px; margin: 0pt; text-align:center;"">
					
					<img alt=""スーパーポイントアッププログラム　各種サービスご利用でいつでも毎日ポイント7倍"" src=""http://image.rakuten.co.jp/edion/cabinet/02422072/etc/03786972/imgrc0065944519.jpg"" style=""width: 468px; height: 60px; margin: 0pt;"" />
					</div>
				<table>
				<tr>
				<td hight=""2"">
				</td>
				</tr>
				</table>




<div style=""width: 690px; margin: 0pt; text-align:center;"">
					
					<img alt=""『初めてのお買い物で1,000円分ポイントプレゼント！』"" src=""http://image.rakuten.co.jp/edion/cabinet/02422072/etc/05101693/imgrc0067699606.jpg"" style=""width: 468px; height: 60px; margin: 0pt;"" />
					</div>
				<table>
				<tr>
				<td hight=""2"">
				</td>
				</tr>
				</table>




<div style=""width: 690px; margin: 0pt; text-align:center;"">
					
					<img alt=""『【2016年12月】楽天ウェブ検索利用でポイント10倍プレゼント』"" src=""http://image.rakuten.co.jp/edion/cabinet/02422072/etc/05101693/imgrc0067545172.jpg"" style=""width: 468px; height: 60px; margin: 0pt;"" />
					</div>
				<table>
				<tr>
				<td hight=""2"">
				</td>
				</tr>
				</table>

<div style=""width: 690px; margin: 0pt; text-align:center;"">
					
					<img alt=""『【2016年12月】楽天ウェブ検索利用でポイント+0.5倍』"" src=""http://image.rakuten.co.jp/edion/cabinet/02422072/etc/05101693/imgrc0067545150.jpg"" style=""width: 468px; height: 60px; margin: 0pt;"" />
					</div>
				<table>
				<tr>
				<td hight=""2"">
				</td>
				</tr>
				</table>


<div style=""width: 690px; margin: 0pt; text-align:center;"">
					
					<img alt=""楽天カード新規入会で2,000ポイント！さらにすぐに使える1,000円クーポンプレゼント！"" src=""http://image.rakuten.co.jp/edion/cabinet/02422072/etc/top/img59904332.gif"" style=""width: 468px; height: 60px; margin: 0pt;"" />
					</div>
				<table>
				<tr>
				<td hight=""2"">
				</td>
				</tr>
				</table>



			</div>
		</td>
	</tr>
</table>


<table>
<tr>
<td hight=""2"">
</td>
</tr>
</table>",エレコム USB3．1ケーブル(Type-C-TypeC) 1．0m ブラック USB3-CC5P10NBK [USB3CC5P10NBK]：エディオン　楽天市場店,エレコム USB3．1ケーブル(Type-C-TypeC) 1．0m ブラック USB3-CC5P10NBK [USB3CC5P10NBK],エレコム USB3．1ケーブル(Type-C-TypeC) 1．0m ブラック USB3-CC5P10NBK [USB3CC5P10NBK][rn]
8-97240,http://tshop.r10s.jp/edion/cabinet/goods/ll/img_063/4953103632509_ll.jpg?fitin=700:700,694.4000,,パソコン・周辺機器 > PCアクセサリー > ケーブル > USBケーブル,エレコム 極細USB3．0延長ケーブル(A-A) 1．0m ホワイト USB3-EX10WH [USB3EX10WH],,"<style type>img {    border: none;}#CenterCntBoxDowble {    float: right;    margin: 0;    padding: 0;    text-align: left;    vertical-align: top;    width: 720px;}.GoodsSpecTitle2{    background-image: url(""http://image.rakuten.co.jp/edion/cabinet/parts/dtitle_goods2.gif"");    background-repeat: no-repeat;    font-size: 100%;    margin: 0;    padding: 7px 11px 0;    max-height: 80px;    min-height: 25px;    width: 734px;}.GoodsSpecTitleEnd {    background-image: url(""http://image.rakuten.co.jp/edion/cabinet/parts/dtitle_goodsend.gif"");    background-position: left bottom;    background-repeat: no-repeat;    height: 10px;    margin: 0px 0 10px;}.GoodsSpecTitle2 h3 {    color: #FFFFFF;    font-size: 108%;    max-height: 70px;    min-height: 24px;}h3 {    margin: 0;    padding: 0;}span.tax {    color: #666666;    font-size: 70%;}.RelationTable {    margin: 0 0 10px;    padding: 0;}td.Cell {    background-color: #FFFFFF;    font-size: 100%;    font-weight: normal;    padding: 2px 40px 0 0;    text-align: left;    vertical-align: top;    width: 150px;}.DispListCmt {    font-size: 10px;    line-height: 1.4em;    margin: 0;    padding: 2px 0 7px;}.RelationListImg img {    border: 1px solid #CCCCCC;    margin: 0 0 10px;    text-align: left;    vertical-align: top;}.DispName {    background-image: url(""http://image.rakuten.co.jp/edion/cabinet/parts/ico_goods.gif"");    background-repeat: no-repeat;    font-size: 80%;    line-height: 1.2em;    margin: 0 0 5px;    padding: 0 0 0 11px;}.RelationTable td.CellEnd {    background-color: #FFFFFF;    font-size: 100%;    font-weight: normal;    padding: 0 0 20px;    text-align: left;    vertical-align: top;    width: 150px;}.PriceBlk {    background-image: url(""http://image.rakuten.co.jp/edion/cabinet/parts/underline_l.gif"");    background-position: left bottom;    background-repeat: no-repeat;    color: #000000;    font-size: 100%;    margin: 0;    padding: 3px 0 2px;    vertical-align: top;}.GoodsSpecBox {    font-size: 95%;    line-height: 1.6;    margin: 0 0 30px;    padding: 0;}#PageLink {    vertical-align: top;    text-align: right;    padding: 0px 30px;    margin: 0px 0px 10px 0px;}</style><div class=""GoodsSpecTitle2""><h3>[エレコム 極細USB3．0延長ケーブル(A-A) 1．0m  USB3-EX10WH] の商品説明</h3></div><div class=""GoodsSpecTitleEnd""></div><div class=""GoodsSpecBox"">●USB3.0(Aタイプ:オス)のインターフェースを持つ周辺機器のUSBケーブルの長さが足りないときに、延長してパソコンと接続できるUSB3.0延長ケーブルです。<br>●直径4.0mmと、細くてとりまわしの良い極細ケーブルを使用しています。<br>●USB3.0規格に準拠した5Gbpsの高速データ転送に対応しています。<br>●サビなどに強く信号劣化を抑える金メッキピンコネクタを採用しています。<br>●外部ノイズの干渉から信号を保護する2重シールドケーブルを採用しています。<br>●EUの「RoHS指令(電子・電子機器に対する特定有害物質の使用制限)」に準拠した環境にやさしい製品です。</div><div class=""GoodsSpecTitle2""><h3>[エレコム 極細USB3．0延長ケーブル(A-A) 1．0m  USB3-EX10WH]のスペック</h3></div><div class=""GoodsSpecTitleEnd""></div><div class=""GoodsSpecBox"">●コネクタ形状：USB3.0(Standard-A)オス-USB3.0(Standard-A)メス <br>●対応機種：USB3.0(Aタイプ)端子搭載のパソコン及びUSB3.0(Aメスタイプ)端子搭載のパソコン周辺機器 <br>●ケーブル長：1.0m <br>●規格：USB3.0準拠 <br>●対応転送速度：最大5Gbps ※理論値 <br>●プラグメッキ仕様：金メッキピン・金メッキコネクタ <br>●シールド方法：2重シールド <br>●ツイストペアケーブル(通信線)：○</div></div><div id=""PageLink""><img height=""13"" width=""101"" alt=""このページのトップへ"" src=""http://image.rakuten.co.jp/edion/cabinet/02422072/etc/qa/btn_pagetop.gif""></div><style type>
img {
border-style: none;
}
</style>
<center>
<table width=100%>
	<tr>
		<td width=100% align=center>
			<font size=2>おしらせ</font>
		</td>
	</tr>
	<tr>
		<td width=100% align=center>


<div style=""color: #000000; width:100%; height: 28px; font-weight: bold; font-size: 15px; border: 1px solid #C0C0C0; text-align:center; background-color: #FFFFFF; padding: 7px 0 0;"">
				
							<font size=3 color=blue><b>宅急便（ヤマト運輸様）の「配達時間帯の指定枠」の変更について</b></font>
				</div>


<div style=""color: #000000; width:100%; height: 28px; font-weight: bold; font-size: 15px; border: 1px solid #C0C0C0; text-align:center; background-color: #FFFFFF; padding: 7px 0 0;"">
				
							<font size=2><b>楽天市場の検索・楽天プロダクトの『在庫あり』表記について</b></font>
				</div>



<div style=""color: #000000; width:100%; height: 28px; font-weight: bold; font-size: 15px; border: 1px solid #C0C0C0; text-align:center; background-color: #FFFFFF; padding: 7px 0 0;"">
				
							<font size=2><b>商品のお届け時期・出荷（目安）表示について</b></font>
				</div>




				<table>
				<tr>
				<td hight=""2"">
				</td>
				</tr>
				</table>



<div style=""width: 690px; margin: 0pt; text-align:center;"">
					
					<img alt=""期間限定！映像ソフト３００円均一特集！！"" src=""http://image.rakuten.co.jp/edion/cabinet/02422072/etc/05101693/imgrc0068065427.jpg"" style=""width: 580px; height: 191px; margin: 0pt;"" />
					</div>
				<table>
				<tr>
				<td hight=""2"">
				</td>
				</tr>
				</table>




<div style=""width: 690px; margin: 0pt; text-align:center;"">
					
					<img alt=""スーパーポイントアッププログラム　各種サービスご利用でいつでも毎日ポイント7倍"" src=""http://image.rakuten.co.jp/edion/cabinet/02422072/etc/03786972/imgrc0065944519.jpg"" style=""width: 468px; height: 60px; margin: 0pt;"" />
					</div>
				<table>
				<tr>
				<td hight=""2"">
				</td>
				</tr>
				</table>




<div style=""width: 690px; margin: 0pt; text-align:center;"">
					
					<img alt=""『初めてのお買い物で1,000円分ポイントプレゼント！』"" src=""http://image.rakuten.co.jp/edion/cabinet/02422072/etc/05101693/imgrc0067699606.jpg"" style=""width: 468px; height: 60px; margin: 0pt;"" />
					</div>
				<table>
				<tr>
				<td hight=""2"">
				</td>
				</tr>
				</table>




<div style=""width: 690px; margin: 0pt; text-align:center;"">
					
					<img alt=""『【2016年12月】楽天ウェブ検索利用でポイント10倍プレゼント』"" src=""http://image.rakuten.co.jp/edion/cabinet/02422072/etc/05101693/imgrc0067545172.jpg"" style=""width: 468px; height: 60px; margin: 0pt;"" />
					</div>
				<table>
				<tr>
				<td hight=""2"">
				</td>
				</tr>
				</table>

<div style=""width: 690px; margin: 0pt; text-align:center;"">
					
					<img alt=""『【2016年12月】楽天ウェブ検索利用でポイント+0.5倍』"" src=""http://image.rakuten.co.jp/edion/cabinet/02422072/etc/05101693/imgrc0067545150.jpg"" style=""width: 468px; height: 60px; margin: 0pt;"" />
					</div>
				<table>
				<tr>
				<td hight=""2"">
				</td>
				</tr>
				</table>


<div style=""width: 690px; margin: 0pt; text-align:center;"">
					
					<img alt=""楽天カード新規入会で2,000ポイント！さらにすぐに使える1,000円クーポンプレゼント！"" src=""http://image.rakuten.co.jp/edion/cabinet/02422072/etc/top/img59904332.gif"" style=""width: 468px; height: 60px; margin: 0pt;"" />
					</div>
				<table>
				<tr>
				<td hight=""2"">
				</td>
				</tr>
				</table>



			</div>
		</td>
	</tr>
</table>


<table>
<tr>
<td hight=""2"">
</td>
</tr>
</table>",エレコム 極細USB3．0延長ケーブル(A-A) 1．0m ホワイト USB3-EX10WH [USB3EX10WH]：エディオン　楽天市場店,エレコム 極細USB3．0延長ケーブル(A-A) 1．0m ホワイト USB3-EX10WH [USB3EX10WH],エレコム 極細USB3．0延長ケーブル(A-A) 1．0m ホワイト USB3-EX10WH [USB3EX10WH][rn]
8-97241,http://tshop.r10s.jp/akibamac/cabinet/03183971/4582387106156.jpg?fitin=700:700,5288.0000,,パソコン・周辺機器 > PCアクセサリー > ケーブル > USBケーブル,【送料無料】オヤイデ電気 オーディオ用USB2.0ケーブル【A】⇔【B】(5.0m) d+USB class B 5.0 (D+USBCLASSB5.0),,"<br><table border=""0"" cellpadding=""0"" cellspacing=""0"" width=""710"" style=""line-height:140%;""><tr><td><font size=""2"">◆d+USBシリーズは現在大幅にシェアが拡大しているPC環境を中心とする次世代のサウンドツールに向けたハイクオリティーUSBケーブル設計コンセプトからDJやミュージシャンなどのライブパフォーマンスというシビアな環境化とPCオーディオなどのリスニング環境も考慮したこのケーブルは、データ転送という環境下だからこそ、アーティストとリスナーの壁を越え、すべての人々に最良のダイレクトサウンドを届けます。<br><br></font></td></tr></table><table cellspacing=""0"" cellpadding=""4"" border=""1"" width=""710"" bordercolor=""#cccccc""><tr><td width=""180"" bgcolor=""#efefef""><font size=""2"">コネクタ形状</font></td><td width=""530""><font size=""2"">USB Type A-USB Type B</font></td></tr><tr><td width=""180"" bgcolor=""#efefef""><font size=""2"">ケーブル長</font></td><td width=""530""><font size=""2"">5m</font></td></tr></table><style type=""text/css"">
<!--
.rakuten-camp {
	width: 725px;
	border: 2px solid #3399FF;
	padding-top: 5px;
	-moz-border-radius:4px; /*Firefox*/
	-webkit-border-radius: 4px; /*Safari,Chrome*/
	border-radius:4px; /*Opera,Chrome*/
	margin:0 10px 10px 0;
}

/* 価格に枠線がつく */
table#rakutenLimitedId_cart {
    background-color: #f8f8f8;
    border: 1px solid #ddd;
    padding: 8px;
    margin: 16px 0;
}

span.price1 {
    color: #333 !important;
    font-weight: bold;
    font-size: 80% !important;
    line-height: 30px;
    display: inline-block;
    margin-right: 16px;
}

-->
</style>

<!--バナーエリア-->

<!--【消すな！】★★★ height=""380"" で設定してください。★★★-->
<!--バナーエリアここまで-->

<!--楽天キャンペーン-->

<h2 style=""margin:20px 0 10px 0;""><img src=""http://www.rakuten.ne.jp/gold/akibamac/frame/images/rakuten_title2.gif"" alt=""楽天市場のお得なキャンペーン"" width=""730"" height=""42"" border=""0""></h2>
<div class=""rakuten-camp"" style=""margin:0 0 0 0;"">


<!--楽天キャンペーン@ここまで-->",【送料無料】オヤイデ電気 オーディオ用USB2.0ケーブル【A】&hArr;【B】(5.0m) d+USB class B 5.0 (D+USBCLASSB5.0)：ソフマップ　デジタルコレクション,ソフマップ デジタルコレクションSofmap Digital CollectionパソコンタブレットPCHDDアセンブリパーツパソコンパーツテレビゲームブルーレイソフトDVDソフト液晶テレビブルーレイディスクレコーダーデジタル一眼レフカメラデジタルカメラ家電時計中古　ソフトアウトレット中古ノートパソコン中古パソコン【送料無料】オヤイデ電気 オーディオ用USB2.0ケーブル【A】&hArr;【B】(5.0m) d+USB class B 5.0 (D+USBCLASSB5.0),【送料無料】オヤイデ電気 オーディオ用USB2.0ケーブル【A】&hArr;【B】(5.0m) d+USB class B 5.0 (D+USBCLASSB5.0)[rn]
8-97242,http://tshop.r10s.jp/akibamac/cabinet/04525799/4958892018114.jpg?fitin=700:700,7008.0000,,パソコン・周辺機器 > PCアクセサリー > ケーブル > USBケーブル,【送料無料】SAEC(サエクコマース)SUS-380(2.0m) USBケ-ブル SUS3802.0M,,"<table border=""0"" cellpadding=""0"" cellspacing=""0"" width=""710"" style=""line-height:140%;""><tr><td><font size=""2"">SAEC新製品SUS-380は、話題の新導体PC-Triple C導体を採用し、コストパフォーマンスを追求した高品質なUSBケーブルです。独自の連続鍛造伸延技術により、信号の伝送を妨げる結晶粒界を極力減らし、結晶を長手方向に連続化させることにより、優れた導通性能を実現したPC-Triple C。導体抵抗を減らすことにより低域から高域までストレスなく音を伝え、低ノイズでより一層S/Nの良いクリアでワイドレンジな特性を実現しました。話題のハイレゾ再生に最適なUSBケーブルの登場です。<br><br></font></td></tr></table><table cellspacing=""0"" cellpadding=""4"" border=""1"" width=""710"" bordercolor=""#cccccc""><tr><td width=""180"" bgcolor=""#efefef""><font size=""2"">型番</font></td><td width=""530""><font size=""2"">SUS3802.0M</font></td></tr><tr><td width=""180"" bgcolor=""#efefef""><font size=""2"">ＪＡＮコード</font></td><td width=""530""><font size=""2"">4958892018114</font></td></tr><tr><td width=""180"" bgcolor=""#efefef""><font size=""2"">メーカー</font></td><td width=""530""><font size=""2"">ＳＡＥＣサエクコマース</font></td></tr><tr><td width=""180"" bgcolor=""#efefef""><font size=""2"">メーカー希望小売価格(税抜)</font></td><td width=""530""><font size=""2"">11 300円（税抜）</font></font></td></tr><tr><td width=""180"" bgcolor=""#efefef""><font size=""2"">発売年月</font></td><td width=""530""><font size=""2"">2014年12月20日</font></td></tr></table><style type=""text/css"">
<!--
.rakuten-camp {
	width: 725px;
	border: 2px solid #3399FF;
	padding-top: 5px;
	-moz-border-radius:4px; /*Firefox*/
	-webkit-border-radius: 4px; /*Safari,Chrome*/
	border-radius:4px; /*Opera,Chrome*/
	margin:0 10px 10px 0;
}

/* 価格に枠線がつく */
table#rakutenLimitedId_cart {
    background-color: #f8f8f8;
    border: 1px solid #ddd;
    padding: 8px;
    margin: 16px 0;
}

span.price1 {
    color: #333 !important;
    font-weight: bold;
    font-size: 80% !important;
    line-height: 30px;
    display: inline-block;
    margin-right: 16px;
}

-->
</style>

<!--バナーエリア-->

<!--【消すな！】★★★ height=""380"" で設定してください。★★★-->
<!--バナーエリアここまで-->

<!--楽天キャンペーン-->

<h2 style=""margin:20px 0 10px 0;""><img src=""http://www.rakuten.ne.jp/gold/akibamac/frame/images/rakuten_title2.gif"" alt=""楽天市場のお得なキャンペーン"" width=""730"" height=""42"" border=""0""></h2>
<div class=""rakuten-camp"" style=""margin:0 0 0 0;"">


<!--楽天キャンペーン@ここまで-->",【送料無料】SAEC(サエクコマース)SUS-380(2.0m) USBケ-ブル SUS3802.0M：ソフマップ　デジタルコレクション,ソフマップ デジタルコレクションSofmap Digital CollectionパソコンタブレットPCHDDアセンブリパーツパソコンパーツテレビゲームブルーレイソフトDVDソフト液晶テレビブルーレイディスクレコーダーデジタル一眼レフカメラデジタルカメラ家電時計中古　ソフトアウトレット中古ノートパソコン中古パソコン【送料無料】SAEC(サエクコマース)SUS-380(2.0m) USBケ-ブル SUS3802.0M,【送料無料】SAEC(サエクコマース)SUS-380(2.0m) USBケ-ブル SUS3802.0M[rn]
8-97243,http://tshop.r10s.jp/akibamac/cabinet/03234013/4961310125691.jpg?fitin=700:700,4104.0000,,パソコン・周辺機器 > PCアクセサリー > ケーブル > USBケーブル,【送料無料】オーディオテクニカAT-EUS1000mn/0.7 USBケーブル (USB(A)-USB(miniB)) (ATEUS1000MN0.7),,"<table border=""0"" cellpadding=""0"" cellspacing=""0"" width=""710"" style=""line-height:140%;""><tr><td><font size=""2"">■PC内にあるハイレゾ音源などを高品位伝送<br>■音質を重視したOFC導体を採用<br>■高信頼性金メッキコンタクトにより接点ロスを改善<br>■銅テープシールド＋OFC編組シールドでノイズを低減<br>■ケーブルはUSB2.0相当<br>■「ハネナイト（※1）」と「ハイブラー（※2）」を組み合わせたハイブリッドインシュレーションシステムで、音の雑味となる不要振動を抑制<br><br>※1：衝撃を受けてもほとんど反発せず振動吸収性に優れた素材です。<br>※2：ゴム弾性があり、高い制振性能を発揮します。<br><br>【製品仕様】<br>重量：42g<br>最大転送速度：480Mbps<br>端子処理：金メッキ<br>端子形状：USB端子（TypeA）、USB端子（miniB）<br><br></font></td></tr></table><table cellspacing=""0"" cellpadding=""4"" border=""1"" width=""710"" bordercolor=""#cccccc""><tr><td width=""180"" bgcolor=""#efefef""><font size=""2"">タイプ</font></td><td width=""530""><font size=""2"">USB2.0ケーブル</font></td></tr><tr><td width=""180"" bgcolor=""#efefef""><font size=""2"">コネクタ形状</font></td><td width=""530""><font size=""2"">USB miniB（オス）-USB TypeA（オス）</font></td></tr><tr><td width=""180"" bgcolor=""#efefef""><font size=""2"">ケーブル長</font></td><td width=""530""><font size=""2"">0.7m</font></td></tr><tr><td width=""180"" bgcolor=""#efefef""><font size=""2"">特長</font></td><td width=""530""><font size=""2"">金メッキ</font></td></tr></table><style type=""text/css"">
<!--
.rakuten-camp {
	width: 725px;
	border: 2px solid #3399FF;
	padding-top: 5px;
	-moz-border-radius:4px; /*Firefox*/
	-webkit-border-radius: 4px; /*Safari,Chrome*/
	border-radius:4px; /*Opera,Chrome*/
	margin:0 10px 10px 0;
}

/* 価格に枠線がつく */
table#rakutenLimitedId_cart {
    background-color: #f8f8f8;
    border: 1px solid #ddd;
    padding: 8px;
    margin: 16px 0;
}

span.price1 {
    color: #333 !important;
    font-weight: bold;
    font-size: 80% !important;
    line-height: 30px;
    display: inline-block;
    margin-right: 16px;
}

-->
</style>

<!--バナーエリア-->

<!--【消すな！】★★★ height=""380"" で設定してください。★★★-->
<!--バナーエリアここまで-->

<!--楽天キャンペーン-->

<h2 style=""margin:20px 0 10px 0;""><img src=""http://www.rakuten.ne.jp/gold/akibamac/frame/images/rakuten_title2.gif"" alt=""楽天市場のお得なキャンペーン"" width=""730"" height=""42"" border=""0""></h2>
<div class=""rakuten-camp"" style=""margin:0 0 0 0;"">


<!--楽天キャンペーン@ここまで-->",【送料無料】オーディオテクニカAT-EUS1000mn/0.7 USBケーブル (USB(A)-USB(miniB)) (ATEUS1000MN0.7)：ソフマップ　デジタルコレクション,ソフマップ デジタルコレクションSofmap Digital CollectionパソコンタブレットPCHDDアセンブリパーツパソコンパーツテレビゲームブルーレイソフトDVDソフト液晶テレビブルーレイディスクレコーダーデジタル一眼レフカメラデジタルカメラ家電時計中古　ソフトアウトレット中古ノートパソコン中古パソコン【送料無料】オーディオテクニカAT-EUS1000mn/0.7 USBケーブル (USB(A)-USB(miniB)) (ATEUS1000MN0.7),【送料無料】オーディオテクニカAT-EUS1000mn/0.7 USBケーブル (USB(A)-USB(miniB)) (ATEUS1000MN0.7)[rn]
8-97244,http://tshop.r10s.jp/jism/cabinet/0583/4526397945640.jpg?fitin=700:700,2400.0000,,パソコン・周辺機器 > PCアクセサリー > ケーブル > USBケーブル,MUJ-P300 RD【税込】 エアージェイ Lightningコネクタ対応USBケーブル 3.0m（レッド）  [MUJP300RD]【返品種別A】【RCP】,楽天Shop of the Year 2016 総合グランプリ受賞★,"在庫状況：入荷次第出荷<br><br><br><font color=blue>□「返品種別」について詳しくはこちら□</font><br><font size='2' color='#CC0000'><b>2016年07月 発売</b></font><br><p><br><p><font color=red>※対応機種をお確かめの上、ご購入ください。</font><br><br>◆iPhone、iPad Air、iPad、iPad mini、iPod対応、充電・同期ができる高出力2.4A対応 Lightning USBケーブル<br>◆強くしなやかなメッシュケーブルと高い耐久性を持つアルミコネクターを採用<br>◆使いやすく断線しにくい仕様を実現<br>◆高級感のある輝きを放つメタリックカラーを採用<br><br>■　仕　様　■<UL><LI>対応機種：iPhone、iPad Air、iPad、iPad mini、iPod</LI><LI>コネクタ：USB2.0［A］オス-Lightningコネクタオス</LI><li>ケーブル長さ：3.0m</li></UL><br><br><br>(※この説明文は楽天市場店の記載内容です。URLはhttp://item.rakuten.co.jp/jism/で始まります。URLが異なる際はサイトを利用することのないよう十分ご注意ください。)<table width=""600"" border=0 cellpadding=5 cellspacing=0 bgcolor=""#F0EDE4""><tr><td align=""center"" bgcolor=""#BBA04E"">
<table width=""590"" border=0 cellpadding=2 cellspacing=1 bgcolor=""#F0EDE4"" summary="""" style=""font-size:12px;""><tr><td>おすすめカテゴリー　：　エアコン　・　加湿器　・　冷蔵庫　・　ホットカーペット　・　布団乾燥機</td></tr><tr><td align=""center"">ゴルフボール　・　掃除機・クリーナー　・　ＴＶゲーム　・　電池　・　充電池・充電器　・　ラッピング袋
</td></tr></table>
</td></tr></table><br>",MUJ-P300 RD【税込】 エアージェイ Lightningコネクタ対応USBケーブル 3.0m（レッド）  [MUJP300RD]【返品種別A】【RCP】：Joshin web 家電とPCの大型専門店,家電パソコンAV機器高級オーディオホビーおもちゃゲーム鉄道模型時計PCテレビレコーダー雑貨模型冷蔵庫洗濯機エアコンgamehobbycomputerMUJ-P300 RD【税込】 エアージェイ Lightningコネクタ対応USBケーブル 3.0m（レッド）  [MUJP300RD]【返品種別A】【RCP】,楽天Shop of the Year 2016 総合グランプリ受賞★。MUJ-P300 RD【税込】 エアージェイ Lightningコネクタ対応USBケーブル 3.0m（レッド）  [MUJP300RD]【返品種別A】【RCP】[rn]
8-97245,http://tshop.r10s.jp/jism/cabinet/0375/4950190185208.jpg?fitin=700:700,368.0000,,パソコン・周辺機器 > PCアクセサリー > ケーブル > USBケーブル,BSUABFC230IV【税込】 バッファロー USB2.0ケーブル フェライトコア付 3m（A to B・アイボリー）  [BSUABFC230IV]【返品種別A】【RCP】,楽天Shop of the Year 2016 総合グランプリ受賞★,"在庫状況：入荷次第出荷<br><br><br><font color=blue>□「返品種別」について詳しくはこちら□</font><br><font size='2' color='#CC0000'><b>2012年05月 発売</b></font><br><p><br><p><br>◆USB2.0対応USBケーブル（A to Bタイプ）<BR>◆パソコンや周辺機器から発生するノイズを抑えるフェライトコア付。<BR>◆480Mbpsの高速伝送対応<BR><br>■ 仕様 ■<UL><LI>対応機種：USB（Aタイプ）を持つパソコン及びプリンター、ハードディスクなど</LI><LI>インターフェイス：USB 2.0/1.1</LI><LI>コネクター形状：USB A-TYPE（オス）：USB B-TYPE（オス）</LI></UL><br><br><br>(※この説明文は楽天市場店の記載内容です。URLはhttp://item.rakuten.co.jp/jism/で始まります。URLが異なる際はサイトを利用することのないよう十分ご注意ください。)<table width=""600"" border=0 cellpadding=5 cellspacing=0 bgcolor=""#F0EDE4""><tr><td align=""center"" bgcolor=""#BBA04E"">
<table width=""590"" border=0 cellpadding=2 cellspacing=1 bgcolor=""#F0EDE4"" summary="""" style=""font-size:12px;""><tr><td>おすすめカテゴリー　：　エアコン　・　加湿器　・　冷蔵庫　・　ホットカーペット　・　布団乾燥機</td></tr><tr><td align=""center"">ゴルフボール　・　掃除機・クリーナー　・　ＴＶゲーム　・　電池　・　充電池・充電器　・　ラッピング袋
</td></tr></table>
</td></tr></table><br>",BSUABFC230IV【税込】 バッファロー USB2.0ケーブル フェライトコア付 3m（A to B・アイボリー）  [BSUABFC230IV]【返品種別A】【RCP】：Joshin web 家電とPCの大型専門店,家電パソコンAV機器高級オーディオホビーおもちゃゲーム鉄道模型時計PCテレビレコーダー雑貨模型冷蔵庫洗濯機エアコンgamehobbycomputerBSUABFC230IV【税込】 バッファロー USB2.0ケーブル フェライトコア付 3m（A to B・アイボリー）  [BSUABFC230IV]【返品種別A】【RCP】,楽天Shop of the Year 2016 総合グランプリ受賞★。BSUABFC230IV【税込】 バッファロー USB2.0ケーブル フェライトコア付 3m（A to B・アイボリー）  [BSUABFC230IV]【返品種別A】【RCP】[rn]
8-97246,http://tshop.r10s.jp/3aonlinestore/cabinet/main04/usb-201bl.jpg?fitin=700:700,128.0000,,パソコン・周辺機器 > PCアクセサリー > ケーブル > USBケーブル,ミヨシ　USB2.0ケーブル　A-Btype　スケルトンブルー　1m　USB-201BL,【5800円以上送料無料！】,"<B>■お届け方法</B><br>
<IMG SRC=""/3aonlinestore/cabinet/haisou-all.gif"" border=""0""><br>
※ご注文手続きの際、配送方法をご指定ください。<br><br><br>●レビューについて 他のお客様の為にご記述頂けると幸いです。<br><!--ここからあす楽-->
<img src=""http://image.rakuten.co.jp/com/img/rms/cabinet/recommend_new/img00000414.jpg""  border=""0"" width=""760""><br>
<br>

<!--ここから新生活-->
<table border=""0"" width=""760"" cellpadding=""5"">
<tr>
<td rowspan=""2""><img src=""http://www.rakuten.ne.jp/gold/3aonlinestore/images/trend_06.jpg"" alt=""シーリングライト特集"" border=""0"" width=""100%"">
</td>
<td><img src=""http://www.rakuten.ne.jp/gold/3aonlinestore/images/trend_07.jpg"" alt=""液晶テレビ特集"" border=""0"" width=""100%"">
</td>
<td><img src=""http://www.rakuten.ne.jp/gold/3aonlinestore/images/trend_08.jpg"" alt=""電子レンジ・オーブン特集"" border=""0"" width=""100%"">
</td>
</tr><tr>
<td><img src=""http://www.rakuten.ne.jp/gold/3aonlinestore/images/trend_09.jpg"" alt=""高機能ゴミ箱特集"" border=""0"" width=""100%"">
</td>
<td><img src=""http://www.rakuten.ne.jp/gold/3aonlinestore/images/trend_10.jpg"" alt=""電源タップ特集"" border=""0"" width=""100%""></td>
</tr>
</table>",ミヨシ　USB2.0ケーブル　A-Btype　スケルトンブルー　1m　USB-201BL：ケーブル・プラグカンパニー,アンテナケーブルPC光デジタルケーブルアンテナ接栓電話線カールコード4C5C分波器分配器SDカードファミコンHDMIケーブルレコードプラグ殺虫器3Aカンパニー変圧器XCAPTURE-1レコードプレーヤーミヨシ　USB2.0ケーブル　A-Btype　スケルトンブルー　1m　USB-201BL,【5800円以上送料無料！】。ミヨシ　USB2.0ケーブル　A-Btype　スケルトンブルー　1m　USB-201BL[rn]
8-97247,http://tshop.r10s.jp/3aonlinestore/cabinet/main04/usb-202mk.jpg?fitin=700:700,128.0000,,パソコン・周辺機器 > PCアクセサリー > ケーブル > USBケーブル,ミヨシ　USB2.0ケーブル　A-Btype　ミルキーホワイト　2m　USB-202MK,【5800円以上送料無料！】,"<B>■お届け方法</B><br>
<IMG SRC=""/3aonlinestore/cabinet/haisou-all.gif"" border=""0""><br>
※ご注文手続きの際、配送方法をご指定ください。<br><br><br>●レビューについて 他のお客様の為にご記述頂けると幸いです。<br><!--ここからあす楽-->
<img src=""http://image.rakuten.co.jp/com/img/rms/cabinet/recommend_new/img00000414.jpg""  border=""0"" width=""760""><br>
<br>

<!--ここから新生活-->
<table border=""0"" width=""760"" cellpadding=""5"">
<tr>
<td rowspan=""2""><img src=""http://www.rakuten.ne.jp/gold/3aonlinestore/images/trend_06.jpg"" alt=""シーリングライト特集"" border=""0"" width=""100%"">
</td>
<td><img src=""http://www.rakuten.ne.jp/gold/3aonlinestore/images/trend_07.jpg"" alt=""液晶テレビ特集"" border=""0"" width=""100%"">
</td>
<td><img src=""http://www.rakuten.ne.jp/gold/3aonlinestore/images/trend_08.jpg"" alt=""電子レンジ・オーブン特集"" border=""0"" width=""100%"">
</td>
</tr><tr>
<td><img src=""http://www.rakuten.ne.jp/gold/3aonlinestore/images/trend_09.jpg"" alt=""高機能ゴミ箱特集"" border=""0"" width=""100%"">
</td>
<td><img src=""http://www.rakuten.ne.jp/gold/3aonlinestore/images/trend_10.jpg"" alt=""電源タップ特集"" border=""0"" width=""100%""></td>
</tr>
</table>",ミヨシ　USB2.0ケーブル　A-Btype　ミルキーホワイト　2m　USB-202MK：ケーブル・プラグカンパニー,アンテナケーブルPC光デジタルケーブルアンテナ接栓電話線カールコード4C5C分波器分配器SDカードファミコンHDMIケーブルレコードプラグ殺虫器3Aカンパニー変圧器XCAPTURE-1レコードプレーヤーミヨシ　USB2.0ケーブル　A-Btype　ミルキーホワイト　2m　USB-202MK,【5800円以上送料無料！】。ミヨシ　USB2.0ケーブル　A-Btype　ミルキーホワイト　2m　USB-202MK[rn]
8-97248,http://tshop.r10s.jp/3aonlinestore/cabinet/item04/smt-l10ca-k.jpg?fitin=700:700,784.0000,,パソコン・周辺機器 > PCアクセサリー > ケーブル > USBケーブル,OHM　Type-C　USBケーブル　1m　ブラック　A-Ctype　SMT-L10CA-K,【5800円以上送料無料！】,"<B>■お届け方法</B><br>
<IMG SRC=""/3aonlinestore/cabinet/haisou-all.gif"" border=""0""><br>
※ご注文手続きの際、配送方法をご指定ください。<br>
<br>●レビューについて 他のお客様の為にご記述頂けると幸いです。<br><table border=""0"" width=""760"" cellpadding=""5"">
<tr>
<td rowspan=""2""><img src=""http://www.rakuten.ne.jp/gold/3aonlinestore/images/trend_06.jpg"" alt=""シーリングライト特集"" border=""0"" width=""100%"">
</td>
<td><img src=""http://www.rakuten.ne.jp/gold/3aonlinestore/images/trend_07.jpg"" alt=""液晶テレビ特集"" border=""0"" width=""100%"">
</td>
<td><img src=""http://www.rakuten.ne.jp/gold/3aonlinestore/images/trend_08.jpg"" alt=""電子レンジ・オーブン特集"" border=""0"" width=""100%"">
</td>
</tr><tr>
<td><img src=""http://www.rakuten.ne.jp/gold/3aonlinestore/images/trend_09.jpg"" alt=""高機能ゴミ箱特集"" border=""0"" width=""100%"">
</td>
<td><img src=""http://www.rakuten.ne.jp/gold/3aonlinestore/images/trend_10.jpg"" alt=""電源タップ特集"" border=""0"" width=""100%""></td>
</tr>
</table>",OHM　Type-C　USBケーブル　1m　ブラック　A-Ctype　SMT-L10CA-K：ケーブル・プラグカンパニー,アンテナケーブルPC光デジタルケーブルアンテナ接栓電話線カールコード4C5C分波器分配器SDカードファミコンHDMIケーブルレコードプラグ殺虫器3Aカンパニー変圧器XCAPTURE-1レコードプレーヤーOHM　Type-C　USBケーブル　1m　ブラック　A-Ctype　SMT-L10CA-K,【5800円以上送料無料！】。OHM　Type-C　USBケーブル　1m　ブラック　A-Ctype　SMT-L10CA-K[rn]
8-97249,http://tshop.r10s.jp/3aonlinestore/cabinet/item04/smt-l15ca-k.jpg?fitin=700:700,1024.0000,,パソコン・周辺機器 > PCアクセサリー > ケーブル > USBケーブル,OHM　Type-C　USBケーブル　1.5m　ブラック　A-Ctype　SMT-L15CA-K,【5800円以上送料無料！】,"<B>■お届け方法</B><br>
<IMG SRC=""/3aonlinestore/cabinet/haisou-all.gif"" border=""0""><br>
※ご注文手続きの際、配送方法をご指定ください。<br>
<br>●レビューについて 他のお客様の為にご記述頂けると幸いです。<br><table border=""0"" width=""760"" cellpadding=""5"">
<tr>
<td rowspan=""2""><img src=""http://www.rakuten.ne.jp/gold/3aonlinestore/images/trend_06.jpg"" alt=""シーリングライト特集"" border=""0"" width=""100%"">
</td>
<td><img src=""http://www.rakuten.ne.jp/gold/3aonlinestore/images/trend_07.jpg"" alt=""液晶テレビ特集"" border=""0"" width=""100%"">
</td>
<td><img src=""http://www.rakuten.ne.jp/gold/3aonlinestore/images/trend_08.jpg"" alt=""電子レンジ・オーブン特集"" border=""0"" width=""100%"">
</td>
</tr><tr>
<td><img src=""http://www.rakuten.ne.jp/gold/3aonlinestore/images/trend_09.jpg"" alt=""高機能ゴミ箱特集"" border=""0"" width=""100%"">
</td>
<td><img src=""http://www.rakuten.ne.jp/gold/3aonlinestore/images/trend_10.jpg"" alt=""電源タップ特集"" border=""0"" width=""100%""></td>
</tr>
</table>",OHM　Type-C　USBケーブル　1.5m　ブラック　A-Ctype　SMT-L15CA-K：ケーブル・プラグカンパニー,アンテナケーブルPC光デジタルケーブルアンテナ接栓電話線カールコード4C5C分波器分配器SDカードファミコンHDMIケーブルレコードプラグ殺虫器3Aカンパニー変圧器XCAPTURE-1レコードプレーヤーOHM　Type-C　USBケーブル　1.5m　ブラック　A-Ctype　SMT-L15CA-K,【5800円以上送料無料！】。OHM　Type-C　USBケーブル　1.5m　ブラック　A-Ctype　SMT-L15CA-K[rn]
8-97250,http://tshop.r10s.jp/3aonlinestore/cabinet/item04/smt-l20ca-k.jpg?fitin=700:700,1184.0000,,パソコン・周辺機器 > PCアクセサリー > ケーブル > USBケーブル,OHM　Type-C　USBケーブル　2m　ブラック　A-Ctype　SMT-L20CA-K,【5800円以上送料無料！】,"<B>■お届け方法</B><br>
<IMG SRC=""/3aonlinestore/cabinet/haisou-all.gif"" border=""0""><br>
※ご注文手続きの際、配送方法をご指定ください。<br>
<br>●レビューについて 他のお客様の為にご記述頂けると幸いです。<br><table border=""0"" width=""760"" cellpadding=""5"">
<tr>
<td rowspan=""2""><img src=""http://www.rakuten.ne.jp/gold/3aonlinestore/images/trend_06.jpg"" alt=""シーリングライト特集"" border=""0"" width=""100%"">
</td>
<td><img src=""http://www.rakuten.ne.jp/gold/3aonlinestore/images/trend_07.jpg"" alt=""液晶テレビ特集"" border=""0"" width=""100%"">
</td>
<td><img src=""http://www.rakuten.ne.jp/gold/3aonlinestore/images/trend_08.jpg"" alt=""電子レンジ・オーブン特集"" border=""0"" width=""100%"">
</td>
</tr><tr>
<td><img src=""http://www.rakuten.ne.jp/gold/3aonlinestore/images/trend_09.jpg"" alt=""高機能ゴミ箱特集"" border=""0"" width=""100%"">
</td>
<td><img src=""http://www.rakuten.ne.jp/gold/3aonlinestore/images/trend_10.jpg"" alt=""電源タップ特集"" border=""0"" width=""100%""></td>
</tr>
</table>",OHM　Type-C　USBケーブル　2m　ブラック　A-Ctype　SMT-L20CA-K：ケーブル・プラグカンパニー,アンテナケーブルPC光デジタルケーブルアンテナ接栓電話線カールコード4C5C分波器分配器SDカードファミコンHDMIケーブルレコードプラグ殺虫器3Aカンパニー変圧器XCAPTURE-1レコードプレーヤーOHM　Type-C　USBケーブル　2m　ブラック　A-Ctype　SMT-L20CA-K,【5800円以上送料無料！】。OHM　Type-C　USBケーブル　2m　ブラック　A-Ctype　SMT-L20CA-K[rn]
8-97251,http://tshop.r10s.jp/3aonlinestore/cabinet/item01/smt-l10ca-w.jpg?fitin=700:700,784.0000,,パソコン・周辺機器 > PCアクセサリー > ケーブル > USBケーブル,OHM　USB　Type-C　ケーブル　1m　SMT-L10CA-W,【5800円以上送料無料！】,"<B>■お届け方法</B><br>
<IMG SRC=""/3aonlinestore/cabinet/haisou-takuhai.gif"" border=""0""><br>
※ご注文手続きの際、配送方法をご指定ください。<br>
<br>●レビューについて 他のお客様の為にご記述頂けると幸いです。<br><table border=""0"" width=""760"" cellpadding=""5"">
<tr>
<td rowspan=""2""><img src=""http://www.rakuten.ne.jp/gold/3aonlinestore/images/trend_06.jpg"" alt=""シーリングライト特集"" border=""0"" width=""100%"">
</td>
<td><img src=""http://www.rakuten.ne.jp/gold/3aonlinestore/images/trend_07.jpg"" alt=""液晶テレビ特集"" border=""0"" width=""100%"">
</td>
<td><img src=""http://www.rakuten.ne.jp/gold/3aonlinestore/images/trend_08.jpg"" alt=""電子レンジ・オーブン特集"" border=""0"" width=""100%"">
</td>
</tr><tr>
<td><img src=""http://www.rakuten.ne.jp/gold/3aonlinestore/images/trend_09.jpg"" alt=""高機能ゴミ箱特集"" border=""0"" width=""100%"">
</td>
<td><img src=""http://www.rakuten.ne.jp/gold/3aonlinestore/images/trend_10.jpg"" alt=""電源タップ特集"" border=""0"" width=""100%""></td>
</tr>
</table>",OHM　USB　Type-C　ケーブル　1m　SMT-L10CA-W：ケーブル・プラグカンパニー,アンテナケーブルPC光デジタルケーブルアンテナ接栓電話線カールコード4C5C分波器分配器SDカードファミコンHDMIケーブルレコードプラグ殺虫器3Aカンパニー変圧器XCAPTURE-1レコードプレーヤーOHM　USB　Type-C　ケーブル　1m　SMT-L10CA-W,【5800円以上送料無料！】。OHM　USB　Type-C　ケーブル　1m　SMT-L10CA-W[rn]
8-97252,http://tshop.r10s.jp/3aonlinestore/cabinet/item01/smt-l15ca-w.jpg?fitin=700:700,1024.0000,,パソコン・周辺機器 > PCアクセサリー > ケーブル > USBケーブル,OHM　USB　Type-C　ケーブル　1.5m　SMT-L15CA-W,【5800円以上送料無料！】,"<B>■お届け方法</B><br>
<IMG SRC=""/3aonlinestore/cabinet/haisou-takuhai.gif"" border=""0""><br>
※ご注文手続きの際、配送方法をご指定ください。<br>
<br>●レビューについて 他のお客様の為にご記述頂けると幸いです。<br><table border=""0"" width=""760"" cellpadding=""5"">
<tr>
<td rowspan=""2""><img src=""http://www.rakuten.ne.jp/gold/3aonlinestore/images/trend_06.jpg"" alt=""シーリングライト特集"" border=""0"" width=""100%"">
</td>
<td><img src=""http://www.rakuten.ne.jp/gold/3aonlinestore/images/trend_07.jpg"" alt=""液晶テレビ特集"" border=""0"" width=""100%"">
</td>
<td><img src=""http://www.rakuten.ne.jp/gold/3aonlinestore/images/trend_08.jpg"" alt=""電子レンジ・オーブン特集"" border=""0"" width=""100%"">
</td>
</tr><tr>
<td><img src=""http://www.rakuten.ne.jp/gold/3aonlinestore/images/trend_09.jpg"" alt=""高機能ゴミ箱特集"" border=""0"" width=""100%"">
</td>
<td><img src=""http://www.rakuten.ne.jp/gold/3aonlinestore/images/trend_10.jpg"" alt=""電源タップ特集"" border=""0"" width=""100%""></td>
</tr>
</table>",OHM　USB　Type-C　ケーブル　1.5m　SMT-L15CA-W：ケーブル・プラグカンパニー,アンテナケーブルPC光デジタルケーブルアンテナ接栓電話線カールコード4C5C分波器分配器SDカードファミコンHDMIケーブルレコードプラグ殺虫器3Aカンパニー変圧器XCAPTURE-1レコードプレーヤーOHM　USB　Type-C　ケーブル　1.5m　SMT-L15CA-W,【5800円以上送料無料！】。OHM　USB　Type-C　ケーブル　1.5m　SMT-L15CA-W[rn]
8-97253,http://tshop.r10s.jp/akibamac/cabinet/03708186/4969887566381.jpg?fitin=700:700,390.4000,,パソコン・周辺機器 > PCアクセサリー > ケーブル > LANケーブル,サンワサプライ LA-Y5TS-05Y カテゴリー5e対応ツメ折れ防止LANケーブル (5m/簡易パッケージ/イエロー) (LAY5TS05Y),,"<table border=""0"" cellpadding=""0"" cellspacing=""0"" width=""710"" style=""line-height:140%;""><tr><td><font size=""2"">■屈曲性能に優れた柔らかいツメを採用し、180度曲げても折れません。しかもツメ折れ防止カバー付きのダブル安心構造です。<br>※1000回の屈曲試験に合格。（サンワサプライ社内テスト）<br>■伝送速度1000Mbps（1Gbps）、伝送帯域100MHzを実現した、ギガビット対応LANケーブルです。<br>■単線に比べて柔らかく、取り回しが楽な「より線」仕様です。<br>■簡易パッケージを採用しています。<br>■RoHS指令に対応した製品です。<br><br>【製品仕様】<br>色：イエロー<br>本体サイズ：ケーブル直径：4.9mm<br>カテゴリー：カテゴリー5e対応<br>ケーブル長さ：5m<br>コネクタ形状：RJ-45つめ折れ防止コネクタ(ラッチカバー付き)<br>ケーブル構造：AWG26より線ツイストペアケーブル、ストレート全結線<br>対応伝送帯域：エンハンスドカテゴリ5（1000BASE-T）、カテゴリ5（100BASE-TX）、カテゴリ3（10BASE-T）適合<br>対応環境（機器）：ADSLモデム、CATVモデム、FTTH、デジタルテレビ、ハードディスクレコーダ（RJ-45ポートを持つ機種）、INS64（30m以下）対応<br>特徴：対応環境：ADSL回線（フレッツADSL、Yahoo!BB ADSL）、光回線（Bフレッツ、フレッツ光プレミアム、eo光、Yahoo!BB光）、CATV回線（J:COM ZAQ）<br><br></font></td></tr></table><style type=""text/css"">
<!--
.rakuten-camp {
	width: 725px;
	border: 2px solid #3399FF;
	padding-top: 5px;
	-moz-border-radius:4px; /*Firefox*/
	-webkit-border-radius: 4px; /*Safari,Chrome*/
	border-radius:4px; /*Opera,Chrome*/
	margin:0 10px 10px 0;
}

/* 価格に枠線がつく */
table#rakutenLimitedId_cart {
    background-color: #f8f8f8;
    border: 1px solid #ddd;
    padding: 8px;
    margin: 16px 0;
}

span.price1 {
    color: #333 !important;
    font-weight: bold;
    font-size: 80% !important;
    line-height: 30px;
    display: inline-block;
    margin-right: 16px;
}

-->
</style>

<!--バナーエリア-->

<!--【消すな！】★★★ height=""380"" で設定してください。★★★-->
<!--バナーエリアここまで-->

<!--楽天キャンペーン-->

<h2 style=""margin:20px 0 10px 0;""><img src=""http://www.rakuten.ne.jp/gold/akibamac/frame/images/rakuten_title2.gif"" alt=""楽天市場のお得なキャンペーン"" width=""730"" height=""42"" border=""0""></h2>
<div class=""rakuten-camp"" style=""margin:0 0 0 0;"">


<!--楽天キャンペーン@ここまで-->",サンワサプライ LA-Y5TS-05Y カテゴリー5e対応ツメ折れ防止LANケーブル (5m/簡易パッケージ/イエロー) (LAY5TS05Y)：ソフマップ　デジタルコレクション,ソフマップ デジタルコレクションSofmap Digital CollectionパソコンタブレットPCHDDアセンブリパーツパソコンパーツテレビゲームブルーレイソフトDVDソフト液晶テレビブルーレイディスクレコーダーデジタル一眼レフカメラデジタルカメラ家電時計中古　ソフトアウトレット中古ノートパソコン中古パソコンサンワサプライ LA-Y5TS-05Y カテゴリー5e対応ツメ折れ防止LANケーブル (5m/簡易パッケージ/イエロー) (LAY5TS05Y),サンワサプライ LA-Y5TS-05Y カテゴリー5e対応ツメ折れ防止LANケーブル (5m/簡易パッケージ/イエロー) (LAY5TS05Y)[rn]
8-97254,http://tshop.r10s.jp/akibamac/cabinet/03927892/4953103847293.jpg?fitin=700:700,247.2000,,パソコン・周辺機器 > PCアクセサリー > ケーブル > LANケーブル,エレコムLD-CTT/BU50 カテゴリ5E対応 ツメ折れ防止LANケーブル (5.0m/ブルー) (LDCTTBU50),,"<table border=""0"" cellpadding=""0"" cellspacing=""0"" width=""710"" style=""line-height:140%;""><tr><td><font size=""2"">■ツメ折れ防止プロテクタと屈曲に対する耐久性が高い新素材コネクタを採用したダブル構造で、通常の使用環境では絶対にツメが折れないLANケーブルです。※1000回の屈曲検査に合格(エレコム社検証)<br>■ツメ折れによるケーブルの脱落が防げ、長期にわたってしっかりとLANポートに固定することができます。<br>■カテゴリー5Eに対応したスタンダードなLANケーブルです。<br>■100BASE-TXや1000BASE-Tといった環境で安定したデータ転送が可能です。<br>■十字介在をなくしたツイストペア(ヨリ対線)仕様なので、柔らかく取り回しが簡単で、狭い場所での敷設も容易です。<br>■隣接するポートに干渉することがないスリムコネクタを採用しています。<br>■EUの「RoHS指令(電気・電子機器に対する特定有害物質の使用制限)」に準拠した環境にやさしい製品です。<br><br></font></td></tr></table><style type=""text/css"">
<!--
.rakuten-camp {
	width: 725px;
	border: 2px solid #3399FF;
	padding-top: 5px;
	-moz-border-radius:4px; /*Firefox*/
	-webkit-border-radius: 4px; /*Safari,Chrome*/
	border-radius:4px; /*Opera,Chrome*/
	margin:0 10px 10px 0;
}

/* 価格に枠線がつく */
table#rakutenLimitedId_cart {
    background-color: #f8f8f8;
    border: 1px solid #ddd;
    padding: 8px;
    margin: 16px 0;
}

span.price1 {
    color: #333 !important;
    font-weight: bold;
    font-size: 80% !important;
    line-height: 30px;
    display: inline-block;
    margin-right: 16px;
}

-->
</style>

<!--バナーエリア-->

<!--【消すな！】★★★ height=""380"" で設定してください。★★★-->
<!--バナーエリアここまで-->

<!--楽天キャンペーン-->

<h2 style=""margin:20px 0 10px 0;""><img src=""http://www.rakuten.ne.jp/gold/akibamac/frame/images/rakuten_title2.gif"" alt=""楽天市場のお得なキャンペーン"" width=""730"" height=""42"" border=""0""></h2>
<div class=""rakuten-camp"" style=""margin:0 0 0 0;"">


<!--楽天キャンペーン@ここまで-->",エレコムLD-CTT/BU50 カテゴリ5E対応 ツメ折れ防止LANケーブル (5.0m/ブルー) (LDCTTBU50)：ソフマップ　デジタルコレクション,ソフマップ デジタルコレクションSofmap Digital CollectionパソコンタブレットPCHDDアセンブリパーツパソコンパーツテレビゲームブルーレイソフトDVDソフト液晶テレビブルーレイディスクレコーダーデジタル一眼レフカメラデジタルカメラ家電時計中古　ソフトアウトレット中古ノートパソコン中古パソコンエレコムLD-CTT/BU50 カテゴリ5E対応 ツメ折れ防止LANケーブル (5.0m/ブルー) (LDCTTBU50),エレコムLD-CTT/BU50 カテゴリ5E対応 ツメ折れ防止LANケーブル (5.0m/ブルー) (LDCTTBU50)[rn]
8-97255,http://tshop.r10s.jp/akibamac/cabinet/04354752/4930393909306.jpg?fitin=700:700,281.6000,,パソコン・周辺機器 > PCアクセサリー > ケーブル > LANケーブル,協和ハーモネットHLC-5E-5MP LANケーブル 5m (エンハンスドカテゴリー5・ストレートタイプ),,"<table border=""0"" cellpadding=""0"" cellspacing=""0"" width=""710"" style=""line-height:140%;""><tr><td><font size=""2"">規格：1000BASE-T、100BASE-TX、10BASE-T<br><br></font></td></tr></table><style type=""text/css"">
<!--
.rakuten-camp {
	width: 725px;
	border: 2px solid #3399FF;
	padding-top: 5px;
	-moz-border-radius:4px; /*Firefox*/
	-webkit-border-radius: 4px; /*Safari,Chrome*/
	border-radius:4px; /*Opera,Chrome*/
	margin:0 10px 10px 0;
}

/* 価格に枠線がつく */
table#rakutenLimitedId_cart {
    background-color: #f8f8f8;
    border: 1px solid #ddd;
    padding: 8px;
    margin: 16px 0;
}

span.price1 {
    color: #333 !important;
    font-weight: bold;
    font-size: 80% !important;
    line-height: 30px;
    display: inline-block;
    margin-right: 16px;
}

-->
</style>

<!--バナーエリア-->

<!--【消すな！】★★★ height=""380"" で設定してください。★★★-->
<!--バナーエリアここまで-->

<!--楽天キャンペーン-->

<h2 style=""margin:20px 0 10px 0;""><img src=""http://www.rakuten.ne.jp/gold/akibamac/frame/images/rakuten_title2.gif"" alt=""楽天市場のお得なキャンペーン"" width=""730"" height=""42"" border=""0""></h2>
<div class=""rakuten-camp"" style=""margin:0 0 0 0;"">


<!--楽天キャンペーン@ここまで-->",協和ハーモネットHLC-5E-5MP LANケーブル 5m (エンハンスドカテゴリー5・ストレートタイプ)：ソフマップ　デジタルコレクション,ソフマップ デジタルコレクションSofmap Digital CollectionパソコンタブレットPCHDDアセンブリパーツパソコンパーツテレビゲームブルーレイソフトDVDソフト液晶テレビブルーレイディスクレコーダーデジタル一眼レフカメラデジタルカメラ家電時計中古　ソフトアウトレット中古ノートパソコン中古パソコン協和ハーモネットHLC-5E-5MP LANケーブル 5m (エンハンスドカテゴリー5・ストレートタイプ),協和ハーモネットHLC-5E-5MP LANケーブル 5m (エンハンスドカテゴリー5・ストレートタイプ)[rn]
8-97256,http://tshop.r10s.jp/akibamac/cabinet/03145114/4953103202870.jpg?fitin=700:700,267.2000,,パソコン・周辺機器 > PCアクセサリー > ケーブル > LANケーブル,エレコム LD-CTY/BK5(エンハンスドカテゴリ5 ストレート やわらかLANケーブル/5m/ブラック) (LD-CTYBK5),,"<br><table border=""0"" cellpadding=""0"" cellspacing=""0"" width=""710"" style=""line-height:140%;""><tr><td><font size=""2"">ホームユースで利用度の高い1000BASE-T や100BASE-TX といった環境で、リーズナブルな価格を実現しながら、安定したデータ転送速度を確保します。<br><br></font></td></tr></table><table cellspacing=""0"" cellpadding=""4"" border=""1"" width=""710"" bordercolor=""#cccccc""><tr><td width=""180"" bgcolor=""#efefef""><font size=""2"">商品名</font></td><td width=""530""><font size=""2"">CAT5E準拠 やわらかLANケーブル （ブラック・5m）　 LD-CTY/BK5</font></td></tr><tr><td width=""180"" bgcolor=""#efefef""><font size=""2"">メーカー</font></td><td width=""530""><font size=""2"">エレコム</font></td></tr><tr><td width=""180"" bgcolor=""#efefef""><font size=""2"">型番</font></td><td width=""530""><font size=""2"">LD-CTY/BK5</font></td></tr><tr><td width=""180"" bgcolor=""#efefef""><font size=""2"">JANコード</font></td><td width=""530""><font size=""2"">4953103202870</font></td></tr><tr><td width=""180"" bgcolor=""#efefef""><font size=""2"">色</font></td><td width=""530""><font size=""2"">ブラック</font></td></tr><tr><td width=""180"" bgcolor=""#efefef""><font size=""2"">発売年月</font></td><td width=""530""><font size=""2"">2008/06</font></td></tr><tr><td width=""180"" bgcolor=""#efefef""><font size=""2"">ケーブル長さ</font></td><td width=""530""><font size=""2"">5m</font></td></tr><tr><td width=""180"" bgcolor=""#efefef""><font size=""2"">ケーブル構造</font></td><td width=""530""><font size=""2"">ヨリ線・ストレート</font></td></tr><tr><td width=""180"" bgcolor=""#efefef""><font size=""2"">対応環境（機器）</font></td><td width=""530""><font size=""2"">1000BASE-T、100BASE-TX、10BASE-T</font></td></tr><tr><td width=""180"" bgcolor=""#efefef""><font size=""2"">単線・より線</font></td><td width=""530""><font size=""2"">より線</font></td></tr><tr><td width=""180"" bgcolor=""#efefef""><font size=""2"">ストレート・クロス</font></td><td width=""530""><font size=""2"">ストレート</font></td></tr><tr><td width=""180"" bgcolor=""#efefef""><font size=""2"">s001#長さで選ぶ</font></td><td width=""530""><font size=""2"">005#5m～</font></td></tr><tr><td width=""180"" bgcolor=""#efefef""><font size=""2"">s002#カテゴリーで選ぶ</font></td><td width=""530""><font size=""2"">002#カテゴリー5e</font></td></tr><tr><td width=""180"" bgcolor=""#efefef""><font size=""2"">s003#タイプで選ぶ</font></td><td width=""530""><font size=""2"">001#スタンダード</font></td></tr><tr><td width=""180"" bgcolor=""#efefef""><font size=""2"">s004#色で選ぶ</font></td><td width=""530""><font size=""2"">002#ブラック系</font></td></tr><tr><td width=""180"" bgcolor=""#efefef""><font size=""2"">商品名</font></td><td width=""530""><font size=""2"">CAT5E準拠 やわらかLANケーブル （ブラック・5m）　 LD-CTY/BK5</font></td></tr><tr><td width=""180"" bgcolor=""#efefef""><font size=""2"">メーカー</font></td><td width=""530""><font size=""2"">エレコム</font></td></tr><tr><td width=""180"" bgcolor=""#efefef""><font size=""2"">型番</font></td><td width=""530""><font size=""2"">LD-CTY/BK5</font></td></tr><tr><td width=""180"" bgcolor=""#efefef""><font size=""2"">JANコード</font></td><td width=""530""><font size=""2"">4953103202870</font></td></tr><tr><td width=""180"" bgcolor=""#efefef""><font size=""2"">色</font></td><td width=""530""><font size=""2"">ブラック</font></td></tr><tr><td width=""180"" bgcolor=""#efefef""><font size=""2"">発売年月</font></td><td width=""530""><font size=""2"">2008/06</font></td></tr><tr><td width=""180"" bgcolor=""#efefef""><font size=""2"">ケーブル長さ</font></td><td width=""530""><font size=""2"">5m</font></td></tr><tr><td width=""180"" bgcolor=""#efefef""><font size=""2"">ケーブル構造</font></td><td width=""530""><font size=""2"">ヨリ線・ストレート</font></td></tr><tr><td width=""180"" bgcolor=""#efefef""><font size=""2"">対応環境（機器）</font></td><td width=""530""><font size=""2"">1000BASE-T、100BASE-TX、10BASE-T</font></td></tr><tr><td width=""180"" bgcolor=""#efefef""><font size=""2"">単線・より線</font></td><td width=""530""><font size=""2"">より線</font></td></tr><tr><td width=""180"" bgcolor=""#efefef""><font size=""2"">ストレート・クロス</font></td><td width=""530""><font size=""2"">ストレート</font></td></tr><tr><td width=""180"" bgcolor=""#efefef""><font size=""2"">s001#長さで選ぶ</font></td><td width=""530""><font size=""2"">005#5m～</font></td></tr><tr><td width=""180"" bgcolor=""#efefef""><font size=""2"">s002#カテゴリーで選ぶ</font></td><td width=""530""><font size=""2"">002#カテゴリー5e</font></td></tr><tr><td width=""180"" bgcolor=""#efefef""><font size=""2"">s003#タイプで選ぶ</font></td><td width=""530""><font size=""2"">001#スタンダード</font></td></tr><tr><td width=""180"" bgcolor=""#efefef""><font size=""2"">s004#色で選ぶ</font></td><td width=""530""><font size=""2"">002#ブラック系</font></td></tr></table><style type=""text/css"">
<!--
.rakuten-camp {
	width: 725px;
	border: 2px solid #3399FF;
	padding-top: 5px;
	-moz-border-radius:4px; /*Firefox*/
	-webkit-border-radius: 4px; /*Safari,Chrome*/
	border-radius:4px; /*Opera,Chrome*/
	margin:0 10px 10px 0;
}

/* 価格に枠線がつく */
table#rakutenLimitedId_cart {
    background-color: #f8f8f8;
    border: 1px solid #ddd;
    padding: 8px;
    margin: 16px 0;
}

span.price1 {
    color: #333 !important;
    font-weight: bold;
    font-size: 80% !important;
    line-height: 30px;
    display: inline-block;
    margin-right: 16px;
}

-->
</style>

<!--バナーエリア-->

<!--【消すな！】★★★ height=""380"" で設定してください。★★★-->
<!--バナーエリアここまで-->

<!--楽天キャンペーン-->

<h2 style=""margin:20px 0 10px 0;""><img src=""http://www.rakuten.ne.jp/gold/akibamac/frame/images/rakuten_title2.gif"" alt=""楽天市場のお得なキャンペーン"" width=""730"" height=""42"" border=""0""></h2>
<div class=""rakuten-camp"" style=""margin:0 0 0 0;"">


<!--楽天キャンペーン@ここまで-->",エレコム LD-CTY/BK5(エンハンスドカテゴリ5 ストレート やわらかLANケーブル/5m/ブラック) (LD-CTYBK5)：ソフマップ　デジタルコレクション,ソフマップ デジタルコレクションSofmap Digital CollectionパソコンタブレットPCHDDアセンブリパーツパソコンパーツテレビゲームブルーレイソフトDVDソフト液晶テレビブルーレイディスクレコーダーデジタル一眼レフカメラデジタルカメラ家電時計中古　ソフトアウトレット中古ノートパソコン中古パソコンエレコム LD-CTY/BK5(エンハンスドカテゴリ5 ストレート やわらかLANケーブル/5m/ブラック) (LD-CTYBK5),エレコム LD-CTY/BK5(エンハンスドカテゴリ5 ストレート やわらかLANケーブル/5m/ブラック) (LD-CTYBK5)[rn]
8-97257,http://tshop.r10s.jp/akibamac/cabinet/04201613/4969887567104.jpg?fitin=700:700,701.6000,,パソコン・周辺機器 > PCアクセサリー > ケーブル > LANケーブル,サンワサプライカテゴリー5e対応 STP LANケーブル ギガビットイーサネット対応 （ライトグレー・7.0m） KB-STPTS-07 (KBSTPTS07),,"<table border=""0"" cellpadding=""0"" cellspacing=""0"" width=""710"" style=""line-height:140%;""><tr><td><font size=""2"">［CAT5e、7.0m、ライトグレー］<br>ノイズに強いシールドタイプ、ツメの折れないコネクタ採用のカテゴリ5e STP LANケーブル。<br><br>◆曲げても折れないナイロン製ツメと弾力性に優れたPVC（ポリ塩化ビニル）製ツメ折れ防止カバー、丈夫なポリカーボネート製コネクタで、信頼の三重構造です。<br>◆伝送速度1000Mbps（1Gbps）のギガビットイーサネットに対応したエンハンスドカテゴリ5適合のLANケーブルです。<br>◆ツイストペアケーブルをさらにシールドでカバーした、ノイズに強いケーブルです。<br>◆より線仕様なので、柔らかく取り回ししやすくなっています。<br>◆RoHS指令に対応した製品です。<br><br></font></td></tr></table><style type=""text/css"">
<!--
.rakuten-camp {
	width: 725px;
	border: 2px solid #3399FF;
	padding-top: 5px;
	-moz-border-radius:4px; /*Firefox*/
	-webkit-border-radius: 4px; /*Safari,Chrome*/
	border-radius:4px; /*Opera,Chrome*/
	margin:0 10px 10px 0;
}

/* 価格に枠線がつく */
table#rakutenLimitedId_cart {
    background-color: #f8f8f8;
    border: 1px solid #ddd;
    padding: 8px;
    margin: 16px 0;
}

span.price1 {
    color: #333 !important;
    font-weight: bold;
    font-size: 80% !important;
    line-height: 30px;
    display: inline-block;
    margin-right: 16px;
}

-->
</style>

<!--バナーエリア-->

<!--【消すな！】★★★ height=""380"" で設定してください。★★★-->
<!--バナーエリアここまで-->

<!--楽天キャンペーン-->

<h2 style=""margin:20px 0 10px 0;""><img src=""http://www.rakuten.ne.jp/gold/akibamac/frame/images/rakuten_title2.gif"" alt=""楽天市場のお得なキャンペーン"" width=""730"" height=""42"" border=""0""></h2>
<div class=""rakuten-camp"" style=""margin:0 0 0 0;"">


<!--楽天キャンペーン@ここまで-->",サンワサプライカテゴリー5e対応 STP LANケーブル ギガビットイーサネット対応 （ライトグレー・7.0m） KB-STPTS-07 (KBSTPTS07)：ソフマップ　デジタルコレクション,ソフマップ デジタルコレクションSofmap Digital CollectionパソコンタブレットPCHDDアセンブリパーツパソコンパーツテレビゲームブルーレイソフトDVDソフト液晶テレビブルーレイディスクレコーダーデジタル一眼レフカメラデジタルカメラ家電時計中古　ソフトアウトレット中古ノートパソコン中古パソコンサンワサプライカテゴリー5e対応 STP LANケーブル ギガビットイーサネット対応 （ライトグレー・7.0m） KB-STPTS-07 (KBSTPTS07),サンワサプライカテゴリー5e対応 STP LANケーブル ギガビットイーサネット対応 （ライトグレー・7.0m） KB-STPTS-07 (KBSTPTS07)[rn]
8-97258,http://tshop.r10s.jp/akibamac/cabinet/03927892/4969887565452.jpg?fitin=700:700,238.4000,,パソコン・周辺機器 > PCアクセサリー > ケーブル > LANケーブル,サンワサプライカテゴリー5e対応 LANケーブル （ブルー・3.0m） LA-Y5TS-03BL (LAY5TS03BL),,"<table border=""0"" cellpadding=""0"" cellspacing=""0"" width=""710"" style=""line-height:140%;""><tr><td><font size=""2"">［CAT5e、3.0m、ブルー］<br>屈曲性能に優れた柔らかいツメを採用。ツメ折れ防止カバー付きギガビット対応LANケーブル。<br><br>◆屈曲性能に優れた柔らかいツメを採用し、180度曲げても折れません。しかもツメ折れ防止カバー付きのダブル安心構造です。<br>◆伝送速度1000Mbps（1Gbps）、伝送帯域100MHzを実現した、ギガビット対応LANケーブルです。<br>◆単線に比べて柔らかく、取り回しが楽な「より線」仕様です。<br>◆簡易パッケージを採用しています。<br><br></font></td></tr></table><style type=""text/css"">
<!--
.rakuten-camp {
	width: 725px;
	border: 2px solid #3399FF;
	padding-top: 5px;
	-moz-border-radius:4px; /*Firefox*/
	-webkit-border-radius: 4px; /*Safari,Chrome*/
	border-radius:4px; /*Opera,Chrome*/
	margin:0 10px 10px 0;
}

/* 価格に枠線がつく */
table#rakutenLimitedId_cart {
    background-color: #f8f8f8;
    border: 1px solid #ddd;
    padding: 8px;
    margin: 16px 0;
}

span.price1 {
    color: #333 !important;
    font-weight: bold;
    font-size: 80% !important;
    line-height: 30px;
    display: inline-block;
    margin-right: 16px;
}

-->
</style>

<!--バナーエリア-->

<!--【消すな！】★★★ height=""380"" で設定してください。★★★-->
<!--バナーエリアここまで-->

<!--楽天キャンペーン-->

<h2 style=""margin:20px 0 10px 0;""><img src=""http://www.rakuten.ne.jp/gold/akibamac/frame/images/rakuten_title2.gif"" alt=""楽天市場のお得なキャンペーン"" width=""730"" height=""42"" border=""0""></h2>
<div class=""rakuten-camp"" style=""margin:0 0 0 0;"">


<!--楽天キャンペーン@ここまで-->",サンワサプライカテゴリー5e対応 LANケーブル （ブルー・3.0m） LA-Y5TS-03BL (LAY5TS03BL)：ソフマップ　デジタルコレクション,ソフマップ デジタルコレクションSofmap Digital CollectionパソコンタブレットPCHDDアセンブリパーツパソコンパーツテレビゲームブルーレイソフトDVDソフト液晶テレビブルーレイディスクレコーダーデジタル一眼レフカメラデジタルカメラ家電時計中古　ソフトアウトレット中古ノートパソコン中古パソコンサンワサプライカテゴリー5e対応 LANケーブル （ブルー・3.0m） LA-Y5TS-03BL (LAY5TS03BL),サンワサプライカテゴリー5e対応 LANケーブル （ブルー・3.0m） LA-Y5TS-03BL (LAY5TS03BL)[rn]
8-97259,http://tshop.r10s.jp/akibamac/cabinet/04720173/4953103418912.jpg?fitin=700:700,329.6000,,パソコン・周辺機器 > PCアクセサリー > ケーブル > LANケーブル,エレコムカテゴリー5e対応 LANケーブル （ホワイト・7.0m） LD-CTN/WH7 (LDCTNWH7),,"<table border=""0"" cellpadding=""0"" cellspacing=""0"" width=""710"" style=""line-height:140%;""><tr><td><font size=""2"">［CAT5e、7.0m、ホワイト］<br>安定したデータ転送が可能なカテゴリー5Eに対応した、スタンダードなLANケーブル。<br><br>◆安定したデータ転送が可能な、カテゴリー5E対応のスタンダードなLANケーブルです。<br>◆十字介在をなくしたヨリ線仕様なので、柔らかく取り回しが簡単で、狭い場所での敷設も容易です。<br>◆スリムコネクタを採用していますので、隣接するポートでも干渉することがありません。<br>◆コネクタの全長は約3cmとコンパクトなので、狭い場所でも取り回しが簡単です。<br>◆着脱やケーブルの振れによる結線部の断線に強い、モールド加工タイプです。<br>◆EUの「RoHS指令(電気・電子機器に対する特定有害物質の使用制限)」に準拠した環境にやさしい製品です。<br>◆PLC、ADSL回線、CATV回線、光通信回線、ISDN回線に対応しています。<br><br></font></td></tr></table><style type=""text/css"">
<!--
.rakuten-camp {
	width: 725px;
	border: 2px solid #3399FF;
	padding-top: 5px;
	-moz-border-radius:4px; /*Firefox*/
	-webkit-border-radius: 4px; /*Safari,Chrome*/
	border-radius:4px; /*Opera,Chrome*/
	margin:0 10px 10px 0;
}

/* 価格に枠線がつく */
table#rakutenLimitedId_cart {
    background-color: #f8f8f8;
    border: 1px solid #ddd;
    padding: 8px;
    margin: 16px 0;
}

span.price1 {
    color: #333 !important;
    font-weight: bold;
    font-size: 80% !important;
    line-height: 30px;
    display: inline-block;
    margin-right: 16px;
}

-->
</style>

<!--バナーエリア-->

<!--【消すな！】★★★ height=""380"" で設定してください。★★★-->
<!--バナーエリアここまで-->

<!--楽天キャンペーン-->

<h2 style=""margin:20px 0 10px 0;""><img src=""http://www.rakuten.ne.jp/gold/akibamac/frame/images/rakuten_title2.gif"" alt=""楽天市場のお得なキャンペーン"" width=""730"" height=""42"" border=""0""></h2>
<div class=""rakuten-camp"" style=""margin:0 0 0 0;"">


<!--楽天キャンペーン@ここまで-->",エレコムカテゴリー5e対応 LANケーブル （ホワイト・7.0m） LD-CTN/WH7 (LDCTNWH7)：ソフマップ　デジタルコレクション,ソフマップ デジタルコレクションSofmap Digital CollectionパソコンタブレットPCHDDアセンブリパーツパソコンパーツテレビゲームブルーレイソフトDVDソフト液晶テレビブルーレイディスクレコーダーデジタル一眼レフカメラデジタルカメラ家電時計中古　ソフトアウトレット中古ノートパソコン中古パソコンエレコムカテゴリー5e対応 LANケーブル （ホワイト・7.0m） LD-CTN/WH7 (LDCTNWH7),エレコムカテゴリー5e対応 LANケーブル （ホワイト・7.0m） LD-CTN/WH7 (LDCTNWH7)[rn]
8-97260,http://tshop.r10s.jp/akibamac/cabinet/03708186/4969887566404.jpg?fitin=700:700,478.4000,,パソコン・周辺機器 > PCアクセサリー > ケーブル > LANケーブル,サンワサプライ LA-Y5TS-07R カテゴリー5e対応ツメ折れ防止LANケーブル (7m/簡易パッケージ/レッド) (LAY5TS07R),,"<table border=""0"" cellpadding=""0"" cellspacing=""0"" width=""710"" style=""line-height:140%;""><tr><td><font size=""2"">■屈曲性能に優れた柔らかいツメを採用し、180度曲げても折れません。しかもツメ折れ防止カバー付きのダブル安心構造です。<br>※1000回の屈曲試験に合格。（サンワサプライ社内テスト）<br>■伝送速度1000Mbps（1Gbps）、伝送帯域100MHzを実現した、ギガビット対応LANケーブルです。<br>■単線に比べて柔らかく、取り回しが楽な「より線」仕様です。<br>■簡易パッケージを採用しています。<br>■RoHS指令に対応した製品です。<br><br>【製品仕様】<br>色：レッド<br>本体サイズ：ケーブル直径：4.9mm<br>カテゴリー：カテゴリー5e対応<br>ケーブル長さ：7m<br>コネクタ形状：RJ-45つめ折れ防止コネクタ(ラッチカバー付き)<br>ケーブル構造：AWG26より線ツイストペアケーブル、ストレート全結線<br>対応伝送帯域：エンハンスドカテゴリ5（1000BASE-T）、カテゴリ5（100BASE-TX）、カテゴリ3（10BASE-T）適合<br>対応環境（機器）：ADSLモデム、CATVモデム、FTTH、デジタルテレビ、ハードディスクレコーダ（RJ-45ポートを持つ機種）、INS64（30m以下）対応<br>特徴：対応環境：ADSL回線（フレッツADSL、Yahoo!BB ADSL）、光回線（Bフレッツ、フレッツ光プレミアム、eo光、Yahoo!BB光）、CATV回線（J:COM ZAQ）<br><br></font></td></tr></table><style type=""text/css"">
<!--
.rakuten-camp {
	width: 725px;
	border: 2px solid #3399FF;
	padding-top: 5px;
	-moz-border-radius:4px; /*Firefox*/
	-webkit-border-radius: 4px; /*Safari,Chrome*/
	border-radius:4px; /*Opera,Chrome*/
	margin:0 10px 10px 0;
}

/* 価格に枠線がつく */
table#rakutenLimitedId_cart {
    background-color: #f8f8f8;
    border: 1px solid #ddd;
    padding: 8px;
    margin: 16px 0;
}

span.price1 {
    color: #333 !important;
    font-weight: bold;
    font-size: 80% !important;
    line-height: 30px;
    display: inline-block;
    margin-right: 16px;
}

-->
</style>

<!--バナーエリア-->

<!--【消すな！】★★★ height=""380"" で設定してください。★★★-->
<!--バナーエリアここまで-->

<!--楽天キャンペーン-->

<h2 style=""margin:20px 0 10px 0;""><img src=""http://www.rakuten.ne.jp/gold/akibamac/frame/images/rakuten_title2.gif"" alt=""楽天市場のお得なキャンペーン"" width=""730"" height=""42"" border=""0""></h2>
<div class=""rakuten-camp"" style=""margin:0 0 0 0;"">


<!--楽天キャンペーン@ここまで-->",サンワサプライ LA-Y5TS-07R カテゴリー5e対応ツメ折れ防止LANケーブル (7m/簡易パッケージ/レッド) (LAY5TS07R)：ソフマップ　デジタルコレクション,ソフマップ デジタルコレクションSofmap Digital CollectionパソコンタブレットPCHDDアセンブリパーツパソコンパーツテレビゲームブルーレイソフトDVDソフト液晶テレビブルーレイディスクレコーダーデジタル一眼レフカメラデジタルカメラ家電時計中古　ソフトアウトレット中古ノートパソコン中古パソコンサンワサプライ LA-Y5TS-07R カテゴリー5e対応ツメ折れ防止LANケーブル (7m/簡易パッケージ/レッド) (LAY5TS07R),サンワサプライ LA-Y5TS-07R カテゴリー5e対応ツメ折れ防止LANケーブル (7m/簡易パッケージ/レッド) (LAY5TS07R)[rn]
8-97261,http://tshop.r10s.jp/akibamac/cabinet/04201613/4969887567067.jpg?fitin=700:700,517.6000,,パソコン・周辺機器 > PCアクセサリー > ケーブル > LANケーブル,サンワサプライカテゴリー5e対応 STP LANケーブル ギガビットイーサネット対応 （ライトグレー・3.0m） KB-STPTS-03 (KBSTPTS03),,"<table border=""0"" cellpadding=""0"" cellspacing=""0"" width=""710"" style=""line-height:140%;""><tr><td><font size=""2"">［CAT5e、3.0m、ライトグレー］<br>ノイズに強いシールドタイプ、ツメの折れないコネクタ採用のカテゴリ5e STP LANケーブル。<br><br>◆曲げても折れないナイロン製ツメと弾力性に優れたPVC（ポリ塩化ビニル）製ツメ折れ防止カバー、丈夫なポリカーボネート製コネクタで、信頼の三重構造です。<br>◆伝送速度1000Mbps（1Gbps）のギガビットイーサネットに対応したエンハンスドカテゴリ5適合のLANケーブルです。<br>◆ツイストペアケーブルをさらにシールドでカバーした、ノイズに強いケーブルです。<br>◆より線仕様なので、柔らかく取り回ししやすくなっています。<br>◆RoHS指令に対応した製品です。<br><br></font></td></tr></table><style type=""text/css"">
<!--
.rakuten-camp {
	width: 725px;
	border: 2px solid #3399FF;
	padding-top: 5px;
	-moz-border-radius:4px; /*Firefox*/
	-webkit-border-radius: 4px; /*Safari,Chrome*/
	border-radius:4px; /*Opera,Chrome*/
	margin:0 10px 10px 0;
}

/* 価格に枠線がつく */
table#rakutenLimitedId_cart {
    background-color: #f8f8f8;
    border: 1px solid #ddd;
    padding: 8px;
    margin: 16px 0;
}

span.price1 {
    color: #333 !important;
    font-weight: bold;
    font-size: 80% !important;
    line-height: 30px;
    display: inline-block;
    margin-right: 16px;
}

-->
</style>

<!--バナーエリア-->

<!--【消すな！】★★★ height=""380"" で設定してください。★★★-->
<!--バナーエリアここまで-->

<!--楽天キャンペーン-->

<h2 style=""margin:20px 0 10px 0;""><img src=""http://www.rakuten.ne.jp/gold/akibamac/frame/images/rakuten_title2.gif"" alt=""楽天市場のお得なキャンペーン"" width=""730"" height=""42"" border=""0""></h2>
<div class=""rakuten-camp"" style=""margin:0 0 0 0;"">


<!--楽天キャンペーン@ここまで-->",サンワサプライカテゴリー5e対応 STP LANケーブル ギガビットイーサネット対応 （ライトグレー・3.0m） KB-STPTS-03 (KBSTPTS03)：ソフマップ　デジタルコレクション,ソフマップ デジタルコレクションSofmap Digital CollectionパソコンタブレットPCHDDアセンブリパーツパソコンパーツテレビゲームブルーレイソフトDVDソフト液晶テレビブルーレイディスクレコーダーデジタル一眼レフカメラデジタルカメラ家電時計中古　ソフトアウトレット中古ノートパソコン中古パソコンサンワサプライカテゴリー5e対応 STP LANケーブル ギガビットイーサネット対応 （ライトグレー・3.0m） KB-STPTS-03 (KBSTPTS03),サンワサプライカテゴリー5e対応 STP LANケーブル ギガビットイーサネット対応 （ライトグレー・3.0m） KB-STPTS-03 (KBSTPTS03)[rn]
8-97262,http://tshop.r10s.jp/akibamac/cabinet/04720173/4953103418899.jpg?fitin=700:700,148.8000,,パソコン・周辺機器 > PCアクセサリー > ケーブル > LANケーブル,エレコムカテゴリー5e対応 LANケーブル （ホワイト・3.0m） LD-CTN/WH3 (LDCTNWH3),,"<table border=""0"" cellpadding=""0"" cellspacing=""0"" width=""710"" style=""line-height:140%;""><tr><td><font size=""2"">［CAT5e、3.0m、ホワイト］<br>安定したデータ転送が可能なカテゴリー5Eに対応した、スタンダードなLANケーブル。<br><br>◆安定したデータ転送が可能な、カテゴリー5E対応のスタンダードなLANケーブルです。<br>◆十字介在をなくしたヨリ線仕様なので、柔らかく取り回しが簡単で、狭い場所での敷設も容易です。<br>◆スリムコネクタを採用していますので、隣接するポートでも干渉することがありません。<br>◆コネクタの全長は約3cmとコンパクトなので、狭い場所でも取り回しが簡単です。<br>◆着脱やケーブルの振れによる結線部の断線に強い、モールド加工タイプです。<br>◆EUの「RoHS指令(電気・電子機器に対する特定有害物質の使用制限)」に準拠した環境にやさしい製品です。<br>◆PLC、ADSL回線、CATV回線、光通信回線、ISDN回線に対応しています。<br><br></font></td></tr></table><style type=""text/css"">
<!--
.rakuten-camp {
	width: 725px;
	border: 2px solid #3399FF;
	padding-top: 5px;
	-moz-border-radius:4px; /*Firefox*/
	-webkit-border-radius: 4px; /*Safari,Chrome*/
	border-radius:4px; /*Opera,Chrome*/
	margin:0 10px 10px 0;
}

/* 価格に枠線がつく */
table#rakutenLimitedId_cart {
    background-color: #f8f8f8;
    border: 1px solid #ddd;
    padding: 8px;
    margin: 16px 0;
}

span.price1 {
    color: #333 !important;
    font-weight: bold;
    font-size: 80% !important;
    line-height: 30px;
    display: inline-block;
    margin-right: 16px;
}

-->
</style>

<!--バナーエリア-->

<!--【消すな！】★★★ height=""380"" で設定してください。★★★-->
<!--バナーエリアここまで-->

<!--楽天キャンペーン-->

<h2 style=""margin:20px 0 10px 0;""><img src=""http://www.rakuten.ne.jp/gold/akibamac/frame/images/rakuten_title2.gif"" alt=""楽天市場のお得なキャンペーン"" width=""730"" height=""42"" border=""0""></h2>
<div class=""rakuten-camp"" style=""margin:0 0 0 0;"">


<!--楽天キャンペーン@ここまで-->",エレコムカテゴリー5e対応 LANケーブル （ホワイト・3.0m） LD-CTN/WH3 (LDCTNWH3)：ソフマップ　デジタルコレクション,ソフマップ デジタルコレクションSofmap Digital CollectionパソコンタブレットPCHDDアセンブリパーツパソコンパーツテレビゲームブルーレイソフトDVDソフト液晶テレビブルーレイディスクレコーダーデジタル一眼レフカメラデジタルカメラ家電時計中古　ソフトアウトレット中古ノートパソコン中古パソコンエレコムカテゴリー5e対応 LANケーブル （ホワイト・3.0m） LD-CTN/WH3 (LDCTNWH3),エレコムカテゴリー5e対応 LANケーブル （ホワイト・3.0m） LD-CTN/WH3 (LDCTNWH3)[rn]
8-97263,http://tshop.r10s.jp/akibamac/cabinet/03145114/4953103202658.jpg?fitin=700:700,196.0000,,パソコン・周辺機器 > PCアクセサリー > ケーブル > LANケーブル,エレコム LD-CTY/LG3(エンハンスドカテゴリ5 ストレート やわらかLANケーブル/3m/グレー) (LD-CTYLG3),,"<br><table border=""0"" cellpadding=""0"" cellspacing=""0"" width=""710"" style=""line-height:140%;""><tr><td><font size=""2"">ホームユースで利用度の高い1000BASE-T や100BASE-TX といった環境で、リーズナブルな価格を実現しながら、安定したデータ転送速度を確保します。<br><br></font></td></tr></table><table cellspacing=""0"" cellpadding=""4"" border=""1"" width=""710"" bordercolor=""#cccccc""><tr><td width=""180"" bgcolor=""#efefef""><font size=""2"">商品名</font></td><td width=""530""><font size=""2"">CAT5E準拠 やわらかLANケーブル （ライトグレー・3m）　 LD-CTY/LG3</font></td></tr><tr><td width=""180"" bgcolor=""#efefef""><font size=""2"">メーカー</font></td><td width=""530""><font size=""2"">エレコム</font></td></tr><tr><td width=""180"" bgcolor=""#efefef""><font size=""2"">型番</font></td><td width=""530""><font size=""2"">LD-CTY/LG3</font></td></tr><tr><td width=""180"" bgcolor=""#efefef""><font size=""2"">JANコード</font></td><td width=""530""><font size=""2"">4953103202658</font></td></tr><tr><td width=""180"" bgcolor=""#efefef""><font size=""2"">色</font></td><td width=""530""><font size=""2"">ライトグレー</font></td></tr><tr><td width=""180"" bgcolor=""#efefef""><font size=""2"">発売年月</font></td><td width=""530""><font size=""2"">2008/06</font></td></tr><tr><td width=""180"" bgcolor=""#efefef""><font size=""2"">ケーブル長さ</font></td><td width=""530""><font size=""2"">3m</font></td></tr><tr><td width=""180"" bgcolor=""#efefef""><font size=""2"">ケーブル構造</font></td><td width=""530""><font size=""2"">ヨリ線・ストレート</font></td></tr><tr><td width=""180"" bgcolor=""#efefef""><font size=""2"">対応環境（機器）</font></td><td width=""530""><font size=""2"">1000BASE-T、100BASE-TX、10BASE-T</font></td></tr><tr><td width=""180"" bgcolor=""#efefef""><font size=""2"">単線・より線</font></td><td width=""530""><font size=""2"">より線</font></td></tr><tr><td width=""180"" bgcolor=""#efefef""><font size=""2"">ストレート・クロス</font></td><td width=""530""><font size=""2"">ストレート</font></td></tr><tr><td width=""180"" bgcolor=""#efefef""><font size=""2"">s001#長さで選ぶ</font></td><td width=""530""><font size=""2"">004#3m～</font></td></tr><tr><td width=""180"" bgcolor=""#efefef""><font size=""2"">s002#カテゴリーで選ぶ</font></td><td width=""530""><font size=""2"">002#カテゴリー5e</font></td></tr><tr><td width=""180"" bgcolor=""#efefef""><font size=""2"">s003#タイプで選ぶ</font></td><td width=""530""><font size=""2"">001#スタンダード</font></td></tr><tr><td width=""180"" bgcolor=""#efefef""><font size=""2"">s004#色で選ぶ</font></td><td width=""530""><font size=""2"">013#グレー系</font></td></tr><tr><td width=""180"" bgcolor=""#efefef""><font size=""2"">商品名</font></td><td width=""530""><font size=""2"">CAT5E準拠 やわらかLANケーブル （ライトグレー・3m）　 LD-CTY/LG3</font></td></tr><tr><td width=""180"" bgcolor=""#efefef""><font size=""2"">メーカー</font></td><td width=""530""><font size=""2"">エレコム</font></td></tr><tr><td width=""180"" bgcolor=""#efefef""><font size=""2"">型番</font></td><td width=""530""><font size=""2"">LD-CTY/LG3</font></td></tr><tr><td width=""180"" bgcolor=""#efefef""><font size=""2"">JANコード</font></td><td width=""530""><font size=""2"">4953103202658</font></td></tr><tr><td width=""180"" bgcolor=""#efefef""><font size=""2"">色</font></td><td width=""530""><font size=""2"">ライトグレー</font></td></tr><tr><td width=""180"" bgcolor=""#efefef""><font size=""2"">発売年月</font></td><td width=""530""><font size=""2"">2008/06</font></td></tr><tr><td width=""180"" bgcolor=""#efefef""><font size=""2"">ケーブル長さ</font></td><td width=""530""><font size=""2"">3m</font></td></tr><tr><td width=""180"" bgcolor=""#efefef""><font size=""2"">ケーブル構造</font></td><td width=""530""><font size=""2"">ヨリ線・ストレート</font></td></tr><tr><td width=""180"" bgcolor=""#efefef""><font size=""2"">対応環境（機器）</font></td><td width=""530""><font size=""2"">1000BASE-T、100BASE-TX、10BASE-T</font></td></tr><tr><td width=""180"" bgcolor=""#efefef""><font size=""2"">単線・より線</font></td><td width=""530""><font size=""2"">より線</font></td></tr><tr><td width=""180"" bgcolor=""#efefef""><font size=""2"">ストレート・クロス</font></td><td width=""530""><font size=""2"">ストレート</font></td></tr><tr><td width=""180"" bgcolor=""#efefef""><font size=""2"">s001#長さで選ぶ</font></td><td width=""530""><font size=""2"">004#3m～</font></td></tr><tr><td width=""180"" bgcolor=""#efefef""><font size=""2"">s002#カテゴリーで選ぶ</font></td><td width=""530""><font size=""2"">002#カテゴリー5e</font></td></tr><tr><td width=""180"" bgcolor=""#efefef""><font size=""2"">s003#タイプで選ぶ</font></td><td width=""530""><font size=""2"">001#スタンダード</font></td></tr><tr><td width=""180"" bgcolor=""#efefef""><font size=""2"">s004#色で選ぶ</font></td><td width=""530""><font size=""2"">013#グレー系</font></td></tr></table><style type=""text/css"">
<!--
.rakuten-camp {
	width: 725px;
	border: 2px solid #3399FF;
	padding-top: 5px;
	-moz-border-radius:4px; /*Firefox*/
	-webkit-border-radius: 4px; /*Safari,Chrome*/
	border-radius:4px; /*Opera,Chrome*/
	margin:0 10px 10px 0;
}

/* 価格に枠線がつく */
table#rakutenLimitedId_cart {
    background-color: #f8f8f8;
    border: 1px solid #ddd;
    padding: 8px;
    margin: 16px 0;
}

span.price1 {
    color: #333 !important;
    font-weight: bold;
    font-size: 80% !important;
    line-height: 30px;
    display: inline-block;
    margin-right: 16px;
}

-->
</style>

<!--バナーエリア-->

<!--【消すな！】★★★ height=""380"" で設定してください。★★★-->
<!--バナーエリアここまで-->

<!--楽天キャンペーン-->

<h2 style=""margin:20px 0 10px 0;""><img src=""http://www.rakuten.ne.jp/gold/akibamac/frame/images/rakuten_title2.gif"" alt=""楽天市場のお得なキャンペーン"" width=""730"" height=""42"" border=""0""></h2>
<div class=""rakuten-camp"" style=""margin:0 0 0 0;"">


<!--楽天キャンペーン@ここまで-->",エレコム LD-CTY/LG3(エンハンスドカテゴリ5 ストレート やわらかLANケーブル/3m/グレー) (LD-CTYLG3)：ソフマップ　デジタルコレクション,ソフマップ デジタルコレクションSofmap Digital CollectionパソコンタブレットPCHDDアセンブリパーツパソコンパーツテレビゲームブルーレイソフトDVDソフト液晶テレビブルーレイディスクレコーダーデジタル一眼レフカメラデジタルカメラ家電時計中古　ソフトアウトレット中古ノートパソコン中古パソコンエレコム LD-CTY/LG3(エンハンスドカテゴリ5 ストレート やわらかLANケーブル/3m/グレー) (LD-CTYLG3),エレコム LD-CTY/LG3(エンハンスドカテゴリ5 ストレート やわらかLANケーブル/3m/グレー) (LD-CTYLG3)[rn]
8-97264,http://tshop.r10s.jp/akibamac/cabinet/03927892/4969887566954.jpg?fitin=700:700,532.8000,,パソコン・周辺機器 > PCアクセサリー > ケーブル > LANケーブル,サンワサプライカテゴリー5e対応 LANケーブル L型コネクタ （ライトブルー・3.0m） KB-T5YL-03LB (KBT5YL03LB),,"<table border=""0"" cellpadding=""0"" cellspacing=""0"" width=""710"" style=""line-height:140%;""><tr><td><font size=""2"">［CAT5e、3.0m、ライトブルー］<br>L型コネクタが上下に曲がり、好きな位置で固定できるエンハンスドカテゴリ5LANケーブル。<br><br>◆柔らかく、取り回しが楽な「より線」仕様の高品質エンハンスドカテゴリ5LANケーブルです。<br>◆L型コネクタが上下に曲がり、好きな位置で固定できます。<br>◆コネクタ部の爪が折れにくいよう、ラッチカバー付きコネクタを採用しています。<br>◆サーバーなどのパッチパネルでの接続や、ケーブルの出っぱりを抑えたい場所での使用に最適です。<br>◆伝送速度1000Mbps（1Gbps）、伝送帯域100MHzを実現します。<br><br></font></td></tr></table><style type=""text/css"">
<!--
.rakuten-camp {
	width: 725px;
	border: 2px solid #3399FF;
	padding-top: 5px;
	-moz-border-radius:4px; /*Firefox*/
	-webkit-border-radius: 4px; /*Safari,Chrome*/
	border-radius:4px; /*Opera,Chrome*/
	margin:0 10px 10px 0;
}

/* 価格に枠線がつく */
table#rakutenLimitedId_cart {
    background-color: #f8f8f8;
    border: 1px solid #ddd;
    padding: 8px;
    margin: 16px 0;
}

span.price1 {
    color: #333 !important;
    font-weight: bold;
    font-size: 80% !important;
    line-height: 30px;
    display: inline-block;
    margin-right: 16px;
}

-->
</style>

<!--バナーエリア-->

<!--【消すな！】★★★ height=""380"" で設定してください。★★★-->
<!--バナーエリアここまで-->

<!--楽天キャンペーン-->

<h2 style=""margin:20px 0 10px 0;""><img src=""http://www.rakuten.ne.jp/gold/akibamac/frame/images/rakuten_title2.gif"" alt=""楽天市場のお得なキャンペーン"" width=""730"" height=""42"" border=""0""></h2>
<div class=""rakuten-camp"" style=""margin:0 0 0 0;"">


<!--楽天キャンペーン@ここまで-->",サンワサプライカテゴリー5e対応 LANケーブル L型コネクタ （ライトブルー・3.0m） KB-T5YL-03LB (KBT5YL03LB)：ソフマップ　デジタルコレクション,ソフマップ デジタルコレクションSofmap Digital CollectionパソコンタブレットPCHDDアセンブリパーツパソコンパーツテレビゲームブルーレイソフトDVDソフト液晶テレビブルーレイディスクレコーダーデジタル一眼レフカメラデジタルカメラ家電時計中古　ソフトアウトレット中古ノートパソコン中古パソコンサンワサプライカテゴリー5e対応 LANケーブル L型コネクタ （ライトブルー・3.0m） KB-T5YL-03LB (KBT5YL03LB),サンワサプライカテゴリー5e対応 LANケーブル L型コネクタ （ライトブルー・3.0m） KB-T5YL-03LB (KBT5YL03LB)[rn]
8-97265,http://tshop.r10s.jp/akibamac/cabinet/01800109/4953103202580.jpg?fitin=700:700,200.0000,,パソコン・周辺機器 > PCアクセサリー > ケーブル > LANケーブル,ELECOM/エレコム LANケーブル（3m・ブルー・ストレート・カテゴリ5e・より線・UTP）LD-CTY/BU3,,"<table border=""0"" cellspacing=""2"" width=""580""><tr><td width=""580""><font size=""2"">●やわらかくて配線スッキリ！エンハンスド・カテゴリー5準拠LANケーブル<br>●断線しにくく取り回しやすいヨリ線仕様<br>●隣のポートに干渉しないスリムコネクタ！<br>●爪が折れにくいプロテクタ付きコネクタを採用していますので、安心してコネクタの着脱を行えます。<br>●ADSL/FTTH/CATV/ISDN環境にも対応<br><br><TABLE border=""1"" cellspacing=""0"" cellpadding=""4"" width=""580"" bordercolor=""#111111"" style=""border-collapse: collapse""><tr><td width=180 bgcolor =""#F0F0F0""><font size=""2"">色</td><td width=400><font size=""2""> ブルー</td></tr><tr><td width=180 bgcolor =""#F0F0F0""><font size=""2"">ケーブル長さ</td><td width=400><font size=""2""> 3m</td></tr><tr><td width=180 bgcolor =""#F0F0F0""><font size=""2"">ケーブル構造</td><td width=400><font size=""2""> ヨリ線・ストレート</td></tr><tr><td width=180 bgcolor =""#F0F0F0""><font size=""2"">対応環境（機器）</td><td width=400><font size=""2""> 1000BASE-T、100BASE-TX、10BASE-T</td></tr></TABLE></font></td></tr></table><style type=""text/css"">
<!--
.rakuten-camp {
	width: 725px;
	border: 2px solid #3399FF;
	padding-top: 5px;
	-moz-border-radius:4px; /*Firefox*/
	-webkit-border-radius: 4px; /*Safari,Chrome*/
	border-radius:4px; /*Opera,Chrome*/
	margin:0 10px 10px 0;
}

/* 価格に枠線がつく */
table#rakutenLimitedId_cart {
    background-color: #f8f8f8;
    border: 1px solid #ddd;
    padding: 8px;
    margin: 16px 0;
}

span.price1 {
    color: #333 !important;
    font-weight: bold;
    font-size: 80% !important;
    line-height: 30px;
    display: inline-block;
    margin-right: 16px;
}

-->
</style>

<!--バナーエリア-->

<!--【消すな！】★★★ height=""380"" で設定してください。★★★-->
<!--バナーエリアここまで-->

<!--楽天キャンペーン-->

<h2 style=""margin:20px 0 10px 0;""><img src=""http://www.rakuten.ne.jp/gold/akibamac/frame/images/rakuten_title2.gif"" alt=""楽天市場のお得なキャンペーン"" width=""730"" height=""42"" border=""0""></h2>
<div class=""rakuten-camp"" style=""margin:0 0 0 0;"">


<!--楽天キャンペーン@ここまで-->",ELECOM/エレコム LANケーブル（3m・ブルー・ストレート・カテゴリ5e・より線・UTP）LD-CTY/BU3：ソフマップ　デジタルコレクション,ソフマップ デジタルコレクションSofmap Digital CollectionパソコンタブレットPCHDDアセンブリパーツパソコンパーツテレビゲームブルーレイソフトDVDソフト液晶テレビブルーレイディスクレコーダーデジタル一眼レフカメラデジタルカメラ家電時計中古　ソフトアウトレット中古ノートパソコン中古パソコンELECOM/エレコム LANケーブル（3m・ブルー・ストレート・カテゴリ5e・より線・UTP）LD-CTY/BU3,ELECOM/エレコム LANケーブル（3m・ブルー・ストレート・カテゴリ5e・より線・UTP）LD-CTY/BU3[rn]
8-97266,http://tshop.r10s.jp/akibamac/cabinet/04201613/4969887567074.jpg?fitin=700:700,500.8000,,パソコン・周辺機器 > PCアクセサリー > ケーブル > LANケーブル,サンワサプライカテゴリー5e対応 STP LANケーブル ギガビットイーサネット対応 （ライトブルー・3.0m） KB-STPTS-03BL (KBSTPTS03BL),,"<table border=""0"" cellpadding=""0"" cellspacing=""0"" width=""710"" style=""line-height:140%;""><tr><td><font size=""2"">［CAT5e、3.0m、ライトブルー］<br>ノイズに強いシールドタイプ、ツメの折れないコネクタ採用のカテゴリ5e STP LANケーブル。<br><br>◆曲げても折れないナイロン製ツメと弾力性に優れたPVC（ポリ塩化ビニル）製ツメ折れ防止カバー、丈夫なポリカーボネート製コネクタで、信頼の三重構造です。<br>◆伝送速度1000Mbps（1Gbps）のギガビットイーサネットに対応したエンハンスドカテゴリ5適合のLANケーブルです。<br>◆ツイストペアケーブルをさらにシールドでカバーした、ノイズに強いケーブルです。<br>◆より線仕様なので、柔らかく取り回ししやすくなっています。<br>◆RoHS指令に対応した製品です。<br><br></font></td></tr></table><style type=""text/css"">
<!--
.rakuten-camp {
	width: 725px;
	border: 2px solid #3399FF;
	padding-top: 5px;
	-moz-border-radius:4px; /*Firefox*/
	-webkit-border-radius: 4px; /*Safari,Chrome*/
	border-radius:4px; /*Opera,Chrome*/
	margin:0 10px 10px 0;
}

/* 価格に枠線がつく */
table#rakutenLimitedId_cart {
    background-color: #f8f8f8;
    border: 1px solid #ddd;
    padding: 8px;
    margin: 16px 0;
}

span.price1 {
    color: #333 !important;
    font-weight: bold;
    font-size: 80% !important;
    line-height: 30px;
    display: inline-block;
    margin-right: 16px;
}

-->
</style>

<!--バナーエリア-->

<!--【消すな！】★★★ height=""380"" で設定してください。★★★-->
<!--バナーエリアここまで-->

<!--楽天キャンペーン-->

<h2 style=""margin:20px 0 10px 0;""><img src=""http://www.rakuten.ne.jp/gold/akibamac/frame/images/rakuten_title2.gif"" alt=""楽天市場のお得なキャンペーン"" width=""730"" height=""42"" border=""0""></h2>
<div class=""rakuten-camp"" style=""margin:0 0 0 0;"">


<!--楽天キャンペーン@ここまで-->",サンワサプライカテゴリー5e対応 STP LANケーブル ギガビットイーサネット対応 （ライトブルー・3.0m） KB-STPTS-03BL (KBSTPTS03BL)：ソフマップ　デジタルコレクション,ソフマップ デジタルコレクションSofmap Digital CollectionパソコンタブレットPCHDDアセンブリパーツパソコンパーツテレビゲームブルーレイソフトDVDソフト液晶テレビブルーレイディスクレコーダーデジタル一眼レフカメラデジタルカメラ家電時計中古　ソフトアウトレット中古ノートパソコン中古パソコンサンワサプライカテゴリー5e対応 STP LANケーブル ギガビットイーサネット対応 （ライトブルー・3.0m） KB-STPTS-03BL (KBSTPTS03BL),サンワサプライカテゴリー5e対応 STP LANケーブル ギガビットイーサネット対応 （ライトブルー・3.0m） KB-STPTS-03BL (KBSTPTS03BL)[rn]
8-97267,http://tshop.r10s.jp/akibamac/cabinet/03927892/4953103418783.jpg?fitin=700:700,148.8000,,パソコン・周辺機器 > PCアクセサリー > ケーブル > LANケーブル,エレコムカテゴリー5e対応 LANケーブル （ブルー・3.0m） LD-CTN/BU3 (LDCTNBU3),,"<table border=""0"" cellpadding=""0"" cellspacing=""0"" width=""710"" style=""line-height:140%;""><tr><td><font size=""2"">［CAT5e、3.0m、ブルー］<br>安定したデータ転送が可能なカテゴリー5Eに対応した、スタンダードなLANケーブル。<br><br>◆安定したデータ転送が可能な、カテゴリー5E対応のスタンダードなLANケーブルです。<br>◆十字介在をなくしたヨリ線仕様なので、柔らかく取り回しが簡単で、狭い場所での敷設も容易です。<br>◆スリムコネクタを採用していますので、隣接するポートでも干渉することがありません。<br>◆コネクタの全長は約3cmとコンパクトなので、狭い場所でも取り回しが簡単です。<br>◆着脱やケーブルの振れによる結線部の断線に強い、モールド加工タイプです。<br>◆EUの「RoHS指令(電気・電子機器に対する特定有害物質の使用制限)」に準拠した環境にやさしい製品です。<br>◆PLC、ADSL回線、CATV回線、光通信回線、ISDN回線に対応しています。<br><br></font></td></tr></table><style type=""text/css"">
<!--
.rakuten-camp {
	width: 725px;
	border: 2px solid #3399FF;
	padding-top: 5px;
	-moz-border-radius:4px; /*Firefox*/
	-webkit-border-radius: 4px; /*Safari,Chrome*/
	border-radius:4px; /*Opera,Chrome*/
	margin:0 10px 10px 0;
}

/* 価格に枠線がつく */
table#rakutenLimitedId_cart {
    background-color: #f8f8f8;
    border: 1px solid #ddd;
    padding: 8px;
    margin: 16px 0;
}

span.price1 {
    color: #333 !important;
    font-weight: bold;
    font-size: 80% !important;
    line-height: 30px;
    display: inline-block;
    margin-right: 16px;
}

-->
</style>

<!--バナーエリア-->

<!--【消すな！】★★★ height=""380"" で設定してください。★★★-->
<!--バナーエリアここまで-->

<!--楽天キャンペーン-->

<h2 style=""margin:20px 0 10px 0;""><img src=""http://www.rakuten.ne.jp/gold/akibamac/frame/images/rakuten_title2.gif"" alt=""楽天市場のお得なキャンペーン"" width=""730"" height=""42"" border=""0""></h2>
<div class=""rakuten-camp"" style=""margin:0 0 0 0;"">


<!--楽天キャンペーン@ここまで-->",エレコムカテゴリー5e対応 LANケーブル （ブルー・3.0m） LD-CTN/BU3 (LDCTNBU3)：ソフマップ　デジタルコレクション,ソフマップ デジタルコレクションSofmap Digital CollectionパソコンタブレットPCHDDアセンブリパーツパソコンパーツテレビゲームブルーレイソフトDVDソフト液晶テレビブルーレイディスクレコーダーデジタル一眼レフカメラデジタルカメラ家電時計中古　ソフトアウトレット中古ノートパソコン中古パソコンエレコムカテゴリー5e対応 LANケーブル （ブルー・3.0m） LD-CTN/BU3 (LDCTNBU3),エレコムカテゴリー5e対応 LANケーブル （ブルー・3.0m） LD-CTN/BU3 (LDCTNBU3)[rn]
8-97268,http://tshop.r10s.jp/akibamac/cabinet/03927892/4953103418721.jpg?fitin=700:700,148.8000,,パソコン・周辺機器 > PCアクセサリー > ケーブル > LANケーブル,エレコムカテゴリー5e対応 LANケーブル （ブラック・3.0m） LD-CTN/BK3 (LDCTNBK3),,"<table border=""0"" cellpadding=""0"" cellspacing=""0"" width=""710"" style=""line-height:140%;""><tr><td><font size=""2"">［CAT5e、3.0m、ブラック］<br>安定したデータ転送が可能なカテゴリー5Eに対応した、スタンダードなLANケーブル。<br><br>◆安定したデータ転送が可能な、カテゴリー5E対応のスタンダードなLANケーブルです。<br>◆十字介在をなくしたヨリ線仕様なので、柔らかく取り回しが簡単で、狭い場所での敷設も容易です。<br>◆スリムコネクタを採用していますので、隣接するポートでも干渉することがありません。<br>◆コネクタの全長は約3cmとコンパクトなので、狭い場所でも取り回しが簡単です。<br>◆着脱やケーブルの振れによる結線部の断線に強い、モールド加工タイプです。<br>◆EUの「RoHS指令(電気・電子機器に対する特定有害物質の使用制限)」に準拠した環境にやさしい製品です。<br>◆PLC、ADSL回線、CATV回線、光通信回線、ISDN回線に対応しています。<br><br></font></td></tr></table><style type=""text/css"">
<!--
.rakuten-camp {
	width: 725px;
	border: 2px solid #3399FF;
	padding-top: 5px;
	-moz-border-radius:4px; /*Firefox*/
	-webkit-border-radius: 4px; /*Safari,Chrome*/
	border-radius:4px; /*Opera,Chrome*/
	margin:0 10px 10px 0;
}

/* 価格に枠線がつく */
table#rakutenLimitedId_cart {
    background-color: #f8f8f8;
    border: 1px solid #ddd;
    padding: 8px;
    margin: 16px 0;
}

span.price1 {
    color: #333 !important;
    font-weight: bold;
    font-size: 80% !important;
    line-height: 30px;
    display: inline-block;
    margin-right: 16px;
}

-->
</style>

<!--バナーエリア-->

<!--【消すな！】★★★ height=""380"" で設定してください。★★★-->
<!--バナーエリアここまで-->

<!--楽天キャンペーン-->

<h2 style=""margin:20px 0 10px 0;""><img src=""http://www.rakuten.ne.jp/gold/akibamac/frame/images/rakuten_title2.gif"" alt=""楽天市場のお得なキャンペーン"" width=""730"" height=""42"" border=""0""></h2>
<div class=""rakuten-camp"" style=""margin:0 0 0 0;"">


<!--楽天キャンペーン@ここまで-->",エレコムカテゴリー5e対応 LANケーブル （ブラック・3.0m） LD-CTN/BK3 (LDCTNBK3)：ソフマップ　デジタルコレクション,ソフマップ デジタルコレクションSofmap Digital CollectionパソコンタブレットPCHDDアセンブリパーツパソコンパーツテレビゲームブルーレイソフトDVDソフト液晶テレビブルーレイディスクレコーダーデジタル一眼レフカメラデジタルカメラ家電時計中古　ソフトアウトレット中古ノートパソコン中古パソコンエレコムカテゴリー5e対応 LANケーブル （ブラック・3.0m） LD-CTN/BK3 (LDCTNBK3),エレコムカテゴリー5e対応 LANケーブル （ブラック・3.0m） LD-CTN/BK3 (LDCTNBK3)[rn]
8-97269,http://tshop.r10s.jp/akibamac/cabinet/03927892/4953103847828.jpg?fitin=700:700,286.4000,,パソコン・周辺機器 > PCアクセサリー > ケーブル > LANケーブル,エレコムLD-CTXT/BU30 カテゴリ5E対応 ツメ折れ防止クロスケーブル (3.0m/ブルー) (LDCTXTBU30),,"<table border=""0"" cellpadding=""0"" cellspacing=""0"" width=""710"" style=""line-height:140%;""><tr><td><font size=""2"">■ツメ折れ防止プロテクタと屈曲に対する耐久性が高い新素材コネクタを採用したダブル構造で、通常の使用環境では絶対にツメが折れないクロスケーブルです。※1000回の屈曲検査に合格(エレコム社検証)<br>■ツメ折れによるケーブルの脱落が防げ、長期にわたってしっかりとLANポートに固定することができます。<br>■カテゴリー5Eに準拠したクロスケーブルで、パソコン同士を接続するのに便利です。<br>■100BASE-TXや1000BASE-Tといった環境で安定したデータ転送が可能です。<br>■十字介在をなくしたツイストペア(ヨリ対線)仕様なので、柔らかく取り回しが簡単で、狭い場所での敷設も容易です。<br>■隣接するポートに干渉することがないスリムコネクタを採用しています。<br>■EUの「RoHS指令(電気・電子機器に対する特定有害物質の使用制限)」に準拠した環境にやさしい製品です。<br><br></font></td></tr></table><style type=""text/css"">
<!--
.rakuten-camp {
	width: 725px;
	border: 2px solid #3399FF;
	padding-top: 5px;
	-moz-border-radius:4px; /*Firefox*/
	-webkit-border-radius: 4px; /*Safari,Chrome*/
	border-radius:4px; /*Opera,Chrome*/
	margin:0 10px 10px 0;
}

/* 価格に枠線がつく */
table#rakutenLimitedId_cart {
    background-color: #f8f8f8;
    border: 1px solid #ddd;
    padding: 8px;
    margin: 16px 0;
}

span.price1 {
    color: #333 !important;
    font-weight: bold;
    font-size: 80% !important;
    line-height: 30px;
    display: inline-block;
    margin-right: 16px;
}

-->
</style>

<!--バナーエリア-->

<!--【消すな！】★★★ height=""380"" で設定してください。★★★-->
<!--バナーエリアここまで-->

<!--楽天キャンペーン-->

<h2 style=""margin:20px 0 10px 0;""><img src=""http://www.rakuten.ne.jp/gold/akibamac/frame/images/rakuten_title2.gif"" alt=""楽天市場のお得なキャンペーン"" width=""730"" height=""42"" border=""0""></h2>
<div class=""rakuten-camp"" style=""margin:0 0 0 0;"">


<!--楽天キャンペーン@ここまで-->",エレコムLD-CTXT/BU30 カテゴリ5E対応 ツメ折れ防止クロスケーブル (3.0m/ブルー) (LDCTXTBU30)：ソフマップ　デジタルコレクション,ソフマップ デジタルコレクションSofmap Digital CollectionパソコンタブレットPCHDDアセンブリパーツパソコンパーツテレビゲームブルーレイソフトDVDソフト液晶テレビブルーレイディスクレコーダーデジタル一眼レフカメラデジタルカメラ家電時計中古　ソフトアウトレット中古ノートパソコン中古パソコンエレコムLD-CTXT/BU30 カテゴリ5E対応 ツメ折れ防止クロスケーブル (3.0m/ブルー) (LDCTXTBU30),エレコムLD-CTXT/BU30 カテゴリ5E対応 ツメ折れ防止クロスケーブル (3.0m/ブルー) (LDCTXTBU30)[rn]
8-97270,http://tshop.r10s.jp/akibamac/cabinet/03927892/4969887565506.jpg?fitin=700:700,478.4000,,パソコン・周辺機器 > PCアクセサリー > ケーブル > LANケーブル,サンワサプライカテゴリー5e対応 LANケーブル （ブラック・7.0m） LA-Y5TS-07BK (LAY5TS07BK),,"<table border=""0"" cellpadding=""0"" cellspacing=""0"" width=""710"" style=""line-height:140%;""><tr><td><font size=""2"">［CAT5e、7.0m、ブラック］<br>屈曲性能に優れた柔らかいツメを採用。ツメ折れ防止カバー付きギガビット対応LANケーブル。<br><br>◆屈曲性能に優れた柔らかいツメを採用し、180度曲げても折れません。しかもツメ折れ防止カバー付きのダブル安心構造です。<br>◆伝送速度1000Mbps（1Gbps）、伝送帯域100MHzを実現した、ギガビット対応LANケーブルです。<br>◆単線に比べて柔らかく、取り回しが楽な「より線」仕様です。<br>◆簡易パッケージを採用しています。<br><br></font></td></tr></table><style type=""text/css"">
<!--
.rakuten-camp {
	width: 725px;
	border: 2px solid #3399FF;
	padding-top: 5px;
	-moz-border-radius:4px; /*Firefox*/
	-webkit-border-radius: 4px; /*Safari,Chrome*/
	border-radius:4px; /*Opera,Chrome*/
	margin:0 10px 10px 0;
}

/* 価格に枠線がつく */
table#rakutenLimitedId_cart {
    background-color: #f8f8f8;
    border: 1px solid #ddd;
    padding: 8px;
    margin: 16px 0;
}

span.price1 {
    color: #333 !important;
    font-weight: bold;
    font-size: 80% !important;
    line-height: 30px;
    display: inline-block;
    margin-right: 16px;
}

-->
</style>

<!--バナーエリア-->

<!--【消すな！】★★★ height=""380"" で設定してください。★★★-->
<!--バナーエリアここまで-->

<!--楽天キャンペーン-->

<h2 style=""margin:20px 0 10px 0;""><img src=""http://www.rakuten.ne.jp/gold/akibamac/frame/images/rakuten_title2.gif"" alt=""楽天市場のお得なキャンペーン"" width=""730"" height=""42"" border=""0""></h2>
<div class=""rakuten-camp"" style=""margin:0 0 0 0;"">


<!--楽天キャンペーン@ここまで-->",サンワサプライカテゴリー5e対応 LANケーブル （ブラック・7.0m） LA-Y5TS-07BK (LAY5TS07BK)：ソフマップ　デジタルコレクション,ソフマップ デジタルコレクションSofmap Digital CollectionパソコンタブレットPCHDDアセンブリパーツパソコンパーツテレビゲームブルーレイソフトDVDソフト液晶テレビブルーレイディスクレコーダーデジタル一眼レフカメラデジタルカメラ家電時計中古　ソフトアウトレット中古ノートパソコン中古パソコンサンワサプライカテゴリー5e対応 LANケーブル （ブラック・7.0m） LA-Y5TS-07BK (LAY5TS07BK),サンワサプライカテゴリー5e対応 LANケーブル （ブラック・7.0m） LA-Y5TS-07BK (LAY5TS07BK)[rn]
8-97271,http://tshop.r10s.jp/akibamac/cabinet/03927892/4969887565490.jpg?fitin=700:700,478.4000,,パソコン・周辺機器 > PCアクセサリー > ケーブル > LANケーブル,サンワサプライカテゴリー5e対応 LANケーブル （ホワイト・7.0m） LA-Y5TS-07 (LAY5TS07),,"<table border=""0"" cellpadding=""0"" cellspacing=""0"" width=""710"" style=""line-height:140%;""><tr><td><font size=""2"">［CAT5e、7.0m、ホワイト］<br>屈曲性能に優れた柔らかいツメを採用。ツメ折れ防止カバー付きギガビット対応LANケーブル。<br><br>◆屈曲性能に優れた柔らかいツメを採用し、180度曲げても折れません。しかもツメ折れ防止カバー付きのダブル安心構造です。<br>◆伝送速度1000Mbps（1Gbps）、伝送帯域100MHzを実現した、ギガビット対応LANケーブルです。<br>◆単線に比べて柔らかく、取り回しが楽な「より線」仕様です。<br>◆簡易パッケージを採用しています。<br><br></font></td></tr></table><style type=""text/css"">
<!--
.rakuten-camp {
	width: 725px;
	border: 2px solid #3399FF;
	padding-top: 5px;
	-moz-border-radius:4px; /*Firefox*/
	-webkit-border-radius: 4px; /*Safari,Chrome*/
	border-radius:4px; /*Opera,Chrome*/
	margin:0 10px 10px 0;
}

/* 価格に枠線がつく */
table#rakutenLimitedId_cart {
    background-color: #f8f8f8;
    border: 1px solid #ddd;
    padding: 8px;
    margin: 16px 0;
}

span.price1 {
    color: #333 !important;
    font-weight: bold;
    font-size: 80% !important;
    line-height: 30px;
    display: inline-block;
    margin-right: 16px;
}

-->
</style>

<!--バナーエリア-->

<!--【消すな！】★★★ height=""380"" で設定してください。★★★-->
<!--バナーエリアここまで-->

<!--楽天キャンペーン-->

<h2 style=""margin:20px 0 10px 0;""><img src=""http://www.rakuten.ne.jp/gold/akibamac/frame/images/rakuten_title2.gif"" alt=""楽天市場のお得なキャンペーン"" width=""730"" height=""42"" border=""0""></h2>
<div class=""rakuten-camp"" style=""margin:0 0 0 0;"">


<!--楽天キャンペーン@ここまで-->",サンワサプライカテゴリー5e対応 LANケーブル （ホワイト・7.0m） LA-Y5TS-07 (LAY5TS07)：ソフマップ　デジタルコレクション,ソフマップ デジタルコレクションSofmap Digital CollectionパソコンタブレットPCHDDアセンブリパーツパソコンパーツテレビゲームブルーレイソフトDVDソフト液晶テレビブルーレイディスクレコーダーデジタル一眼レフカメラデジタルカメラ家電時計中古　ソフトアウトレット中古ノートパソコン中古パソコンサンワサプライカテゴリー5e対応 LANケーブル （ホワイト・7.0m） LA-Y5TS-07 (LAY5TS07),サンワサプライカテゴリー5e対応 LANケーブル （ホワイト・7.0m） LA-Y5TS-07 (LAY5TS07)[rn]
8-97272,http://tshop.r10s.jp/akibamac/cabinet/03927892/4953103847422.jpg?fitin=700:700,401.6000,,パソコン・周辺機器 > PCアクセサリー > ケーブル > LANケーブル,エレコムLD-CTT/BK70 カテゴリ5E対応 ツメ折れ防止LANケーブル (7.0m/ブラック) (LDCTTBK70),,"<table border=""0"" cellpadding=""0"" cellspacing=""0"" width=""710"" style=""line-height:140%;""><tr><td><font size=""2"">■ツメ折れ防止プロテクタと屈曲に対する耐久性が高い新素材コネクタを採用したダブル構造で、通常の使用環境では絶対にツメが折れないLANケーブルです。※1000回の屈曲検査に合格(エレコム社検証)<br>■ツメ折れによるケーブルの脱落が防げ、長期にわたってしっかりとLANポートに固定することができます。<br>■カテゴリー5Eに対応したスタンダードなLANケーブルです。<br>■100BASE-TXや1000BASE-Tといった環境で安定したデータ転送が可能です。<br>■十字介在をなくしたツイストペア(ヨリ対線)仕様なので、柔らかく取り回しが簡単で、狭い場所での敷設も容易です。<br>■隣接するポートに干渉することがないスリムコネクタを採用しています。<br>■EUの「RoHS指令(電気・電子機器に対する特定有害物質の使用制限)」に準拠した環境にやさしい製品です。<br><br></font></td></tr></table><style type=""text/css"">
<!--
.rakuten-camp {
	width: 725px;
	border: 2px solid #3399FF;
	padding-top: 5px;
	-moz-border-radius:4px; /*Firefox*/
	-webkit-border-radius: 4px; /*Safari,Chrome*/
	border-radius:4px; /*Opera,Chrome*/
	margin:0 10px 10px 0;
}

/* 価格に枠線がつく */
table#rakutenLimitedId_cart {
    background-color: #f8f8f8;
    border: 1px solid #ddd;
    padding: 8px;
    margin: 16px 0;
}

span.price1 {
    color: #333 !important;
    font-weight: bold;
    font-size: 80% !important;
    line-height: 30px;
    display: inline-block;
    margin-right: 16px;
}

-->
</style>

<!--バナーエリア-->

<!--【消すな！】★★★ height=""380"" で設定してください。★★★-->
<!--バナーエリアここまで-->

<!--楽天キャンペーン-->

<h2 style=""margin:20px 0 10px 0;""><img src=""http://www.rakuten.ne.jp/gold/akibamac/frame/images/rakuten_title2.gif"" alt=""楽天市場のお得なキャンペーン"" width=""730"" height=""42"" border=""0""></h2>
<div class=""rakuten-camp"" style=""margin:0 0 0 0;"">


<!--楽天キャンペーン@ここまで-->",エレコムLD-CTT/BK70 カテゴリ5E対応 ツメ折れ防止LANケーブル (7.0m/ブラック) (LDCTTBK70)：ソフマップ　デジタルコレクション,ソフマップ デジタルコレクションSofmap Digital CollectionパソコンタブレットPCHDDアセンブリパーツパソコンパーツテレビゲームブルーレイソフトDVDソフト液晶テレビブルーレイディスクレコーダーデジタル一眼レフカメラデジタルカメラ家電時計中古　ソフトアウトレット中古ノートパソコン中古パソコンエレコムLD-CTT/BK70 カテゴリ5E対応 ツメ折れ防止LANケーブル (7.0m/ブラック) (LDCTTBK70),エレコムLD-CTT/BK70 カテゴリ5E対応 ツメ折れ防止LANケーブル (7.0m/ブラック) (LDCTTBK70)[rn]
8-97273,http://tshop.r10s.jp/akibamac/cabinet/03708186/4969887566398.jpg?fitin=700:700,415.2000,,パソコン・周辺機器 > PCアクセサリー > ケーブル > LANケーブル,サンワサプライ LA-Y5TS-07G カテゴリー5e対応ツメ折れ防止LANケーブル (7m/簡易パッケージ/グリーン) (LAY5TS07G),,"<table border=""0"" cellpadding=""0"" cellspacing=""0"" width=""710"" style=""line-height:140%;""><tr><td><font size=""2"">■屈曲性能に優れた柔らかいツメを採用し、180度曲げても折れません。しかもツメ折れ防止カバー付きのダブル安心構造です。<br>※1000回の屈曲試験に合格。（サンワサプライ社内テスト）<br>■伝送速度1000Mbps（1Gbps）、伝送帯域100MHzを実現した、ギガビット対応LANケーブルです。<br>■単線に比べて柔らかく、取り回しが楽な「より線」仕様です。<br>■簡易パッケージを採用しています。<br>■RoHS指令に対応した製品です。<br><br>【製品仕様】<br>色：グリーン<br>本体サイズ：ケーブル直径：4.9mm<br>カテゴリー：カテゴリー5e対応<br>ケーブル長さ：7m<br>コネクタ形状：RJ-45つめ折れ防止コネクタ(ラッチカバー付き)<br>ケーブル構造：AWG26より線ツイストペアケーブル、ストレート全結線<br>対応伝送帯域：エンハンスドカテゴリ5（1000BASE-T）、カテゴリ5（100BASE-TX）、カテゴリ3（10BASE-T）適合<br>対応環境（機器）：ADSLモデム、CATVモデム、FTTH、デジタルテレビ、ハードディスクレコーダ（RJ-45ポートを持つ機種）、INS64（30m以下）対応<br>特徴：対応環境：ADSL回線（フレッツADSL、Yahoo!BB ADSL）、光回線（Bフレッツ、フレッツ光プレミアム、eo光、Yahoo!BB光）、CATV回線（J:COM ZAQ）<br><br></font></td></tr></table><style type=""text/css"">
<!--
.rakuten-camp {
	width: 725px;
	border: 2px solid #3399FF;
	padding-top: 5px;
	-moz-border-radius:4px; /*Firefox*/
	-webkit-border-radius: 4px; /*Safari,Chrome*/
	border-radius:4px; /*Opera,Chrome*/
	margin:0 10px 10px 0;
}

/* 価格に枠線がつく */
table#rakutenLimitedId_cart {
    background-color: #f8f8f8;
    border: 1px solid #ddd;
    padding: 8px;
    margin: 16px 0;
}

span.price1 {
    color: #333 !important;
    font-weight: bold;
    font-size: 80% !important;
    line-height: 30px;
    display: inline-block;
    margin-right: 16px;
}

-->
</style>

<!--バナーエリア-->

<!--【消すな！】★★★ height=""380"" で設定してください。★★★-->
<!--バナーエリアここまで-->

<!--楽天キャンペーン-->

<h2 style=""margin:20px 0 10px 0;""><img src=""http://www.rakuten.ne.jp/gold/akibamac/frame/images/rakuten_title2.gif"" alt=""楽天市場のお得なキャンペーン"" width=""730"" height=""42"" border=""0""></h2>
<div class=""rakuten-camp"" style=""margin:0 0 0 0;"">


<!--楽天キャンペーン@ここまで-->",サンワサプライ LA-Y5TS-07G カテゴリー5e対応ツメ折れ防止LANケーブル (7m/簡易パッケージ/グリーン) (LAY5TS07G)：ソフマップ　デジタルコレクション,ソフマップ デジタルコレクションSofmap Digital CollectionパソコンタブレットPCHDDアセンブリパーツパソコンパーツテレビゲームブルーレイソフトDVDソフト液晶テレビブルーレイディスクレコーダーデジタル一眼レフカメラデジタルカメラ家電時計中古　ソフトアウトレット中古ノートパソコン中古パソコンサンワサプライ LA-Y5TS-07G カテゴリー5e対応ツメ折れ防止LANケーブル (7m/簡易パッケージ/グリーン) (LAY5TS07G),サンワサプライ LA-Y5TS-07G カテゴリー5e対応ツメ折れ防止LANケーブル (7m/簡易パッケージ/グリーン) (LAY5TS07G)[rn]
8-97274,http://tshop.r10s.jp/akibamac/cabinet/03927892/4953103418851.jpg?fitin=700:700,1208.0000,,パソコン・周辺機器 > PCアクセサリー > ケーブル > LANケーブル,エレコムカテゴリー5e対応 LANケーブル （ブルー・40m） LD-CTN/BU40 (LDCTNBU40),,"<table border=""0"" cellpadding=""0"" cellspacing=""0"" width=""710"" style=""line-height:140%;""><tr><td><font size=""2"">［CAT5e、40m、ブルー］<br>安定したデータ転送が可能なカテゴリー5Eに対応した、スタンダードなLANケーブル。<br><br>◆安定したデータ転送が可能な、カテゴリー5E対応のスタンダードなLANケーブルです。<br>◆十字介在をなくしたヨリ線仕様なので、柔らかく取り回しが簡単で、狭い場所での敷設も容易です。<br>◆スリムコネクタを採用していますので、隣接するポートでも干渉することがありません。<br>◆コネクタの全長は約3cmとコンパクトなので、狭い場所でも取り回しが簡単です。<br>◆着脱やケーブルの振れによる結線部の断線に強い、モールド加工タイプです。<br>◆EUの「RoHS指令(電気・電子機器に対する特定有害物質の使用制限)」に準拠した環境にやさしい製品です。<br>◆PLC、ADSL回線、CATV回線、光通信回線、ISDN回線に対応しています。<br><br></font></td></tr></table><style type=""text/css"">
<!--
.rakuten-camp {
	width: 725px;
	border: 2px solid #3399FF;
	padding-top: 5px;
	-moz-border-radius:4px; /*Firefox*/
	-webkit-border-radius: 4px; /*Safari,Chrome*/
	border-radius:4px; /*Opera,Chrome*/
	margin:0 10px 10px 0;
}

/* 価格に枠線がつく */
table#rakutenLimitedId_cart {
    background-color: #f8f8f8;
    border: 1px solid #ddd;
    padding: 8px;
    margin: 16px 0;
}

span.price1 {
    color: #333 !important;
    font-weight: bold;
    font-size: 80% !important;
    line-height: 30px;
    display: inline-block;
    margin-right: 16px;
}

-->
</style>

<!--バナーエリア-->

<!--【消すな！】★★★ height=""380"" で設定してください。★★★-->
<!--バナーエリアここまで-->

<!--楽天キャンペーン-->

<h2 style=""margin:20px 0 10px 0;""><img src=""http://www.rakuten.ne.jp/gold/akibamac/frame/images/rakuten_title2.gif"" alt=""楽天市場のお得なキャンペーン"" width=""730"" height=""42"" border=""0""></h2>
<div class=""rakuten-camp"" style=""margin:0 0 0 0;"">


<!--楽天キャンペーン@ここまで-->",エレコムカテゴリー5e対応 LANケーブル （ブルー・40m） LD-CTN/BU40 (LDCTNBU40)：ソフマップ　デジタルコレクション,ソフマップ デジタルコレクションSofmap Digital CollectionパソコンタブレットPCHDDアセンブリパーツパソコンパーツテレビゲームブルーレイソフトDVDソフト液晶テレビブルーレイディスクレコーダーデジタル一眼レフカメラデジタルカメラ家電時計中古　ソフトアウトレット中古ノートパソコン中古パソコンエレコムカテゴリー5e対応 LANケーブル （ブルー・40m） LD-CTN/BU40 (LDCTNBU40),エレコムカテゴリー5e対応 LANケーブル （ブルー・40m） LD-CTN/BU40 (LDCTNBU40)[rn]
8-97275,http://tshop.r10s.jp/akibamac/cabinet/01800109/4953103202610.jpg?fitin=700:700,489.6000,,パソコン・周辺機器 > PCアクセサリー > ケーブル > LANケーブル,ELECOM/エレコム LANケーブル（10m・ブルー・ストレート・カテゴリ5e・より線・UTP）LD-CTY/BU10,,"<table border=""0"" cellspacing=""2"" width=""580""><tr><td width=""580""><font size=""2"">●やわらかくて配線スッキリ！エンハンスド・カテゴリー5準拠LANケーブル<br>●断線しにくく取り回しやすいヨリ線仕様<br>●隣のポートに干渉しないスリムコネクタ！<br>●爪が折れにくいプロテクタ付きコネクタを採用していますので、安心してコネクタの着脱を行えます。<br>●ADSL/FTTH/CATV/ISDN環境にも対応<br><br><TABLE border=""1"" cellspacing=""0"" cellpadding=""4"" width=""580"" bordercolor=""#111111"" style=""border-collapse: collapse""><tr><td width=180 bgcolor =""#F0F0F0""><font size=""2"">色</td><td width=400><font size=""2""> ブルー</td></tr><tr><td width=180 bgcolor =""#F0F0F0""><font size=""2"">ケーブル長さ</td><td width=400><font size=""2""> 10m</td></tr><tr><td width=180 bgcolor =""#F0F0F0""><font size=""2"">ケーブル構造</td><td width=400><font size=""2""> ヨリ線・ストレート</td></tr><tr><td width=180 bgcolor =""#F0F0F0""><font size=""2"">対応環境（機器）</td><td width=400><font size=""2""> 1000BASE-T、100BASE-TX、10BASE-T</td></tr></TABLE></font></td></tr></table><style type=""text/css"">
<!--
.rakuten-camp {
	width: 725px;
	border: 2px solid #3399FF;
	padding-top: 5px;
	-moz-border-radius:4px; /*Firefox*/
	-webkit-border-radius: 4px; /*Safari,Chrome*/
	border-radius:4px; /*Opera,Chrome*/
	margin:0 10px 10px 0;
}

/* 価格に枠線がつく */
table#rakutenLimitedId_cart {
    background-color: #f8f8f8;
    border: 1px solid #ddd;
    padding: 8px;
    margin: 16px 0;
}

span.price1 {
    color: #333 !important;
    font-weight: bold;
    font-size: 80% !important;
    line-height: 30px;
    display: inline-block;
    margin-right: 16px;
}

-->
</style>

<!--バナーエリア-->

<!--【消すな！】★★★ height=""380"" で設定してください。★★★-->
<!--バナーエリアここまで-->

<!--楽天キャンペーン-->

<h2 style=""margin:20px 0 10px 0;""><img src=""http://www.rakuten.ne.jp/gold/akibamac/frame/images/rakuten_title2.gif"" alt=""楽天市場のお得なキャンペーン"" width=""730"" height=""42"" border=""0""></h2>
<div class=""rakuten-camp"" style=""margin:0 0 0 0;"">


<!--楽天キャンペーン@ここまで-->",ELECOM/エレコム LANケーブル（10m・ブルー・ストレート・カテゴリ5e・より線・UTP）LD-CTY/BU10：ソフマップ　デジタルコレクション,ソフマップ デジタルコレクションSofmap Digital CollectionパソコンタブレットPCHDDアセンブリパーツパソコンパーツテレビゲームブルーレイソフトDVDソフト液晶テレビブルーレイディスクレコーダーデジタル一眼レフカメラデジタルカメラ家電時計中古　ソフトアウトレット中古ノートパソコン中古パソコンELECOM/エレコム LANケーブル（10m・ブルー・ストレート・カテゴリ5e・より線・UTP）LD-CTY/BU10,ELECOM/エレコム LANケーブル（10m・ブルー・ストレート・カテゴリ5e・より線・UTP）LD-CTY/BU10[rn]
8-97276,http://tshop.r10s.jp/akibamac/cabinet/03927892/4953103847330.jpg?fitin=700:700,675.2000,,パソコン・周辺機器 > PCアクセサリー > ケーブル > LANケーブル,エレコムLD-CTT/BU200 カテゴリ5E対応 ツメ折れ防止LANケーブル (20m/ブルー) (LDCTTBU200),,"<table border=""0"" cellpadding=""0"" cellspacing=""0"" width=""710"" style=""line-height:140%;""><tr><td><font size=""2"">■ツメ折れ防止プロテクタと屈曲に対する耐久性が高い新素材コネクタを採用したダブル構造で、通常の使用環境では絶対にツメが折れないLANケーブルです。※1000回の屈曲検査に合格(エレコム社検証)<br>■ツメ折れによるケーブルの脱落が防げ、長期にわたってしっかりとLANポートに固定することができます。<br>■カテゴリー5Eに対応したスタンダードなLANケーブルです。<br>■100BASE-TXや1000BASE-Tといった環境で安定したデータ転送が可能です。<br>■隣接するポートに干渉することがないスリムコネクタを採用しています。<br>■EUの「RoHS指令(電気・電子機器に対する特定有害物質の使用制限)」に準拠した環境にやさしい製品です。<br><br></font></td></tr></table><style type=""text/css"">
<!--
.rakuten-camp {
	width: 725px;
	border: 2px solid #3399FF;
	padding-top: 5px;
	-moz-border-radius:4px; /*Firefox*/
	-webkit-border-radius: 4px; /*Safari,Chrome*/
	border-radius:4px; /*Opera,Chrome*/
	margin:0 10px 10px 0;
}

/* 価格に枠線がつく */
table#rakutenLimitedId_cart {
    background-color: #f8f8f8;
    border: 1px solid #ddd;
    padding: 8px;
    margin: 16px 0;
}

span.price1 {
    color: #333 !important;
    font-weight: bold;
    font-size: 80% !important;
    line-height: 30px;
    display: inline-block;
    margin-right: 16px;
}

-->
</style>

<!--バナーエリア-->

<!--【消すな！】★★★ height=""380"" で設定してください。★★★-->
<!--バナーエリアここまで-->

<!--楽天キャンペーン-->

<h2 style=""margin:20px 0 10px 0;""><img src=""http://www.rakuten.ne.jp/gold/akibamac/frame/images/rakuten_title2.gif"" alt=""楽天市場のお得なキャンペーン"" width=""730"" height=""42"" border=""0""></h2>
<div class=""rakuten-camp"" style=""margin:0 0 0 0;"">


<!--楽天キャンペーン@ここまで-->",エレコムLD-CTT/BU200 カテゴリ5E対応 ツメ折れ防止LANケーブル (20m/ブルー) (LDCTTBU200)：ソフマップ　デジタルコレクション,ソフマップ デジタルコレクションSofmap Digital CollectionパソコンタブレットPCHDDアセンブリパーツパソコンパーツテレビゲームブルーレイソフトDVDソフト液晶テレビブルーレイディスクレコーダーデジタル一眼レフカメラデジタルカメラ家電時計中古　ソフトアウトレット中古ノートパソコン中古パソコンエレコムLD-CTT/BU200 カテゴリ5E対応 ツメ折れ防止LANケーブル (20m/ブルー) (LDCTTBU200),エレコムLD-CTT/BU200 カテゴリ5E対応 ツメ折れ防止LANケーブル (20m/ブルー) (LDCTTBU200)[rn]
8-97277,http://tshop.r10s.jp/akibamac/cabinet/03927892/4953103847439.jpg?fitin=700:700,422.4000,,パソコン・周辺機器 > PCアクセサリー > ケーブル > LANケーブル,エレコムLD-CTT/BK100 カテゴリ5E対応 ツメ折れ防止LANケーブル (10m/ブラック) (LDCTTBK100),,"<table border=""0"" cellpadding=""0"" cellspacing=""0"" width=""710"" style=""line-height:140%;""><tr><td><font size=""2"">■ツメ折れ防止プロテクタと屈曲に対する耐久性が高い新素材コネクタを採用したダブル構造で、通常の使用環境では絶対にツメが折れないLANケーブルです。※1000回の屈曲検査に合格(エレコム社検証)<br>■ツメ折れによるケーブルの脱落が防げ、長期にわたってしっかりとLANポートに固定することができます。<br>■カテゴリー5Eに対応したスタンダードなLANケーブルです。<br>■100BASE-TXや1000BASE-Tといった環境で安定したデータ転送が可能です。<br>■十字介在をなくしたツイストペア(ヨリ対線)仕様なので、柔らかく取り回しが簡単で、狭い場所での敷設も容易です。<br>■隣接するポートに干渉することがないスリムコネクタを採用しています。<br>■EUの「RoHS指令(電気・電子機器に対する特定有害物質の使用制限)」に準拠した環境にやさしい製品です。<br><br></font></td></tr></table><style type=""text/css"">
<!--
.rakuten-camp {
	width: 725px;
	border: 2px solid #3399FF;
	padding-top: 5px;
	-moz-border-radius:4px; /*Firefox*/
	-webkit-border-radius: 4px; /*Safari,Chrome*/
	border-radius:4px; /*Opera,Chrome*/
	margin:0 10px 10px 0;
}

/* 価格に枠線がつく */
table#rakutenLimitedId_cart {
    background-color: #f8f8f8;
    border: 1px solid #ddd;
    padding: 8px;
    margin: 16px 0;
}

span.price1 {
    color: #333 !important;
    font-weight: bold;
    font-size: 80% !important;
    line-height: 30px;
    display: inline-block;
    margin-right: 16px;
}

-->
</style>

<!--バナーエリア-->

<!--【消すな！】★★★ height=""380"" で設定してください。★★★-->
<!--バナーエリアここまで-->

<!--楽天キャンペーン-->

<h2 style=""margin:20px 0 10px 0;""><img src=""http://www.rakuten.ne.jp/gold/akibamac/frame/images/rakuten_title2.gif"" alt=""楽天市場のお得なキャンペーン"" width=""730"" height=""42"" border=""0""></h2>
<div class=""rakuten-camp"" style=""margin:0 0 0 0;"">


<!--楽天キャンペーン@ここまで-->",エレコムLD-CTT/BK100 カテゴリ5E対応 ツメ折れ防止LANケーブル (10m/ブラック) (LDCTTBK100)：ソフマップ　デジタルコレクション,ソフマップ デジタルコレクションSofmap Digital CollectionパソコンタブレットPCHDDアセンブリパーツパソコンパーツテレビゲームブルーレイソフトDVDソフト液晶テレビブルーレイディスクレコーダーデジタル一眼レフカメラデジタルカメラ家電時計中古　ソフトアウトレット中古ノートパソコン中古パソコンエレコムLD-CTT/BK100 カテゴリ5E対応 ツメ折れ防止LANケーブル (10m/ブラック) (LDCTTBK100),エレコムLD-CTT/BK100 カテゴリ5E対応 ツメ折れ防止LANケーブル (10m/ブラック) (LDCTTBK100)[rn]
8-97278,http://tshop.r10s.jp/akibamac/cabinet/03708186/4969887566459.jpg?fitin=700:700,715.2000,,パソコン・周辺機器 > PCアクセサリー > ケーブル > LANケーブル,サンワサプライ LA-Y5TS-15G カテゴリー5e対応ツメ折れ防止LANケーブル (15m/簡易パッケージ/グリーン) (LAY5TS15G),,"<table border=""0"" cellpadding=""0"" cellspacing=""0"" width=""710"" style=""line-height:140%;""><tr><td><font size=""2"">■屈曲性能に優れた柔らかいツメを採用し、180度曲げても折れません。しかもツメ折れ防止カバー付きのダブル安心構造です。<br>※1000回の屈曲試験に合格。（サンワサプライ社内テスト）<br>■伝送速度1000Mbps（1Gbps）、伝送帯域100MHzを実現した、ギガビット対応LANケーブルです。<br>■単線に比べて柔らかく、取り回しが楽な「より線」仕様です。<br>■簡易パッケージを採用しています。<br>■RoHS指令に対応した製品です。<br><br>【製品仕様】<br>色：グリーン<br>本体サイズ：ケーブル直径：4.9mm<br>カテゴリー：カテゴリー5e対応<br>ケーブル長さ：15m<br>コネクタ形状：RJ-45つめ折れ防止コネクタ(ラッチカバー付き)<br>ケーブル構造：AWG26より線ツイストペアケーブル、ストレート全結線<br>対応伝送帯域：エンハンスドカテゴリ5（1000BASE-T）、カテゴリ5（100BASE-TX）、カテゴリ3（10BASE-T）適合<br>対応環境（機器）：ADSLモデム、CATVモデム、FTTH、デジタルテレビ、ハードディスクレコーダ（RJ-45ポートを持つ機種）、INS64（30m以下）対応<br>特徴：対応環境：ADSL回線（フレッツADSL、Yahoo!BB ADSL）、光回線（Bフレッツ、フレッツ光プレミアム、eo光、Yahoo!BB光）、CATV回線（J:COM ZAQ）<br><br></font></td></tr></table><style type=""text/css"">
<!--
.rakuten-camp {
	width: 725px;
	border: 2px solid #3399FF;
	padding-top: 5px;
	-moz-border-radius:4px; /*Firefox*/
	-webkit-border-radius: 4px; /*Safari,Chrome*/
	border-radius:4px; /*Opera,Chrome*/
	margin:0 10px 10px 0;
}

/* 価格に枠線がつく */
table#rakutenLimitedId_cart {
    background-color: #f8f8f8;
    border: 1px solid #ddd;
    padding: 8px;
    margin: 16px 0;
}

span.price1 {
    color: #333 !important;
    font-weight: bold;
    font-size: 80% !important;
    line-height: 30px;
    display: inline-block;
    margin-right: 16px;
}

-->
</style>

<!--バナーエリア-->

<!--【消すな！】★★★ height=""380"" で設定してください。★★★-->
<!--バナーエリアここまで-->

<!--楽天キャンペーン-->

<h2 style=""margin:20px 0 10px 0;""><img src=""http://www.rakuten.ne.jp/gold/akibamac/frame/images/rakuten_title2.gif"" alt=""楽天市場のお得なキャンペーン"" width=""730"" height=""42"" border=""0""></h2>
<div class=""rakuten-camp"" style=""margin:0 0 0 0;"">


<!--楽天キャンペーン@ここまで-->",サンワサプライ LA-Y5TS-15G カテゴリー5e対応ツメ折れ防止LANケーブル (15m/簡易パッケージ/グリーン) (LAY5TS15G)：ソフマップ　デジタルコレクション,ソフマップ デジタルコレクションSofmap Digital CollectionパソコンタブレットPCHDDアセンブリパーツパソコンパーツテレビゲームブルーレイソフトDVDソフト液晶テレビブルーレイディスクレコーダーデジタル一眼レフカメラデジタルカメラ家電時計中古　ソフトアウトレット中古ノートパソコン中古パソコンサンワサプライ LA-Y5TS-15G カテゴリー5e対応ツメ折れ防止LANケーブル (15m/簡易パッケージ/グリーン) (LAY5TS15G),サンワサプライ LA-Y5TS-15G カテゴリー5e対応ツメ折れ防止LANケーブル (15m/簡易パッケージ/グリーン) (LAY5TS15G)[rn]
8-97279,http://tshop.r10s.jp/akibamac/cabinet/03927892/4953103847347.jpg?fitin=700:700,904.0000,,パソコン・周辺機器 > PCアクセサリー > ケーブル > LANケーブル,エレコムLD-CTT/BU300 カテゴリ5E対応 ツメ折れ防止LANケーブル (30m/ブルー) (LDCTTBU300),,"<table border=""0"" cellpadding=""0"" cellspacing=""0"" width=""710"" style=""line-height:140%;""><tr><td><font size=""2"">■ツメ折れ防止プロテクタと屈曲に対する耐久性が高い新素材コネクタを採用したダブル構造で、通常の使用環境では絶対にツメが折れないLANケーブルです。※1000回の屈曲検査に合格(エレコム社検証)<br>■ツメ折れによるケーブルの脱落が防げ、長期にわたってしっかりとLANポートに固定することができます。<br>■カテゴリー5Eに対応したスタンダードなLANケーブルです。<br>■100BASE-TXや1000BASE-Tといった環境で安定したデータ転送が可能です。<br>■隣接するポートに干渉することがないスリムコネクタを採用しています。<br>■EUの「RoHS指令(電気・電子機器に対する特定有害物質の使用制限)」に準拠した環境にやさしい製品です。<br><br></font></td></tr></table><style type=""text/css"">
<!--
.rakuten-camp {
	width: 725px;
	border: 2px solid #3399FF;
	padding-top: 5px;
	-moz-border-radius:4px; /*Firefox*/
	-webkit-border-radius: 4px; /*Safari,Chrome*/
	border-radius:4px; /*Opera,Chrome*/
	margin:0 10px 10px 0;
}

/* 価格に枠線がつく */
table#rakutenLimitedId_cart {
    background-color: #f8f8f8;
    border: 1px solid #ddd;
    padding: 8px;
    margin: 16px 0;
}

span.price1 {
    color: #333 !important;
    font-weight: bold;
    font-size: 80% !important;
    line-height: 30px;
    display: inline-block;
    margin-right: 16px;
}

-->
</style>

<!--バナーエリア-->

<!--【消すな！】★★★ height=""380"" で設定してください。★★★-->
<!--バナーエリアここまで-->

<!--楽天キャンペーン-->

<h2 style=""margin:20px 0 10px 0;""><img src=""http://www.rakuten.ne.jp/gold/akibamac/frame/images/rakuten_title2.gif"" alt=""楽天市場のお得なキャンペーン"" width=""730"" height=""42"" border=""0""></h2>
<div class=""rakuten-camp"" style=""margin:0 0 0 0;"">


<!--楽天キャンペーン@ここまで-->",エレコムLD-CTT/BU300 カテゴリ5E対応 ツメ折れ防止LANケーブル (30m/ブルー) (LDCTTBU300)：ソフマップ　デジタルコレクション,ソフマップ デジタルコレクションSofmap Digital CollectionパソコンタブレットPCHDDアセンブリパーツパソコンパーツテレビゲームブルーレイソフトDVDソフト液晶テレビブルーレイディスクレコーダーデジタル一眼レフカメラデジタルカメラ家電時計中古　ソフトアウトレット中古ノートパソコン中古パソコンエレコムLD-CTT/BU300 カテゴリ5E対応 ツメ折れ防止LANケーブル (30m/ブルー) (LDCTTBU300),エレコムLD-CTT/BU300 カテゴリ5E対応 ツメ折れ防止LANケーブル (30m/ブルー) (LDCTTBU300)[rn]
8-97280,http://tshop.r10s.jp/akibamac/cabinet/04201613/4969887567159.jpg?fitin=700:700,1104.0000,,パソコン・周辺機器 > PCアクセサリー > ケーブル > LANケーブル,サンワサプライカテゴリー5e対応 STP LANケーブル ギガビットイーサネット対応 （ライトブルー・15m） KB-STPTS-15BL (KBSTPTS15BL),,"<table border=""0"" cellpadding=""0"" cellspacing=""0"" width=""710"" style=""line-height:140%;""><tr><td><font size=""2"">［CAT5e、15m、ライトブルー］<br>ノイズに強いシールドタイプ、ツメの折れないコネクタ採用のカテゴリ5e STP LANケーブル。<br><br>◆曲げても折れないナイロン製ツメと弾力性に優れたPVC（ポリ塩化ビニル）製ツメ折れ防止カバー、丈夫なポリカーボネート製コネクタで、信頼の三重構造です。<br>◆伝送速度1000Mbps（1Gbps）のギガビットイーサネットに対応したエンハンスドカテゴリ5適合のLANケーブルです。<br>◆ツイストペアケーブルをさらにシールドでカバーした、ノイズに強いケーブルです。<br>◆より線仕様なので、柔らかく取り回ししやすくなっています。<br>◆RoHS指令に対応した製品です。<br><br></font></td></tr></table><style type=""text/css"">
<!--
.rakuten-camp {
	width: 725px;
	border: 2px solid #3399FF;
	padding-top: 5px;
	-moz-border-radius:4px; /*Firefox*/
	-webkit-border-radius: 4px; /*Safari,Chrome*/
	border-radius:4px; /*Opera,Chrome*/
	margin:0 10px 10px 0;
}

/* 価格に枠線がつく */
table#rakutenLimitedId_cart {
    background-color: #f8f8f8;
    border: 1px solid #ddd;
    padding: 8px;
    margin: 16px 0;
}

span.price1 {
    color: #333 !important;
    font-weight: bold;
    font-size: 80% !important;
    line-height: 30px;
    display: inline-block;
    margin-right: 16px;
}

-->
</style>

<!--バナーエリア-->

<!--【消すな！】★★★ height=""380"" で設定してください。★★★-->
<!--バナーエリアここまで-->

<!--楽天キャンペーン-->

<h2 style=""margin:20px 0 10px 0;""><img src=""http://www.rakuten.ne.jp/gold/akibamac/frame/images/rakuten_title2.gif"" alt=""楽天市場のお得なキャンペーン"" width=""730"" height=""42"" border=""0""></h2>
<div class=""rakuten-camp"" style=""margin:0 0 0 0;"">


<!--楽天キャンペーン@ここまで-->",サンワサプライカテゴリー5e対応 STP LANケーブル ギガビットイーサネット対応 （ライトブルー・15m） KB-STPTS-15BL (KBSTPTS15BL)：ソフマップ　デジタルコレクション,ソフマップ デジタルコレクションSofmap Digital CollectionパソコンタブレットPCHDDアセンブリパーツパソコンパーツテレビゲームブルーレイソフトDVDソフト液晶テレビブルーレイディスクレコーダーデジタル一眼レフカメラデジタルカメラ家電時計中古　ソフトアウトレット中古ノートパソコン中古パソコンサンワサプライカテゴリー5e対応 STP LANケーブル ギガビットイーサネット対応 （ライトブルー・15m） KB-STPTS-15BL (KBSTPTS15BL),サンワサプライカテゴリー5e対応 STP LANケーブル ギガビットイーサネット対応 （ライトブルー・15m） KB-STPTS-15BL (KBSTPTS15BL)[rn]
8-97281,http://tshop.r10s.jp/akibamac/cabinet/03927892/4969887565537.jpg?fitin=700:700,542.4000,,パソコン・周辺機器 > PCアクセサリー > ケーブル > LANケーブル,サンワサプライカテゴリー5e対応 LANケーブル （ブラック・10m） LA-Y5TS-10BK (LAY5TS10BK),,"<table border=""0"" cellpadding=""0"" cellspacing=""0"" width=""710"" style=""line-height:140%;""><tr><td><font size=""2"">［CAT5e、10m、ブラック］<br>屈曲性能に優れた柔らかいツメを採用。ツメ折れ防止カバー付きギガビット対応LANケーブル。<br><br>◆屈曲性能に優れた柔らかいツメを採用し、180度曲げても折れません。しかもツメ折れ防止カバー付きのダブル安心構造です。<br>◆伝送速度1000Mbps（1Gbps）、伝送帯域100MHzを実現した、ギガビット対応LANケーブルです。<br>◆単線に比べて柔らかく、取り回しが楽な「より線」仕様です。<br>◆簡易パッケージを採用しています。<br><br></font></td></tr></table><style type=""text/css"">
<!--
.rakuten-camp {
	width: 725px;
	border: 2px solid #3399FF;
	padding-top: 5px;
	-moz-border-radius:4px; /*Firefox*/
	-webkit-border-radius: 4px; /*Safari,Chrome*/
	border-radius:4px; /*Opera,Chrome*/
	margin:0 10px 10px 0;
}

/* 価格に枠線がつく */
table#rakutenLimitedId_cart {
    background-color: #f8f8f8;
    border: 1px solid #ddd;
    padding: 8px;
    margin: 16px 0;
}

span.price1 {
    color: #333 !important;
    font-weight: bold;
    font-size: 80% !important;
    line-height: 30px;
    display: inline-block;
    margin-right: 16px;
}

-->
</style>

<!--バナーエリア-->

<!--【消すな！】★★★ height=""380"" で設定してください。★★★-->
<!--バナーエリアここまで-->

<!--楽天キャンペーン-->

<h2 style=""margin:20px 0 10px 0;""><img src=""http://www.rakuten.ne.jp/gold/akibamac/frame/images/rakuten_title2.gif"" alt=""楽天市場のお得なキャンペーン"" width=""730"" height=""42"" border=""0""></h2>
<div class=""rakuten-camp"" style=""margin:0 0 0 0;"">


<!--楽天キャンペーン@ここまで-->",サンワサプライカテゴリー5e対応 LANケーブル （ブラック・10m） LA-Y5TS-10BK (LAY5TS10BK)：ソフマップ　デジタルコレクション,ソフマップ デジタルコレクションSofmap Digital CollectionパソコンタブレットPCHDDアセンブリパーツパソコンパーツテレビゲームブルーレイソフトDVDソフト液晶テレビブルーレイディスクレコーダーデジタル一眼レフカメラデジタルカメラ家電時計中古　ソフトアウトレット中古ノートパソコン中古パソコンサンワサプライカテゴリー5e対応 LANケーブル （ブラック・10m） LA-Y5TS-10BK (LAY5TS10BK),サンワサプライカテゴリー5e対応 LANケーブル （ブラック・10m） LA-Y5TS-10BK (LAY5TS10BK)[rn]
8-97282,http://tshop.r10s.jp/akibamac/cabinet/04720173/4953103418967.jpg?fitin=700:700,1208.0000,,パソコン・周辺機器 > PCアクセサリー > ケーブル > LANケーブル,エレコムカテゴリー5e対応 LANケーブル （ホワイト・40m） LD-CTN/WH40 (LDCTNWH40),,"<table border=""0"" cellpadding=""0"" cellspacing=""0"" width=""710"" style=""line-height:140%;""><tr><td><font size=""2"">［CAT5e、40m、ホワイト］<br>安定したデータ転送が可能なカテゴリー5Eに対応した、スタンダードなLANケーブル。<br><br>◆安定したデータ転送が可能な、カテゴリー5E対応のスタンダードなLANケーブルです。<br>◆十字介在をなくしたヨリ線仕様なので、柔らかく取り回しが簡単で、狭い場所での敷設も容易です。<br>◆スリムコネクタを採用していますので、隣接するポートでも干渉することがありません。<br>◆コネクタの全長は約3cmとコンパクトなので、狭い場所でも取り回しが簡単です。<br>◆着脱やケーブルの振れによる結線部の断線に強い、モールド加工タイプです。<br>◆EUの「RoHS指令(電気・電子機器に対する特定有害物質の使用制限)」に準拠した環境にやさしい製品です。<br>◆PLC、ADSL回線、CATV回線、光通信回線、ISDN回線に対応しています。<br><br></font></td></tr></table><style type=""text/css"">
<!--
.rakuten-camp {
	width: 725px;
	border: 2px solid #3399FF;
	padding-top: 5px;
	-moz-border-radius:4px; /*Firefox*/
	-webkit-border-radius: 4px; /*Safari,Chrome*/
	border-radius:4px; /*Opera,Chrome*/
	margin:0 10px 10px 0;
}

/* 価格に枠線がつく */
table#rakutenLimitedId_cart {
    background-color: #f8f8f8;
    border: 1px solid #ddd;
    padding: 8px;
    margin: 16px 0;
}

span.price1 {
    color: #333 !important;
    font-weight: bold;
    font-size: 80% !important;
    line-height: 30px;
    display: inline-block;
    margin-right: 16px;
}

-->
</style>

<!--バナーエリア-->

<!--【消すな！】★★★ height=""380"" で設定してください。★★★-->
<!--バナーエリアここまで-->

<!--楽天キャンペーン-->

<h2 style=""margin:20px 0 10px 0;""><img src=""http://www.rakuten.ne.jp/gold/akibamac/frame/images/rakuten_title2.gif"" alt=""楽天市場のお得なキャンペーン"" width=""730"" height=""42"" border=""0""></h2>
<div class=""rakuten-camp"" style=""margin:0 0 0 0;"">


<!--楽天キャンペーン@ここまで-->",エレコムカテゴリー5e対応 LANケーブル （ホワイト・40m） LD-CTN/WH40 (LDCTNWH40)：ソフマップ　デジタルコレクション,ソフマップ デジタルコレクションSofmap Digital CollectionパソコンタブレットPCHDDアセンブリパーツパソコンパーツテレビゲームブルーレイソフトDVDソフト液晶テレビブルーレイディスクレコーダーデジタル一眼レフカメラデジタルカメラ家電時計中古　ソフトアウトレット中古ノートパソコン中古パソコンエレコムカテゴリー5e対応 LANケーブル （ホワイト・40m） LD-CTN/WH40 (LDCTNWH40),エレコムカテゴリー5e対応 LANケーブル （ホワイト・40m） LD-CTN/WH40 (LDCTNWH40)[rn]
8-97283,http://tshop.r10s.jp/akibamac/cabinet/03927892/4953103418813.jpg?fitin=700:700,422.4000,,パソコン・周辺機器 > PCアクセサリー > ケーブル > LANケーブル,エレコムカテゴリー5e対応 LANケーブル （ブルー・10m） LD-CTN/BU10 (LDCTNBU10),,"<table border=""0"" cellpadding=""0"" cellspacing=""0"" width=""710"" style=""line-height:140%;""><tr><td><font size=""2"">［CAT5e、10m、ブルー］<br>安定したデータ転送が可能なカテゴリー5Eに対応した、スタンダードなLANケーブル。<br><br>◆安定したデータ転送が可能な、カテゴリー5E対応のスタンダードなLANケーブルです。<br>◆十字介在をなくしたヨリ線仕様なので、柔らかく取り回しが簡単で、狭い場所での敷設も容易です。<br>◆スリムコネクタを採用していますので、隣接するポートでも干渉することがありません。<br>◆コネクタの全長は約3cmとコンパクトなので、狭い場所でも取り回しが簡単です。<br>◆着脱やケーブルの振れによる結線部の断線に強い、モールド加工タイプです。<br>◆EUの「RoHS指令(電気・電子機器に対する特定有害物質の使用制限)」に準拠した環境にやさしい製品です。<br>◆PLC、ADSL回線、CATV回線、光通信回線、ISDN回線に対応しています。<br><br></font></td></tr></table><style type=""text/css"">
<!--
.rakuten-camp {
	width: 725px;
	border: 2px solid #3399FF;
	padding-top: 5px;
	-moz-border-radius:4px; /*Firefox*/
	-webkit-border-radius: 4px; /*Safari,Chrome*/
	border-radius:4px; /*Opera,Chrome*/
	margin:0 10px 10px 0;
}

/* 価格に枠線がつく */
table#rakutenLimitedId_cart {
    background-color: #f8f8f8;
    border: 1px solid #ddd;
    padding: 8px;
    margin: 16px 0;
}

span.price1 {
    color: #333 !important;
    font-weight: bold;
    font-size: 80% !important;
    line-height: 30px;
    display: inline-block;
    margin-right: 16px;
}

-->
</style>

<!--バナーエリア-->

<!--【消すな！】★★★ height=""380"" で設定してください。★★★-->
<!--バナーエリアここまで-->

<!--楽天キャンペーン-->

<h2 style=""margin:20px 0 10px 0;""><img src=""http://www.rakuten.ne.jp/gold/akibamac/frame/images/rakuten_title2.gif"" alt=""楽天市場のお得なキャンペーン"" width=""730"" height=""42"" border=""0""></h2>
<div class=""rakuten-camp"" style=""margin:0 0 0 0;"">


<!--楽天キャンペーン@ここまで-->",エレコムカテゴリー5e対応 LANケーブル （ブルー・10m） LD-CTN/BU10 (LDCTNBU10)：ソフマップ　デジタルコレクション,ソフマップ デジタルコレクションSofmap Digital CollectionパソコンタブレットPCHDDアセンブリパーツパソコンパーツテレビゲームブルーレイソフトDVDソフト液晶テレビブルーレイディスクレコーダーデジタル一眼レフカメラデジタルカメラ家電時計中古　ソフトアウトレット中古ノートパソコン中古パソコンエレコムカテゴリー5e対応 LANケーブル （ブルー・10m） LD-CTN/BU10 (LDCTNBU10),エレコムカテゴリー5e対応 LANケーブル （ブルー・10m） LD-CTN/BU10 (LDCTNBU10)[rn]
8-97284,http://tshop.r10s.jp/akibamac/cabinet/03927892/4953103847248.jpg?fitin=700:700,130.4000,,パソコン・周辺機器 > PCアクセサリー > ケーブル > LANケーブル,エレコムLD-CTT/BU05 カテゴリ5E対応 ツメ折れ防止LANケーブル (0.5m/ブルー) (LDCTTBU05),,"<table border=""0"" cellpadding=""0"" cellspacing=""0"" width=""710"" style=""line-height:140%;""><tr><td><font size=""2"">■ツメ折れ防止プロテクタと屈曲に対する耐久性が高い新素材コネクタを採用したダブル構造で、通常の使用環境では絶対にツメが折れないLANケーブルです。※1000回の屈曲検査に合格(エレコム社検証)<br>■ツメ折れによるケーブルの脱落が防げ、長期にわたってしっかりとLANポートに固定することができます。<br>■カテゴリー5Eに対応したスタンダードなLANケーブルです。<br>■100BASE-TXや1000BASE-Tといった環境で安定したデータ転送が可能です。<br>■十字介在をなくしたツイストペア(ヨリ対線)仕様なので、柔らかく取り回しが簡単で、狭い場所での敷設も容易です。<br>■隣接するポートに干渉することがないスリムコネクタを採用しています。<br>■EUの「RoHS指令(電気・電子機器に対する特定有害物質の使用制限)」に準拠した環境にやさしい製品です。<br><br></font></td></tr></table><style type=""text/css"">
<!--
.rakuten-camp {
	width: 725px;
	border: 2px solid #3399FF;
	padding-top: 5px;
	-moz-border-radius:4px; /*Firefox*/
	-webkit-border-radius: 4px; /*Safari,Chrome*/
	border-radius:4px; /*Opera,Chrome*/
	margin:0 10px 10px 0;
}

/* 価格に枠線がつく */
table#rakutenLimitedId_cart {
    background-color: #f8f8f8;
    border: 1px solid #ddd;
    padding: 8px;
    margin: 16px 0;
}

span.price1 {
    color: #333 !important;
    font-weight: bold;
    font-size: 80% !important;
    line-height: 30px;
    display: inline-block;
    margin-right: 16px;
}

-->
</style>

<!--バナーエリア-->

<!--【消すな！】★★★ height=""380"" で設定してください。★★★-->
<!--バナーエリアここまで-->

<!--楽天キャンペーン-->

<h2 style=""margin:20px 0 10px 0;""><img src=""http://www.rakuten.ne.jp/gold/akibamac/frame/images/rakuten_title2.gif"" alt=""楽天市場のお得なキャンペーン"" width=""730"" height=""42"" border=""0""></h2>
<div class=""rakuten-camp"" style=""margin:0 0 0 0;"">


<!--楽天キャンペーン@ここまで-->",エレコムLD-CTT/BU05 カテゴリ5E対応 ツメ折れ防止LANケーブル (0.5m/ブルー) (LDCTTBU05)：ソフマップ　デジタルコレクション,ソフマップ デジタルコレクションSofmap Digital CollectionパソコンタブレットPCHDDアセンブリパーツパソコンパーツテレビゲームブルーレイソフトDVDソフト液晶テレビブルーレイディスクレコーダーデジタル一眼レフカメラデジタルカメラ家電時計中古　ソフトアウトレット中古ノートパソコン中古パソコンエレコムLD-CTT/BU05 カテゴリ5E対応 ツメ折れ防止LANケーブル (0.5m/ブルー) (LDCTTBU05),エレコムLD-CTT/BU05 カテゴリ5E対応 ツメ折れ防止LANケーブル (0.5m/ブルー) (LDCTTBU05)[rn]
8-97285,http://tshop.r10s.jp/akibamac/cabinet/03927892/4953103847262.jpg?fitin=700:700,172.0000,,パソコン・周辺機器 > PCアクセサリー > ケーブル > LANケーブル,エレコムLD-CTT/BU15 カテゴリ5E対応 ツメ折れ防止LANケーブル (1.5m/ブルー) (LDCTTBU15),,"<table border=""0"" cellpadding=""0"" cellspacing=""0"" width=""710"" style=""line-height:140%;""><tr><td><font size=""2"">■ツメ折れ防止プロテクタと屈曲に対する耐久性が高い新素材コネクタを採用したダブル構造で、通常の使用環境では絶対にツメが折れないLANケーブルです。※1000回の屈曲検査に合格(エレコム社検証)<br>■ツメ折れによるケーブルの脱落が防げ、長期にわたってしっかりとLANポートに固定することができます。<br>■カテゴリー5Eに対応したスタンダードなLANケーブルです。<br>■100BASE-TXや1000BASE-Tといった環境で安定したデータ転送が可能です。<br>■十字介在をなくしたツイストペア(ヨリ対線)仕様なので、柔らかく取り回しが簡単で、狭い場所での敷設も容易です。<br>■隣接するポートに干渉することがないスリムコネクタを採用しています。<br>■EUの「RoHS指令(電気・電子機器に対する特定有害物質の使用制限)」に準拠した環境にやさしい製品です。<br><br></font></td></tr></table><style type=""text/css"">
<!--
.rakuten-camp {
	width: 725px;
	border: 2px solid #3399FF;
	padding-top: 5px;
	-moz-border-radius:4px; /*Firefox*/
	-webkit-border-radius: 4px; /*Safari,Chrome*/
	border-radius:4px; /*Opera,Chrome*/
	margin:0 10px 10px 0;
}

/* 価格に枠線がつく */
table#rakutenLimitedId_cart {
    background-color: #f8f8f8;
    border: 1px solid #ddd;
    padding: 8px;
    margin: 16px 0;
}

span.price1 {
    color: #333 !important;
    font-weight: bold;
    font-size: 80% !important;
    line-height: 30px;
    display: inline-block;
    margin-right: 16px;
}

-->
</style>

<!--バナーエリア-->

<!--【消すな！】★★★ height=""380"" で設定してください。★★★-->
<!--バナーエリアここまで-->

<!--楽天キャンペーン-->

<h2 style=""margin:20px 0 10px 0;""><img src=""http://www.rakuten.ne.jp/gold/akibamac/frame/images/rakuten_title2.gif"" alt=""楽天市場のお得なキャンペーン"" width=""730"" height=""42"" border=""0""></h2>
<div class=""rakuten-camp"" style=""margin:0 0 0 0;"">


<!--楽天キャンペーン@ここまで-->",エレコムLD-CTT/BU15 カテゴリ5E対応 ツメ折れ防止LANケーブル (1.5m/ブルー) (LDCTTBU15)：ソフマップ　デジタルコレクション,ソフマップ デジタルコレクションSofmap Digital CollectionパソコンタブレットPCHDDアセンブリパーツパソコンパーツテレビゲームブルーレイソフトDVDソフト液晶テレビブルーレイディスクレコーダーデジタル一眼レフカメラデジタルカメラ家電時計中古　ソフトアウトレット中古ノートパソコン中古パソコンエレコムLD-CTT/BU15 カテゴリ5E対応 ツメ折れ防止LANケーブル (1.5m/ブルー) (LDCTTBU15),エレコムLD-CTT/BU15 カテゴリ5E対応 ツメ折れ防止LANケーブル (1.5m/ブルー) (LDCTTBU15)[rn]
8-97286,http://tshop.r10s.jp/akibamac/cabinet/03927892/4969887818732.jpg?fitin=700:700,667.2000,,パソコン・周辺機器 > PCアクセサリー > ケーブル > LANケーブル,サンワサプライCAT7ウルトラフラットLANケーブル（ブラック・2m） KB-FLU7-02BK (KBFLU702BK),,"<table border=""0"" cellpadding=""0"" cellspacing=""0"" width=""710"" style=""line-height:140%;""><tr><td><font size=""2"">【2m】【CAT7】【10GBASE-T】【より線】【ストレート結線】【ラッチカバー付き】10GBASE完全対応。耐ノイズで1.9mmの薄さを実現したカテゴリ7対応のウルトラフラットLANケーブル。（2m・ブラック）  ●エンハンスドカテゴリ5の6.0倍、カテゴリ6の2.4倍の伝送帯域である600MHzをクリアします。帯域が広いほど高速伝送が可能になり、データエラー防止効果があります。  ●ケーブル品質とプラグ内のより戻しを極限まで押さえることにより、実用化が急速にすすんでいる10GBASE（10Gbps）に完全対応します。  ※米国FLUKE社DTX-1800（firmware1.1）での測定による。テストテーブル使用でプラグ部分の検証済み。  ●薄さ1.9mmで取り回しが簡単です。カーペットの下や細いすき間にスッキリ配線できます。  また、ケーブル内部をモールド加工しているので、ケーブルのよりが戻りにくく、性能特性が落ちません。  ●プラグの爪（ラッチ）が折れるのを防ぐ、爪折れ防止カバー付きで安心です。  ●錆や酸化被膜の発生を抑え、高精度の接触を保証する金メッキシールドプラグを採用しています。  ●ケーブルの素材に火災の延焼原因になりにくい素材を使用しています。<br><br></font></td></tr></table><style type=""text/css"">
<!--
.rakuten-camp {
	width: 725px;
	border: 2px solid #3399FF;
	padding-top: 5px;
	-moz-border-radius:4px; /*Firefox*/
	-webkit-border-radius: 4px; /*Safari,Chrome*/
	border-radius:4px; /*Opera,Chrome*/
	margin:0 10px 10px 0;
}

/* 価格に枠線がつく */
table#rakutenLimitedId_cart {
    background-color: #f8f8f8;
    border: 1px solid #ddd;
    padding: 8px;
    margin: 16px 0;
}

span.price1 {
    color: #333 !important;
    font-weight: bold;
    font-size: 80% !important;
    line-height: 30px;
    display: inline-block;
    margin-right: 16px;
}

-->
</style>

<!--バナーエリア-->

<!--【消すな！】★★★ height=""380"" で設定してください。★★★-->
<!--バナーエリアここまで-->

<!--楽天キャンペーン-->

<h2 style=""margin:20px 0 10px 0;""><img src=""http://www.rakuten.ne.jp/gold/akibamac/frame/images/rakuten_title2.gif"" alt=""楽天市場のお得なキャンペーン"" width=""730"" height=""42"" border=""0""></h2>
<div class=""rakuten-camp"" style=""margin:0 0 0 0;"">


<!--楽天キャンペーン@ここまで-->",サンワサプライCAT7ウルトラフラットLANケーブル（ブラック・2m） KB-FLU7-02BK (KBFLU702BK)：ソフマップ　デジタルコレクション,ソフマップ デジタルコレクションSofmap Digital CollectionパソコンタブレットPCHDDアセンブリパーツパソコンパーツテレビゲームブルーレイソフトDVDソフト液晶テレビブルーレイディスクレコーダーデジタル一眼レフカメラデジタルカメラ家電時計中古　ソフトアウトレット中古ノートパソコン中古パソコンサンワサプライCAT7ウルトラフラットLANケーブル（ブラック・2m） KB-FLU7-02BK (KBFLU702BK),サンワサプライCAT7ウルトラフラットLANケーブル（ブラック・2m） KB-FLU7-02BK (KBFLU702BK)[rn]
8-97287,http://tshop.r10s.jp/akibamac/cabinet/03927892/4969887566619.jpg?fitin=700:700,904.0000,,パソコン・周辺機器 > PCアクセサリー > ケーブル > LANケーブル,サンワサプライKB-T7ME-02BKW カテゴリー7・10ギガビットイーサネット対応 LANケーブル (2m/ブラック＆ホワイト) (KBT7ME02BKW),,"<table border=""0"" cellpadding=""0"" cellspacing=""0"" width=""710"" style=""line-height:140%;""><tr><td><font size=""2"">■ギガビット以上での通信を行う際、複数本束ねると互いに干渉し、著しく性能が低下して通信エラーが発生します。これを「エイリアンクロストーク（ANEXT）」と言います。CAT7ケーブルは各4対のペアと外周をそれぞれシールドする「二重シールド」構造のため、複数本束ねた状態での使用が可能になります。<br>■エンハンスドカテゴリ5の6.0倍、カテゴリ6の2.4倍の伝送帯域である600MHzをクリアします。帯域が広いほど高速伝送が可能になり、データエラー防止に効果があります。<br>■ケーブル品質とプラグ内のより戻しを極限まで抑えることにより、実用化が急速にすすんでいる10GBASE（10Gbps）に完全対応しています。<br>※ギガビット接続については、接続する他の機器・ケーブルが全てギガビットに対応する必要があります。<br>■外部から侵入してくる様々な妨害電波を防ぎ、高速伝送を可能にします。<br>■メッシュ素材を採用、引張強度200％を実現しました。ケーブル径5.0mmで取り回しやすい、柔らかで細いケーブルです。<br>■曲げても折れないナイロン製のツメと弾力性に優れたPVC（ポリ塩化ビニル）製ツメ折れ防止カバー、性能が見える透明構造ポリカーボネートコネクタを採用しています。<br>■錆や酸化被膜の発生を抑え、高精度の接触を保証する金メッキシールドプラグを採用しています。<br>■RoHS指令に対応した製品です。<br><br>【製品仕様】<br>色：ブラック＆ホワイト<br>本体サイズ：ケーブル直径：5.0mm<br>カテゴリー：カテゴリー7対応<br>ケーブル長さ：2.0m<br>コネクタ形状：RJ-45シールドコネクタ（ラッチカバー付き）<br>ケーブル構造：より線二重シールド、ストレート全結線<br>対応伝送帯域：カテゴリ7（10GBASE-T）、カテゴリ6a（10GBASE-T）、エンハンスドカテゴリ6（10GBASE-T）、カテゴリ6（1000BASE-TX）、エンハンスドカテゴリ5（1000BASE-T）、カテゴリ5（100BASE-TX）、カテゴリ3（10BASE-T）適合<br>対応環境（機器）：ADSLモデム、CATVモデム、FTTH（超高速光インターネット）、デジタルテレビ、ハードディスクレコーダー（RJ-45ポートを持つ機種）、INS64（30m以下）対応<br>特徴：10G BASE-T対応<br>単線・より線：より線二重シールド<br>ストレート･クロス：ストレート全結線<br><br></font></td></tr></table><style type=""text/css"">
<!--
.rakuten-camp {
	width: 725px;
	border: 2px solid #3399FF;
	padding-top: 5px;
	-moz-border-radius:4px; /*Firefox*/
	-webkit-border-radius: 4px; /*Safari,Chrome*/
	border-radius:4px; /*Opera,Chrome*/
	margin:0 10px 10px 0;
}

/* 価格に枠線がつく */
table#rakutenLimitedId_cart {
    background-color: #f8f8f8;
    border: 1px solid #ddd;
    padding: 8px;
    margin: 16px 0;
}

span.price1 {
    color: #333 !important;
    font-weight: bold;
    font-size: 80% !important;
    line-height: 30px;
    display: inline-block;
    margin-right: 16px;
}

-->
</style>

<!--バナーエリア-->

<!--【消すな！】★★★ height=""380"" で設定してください。★★★-->
<!--バナーエリアここまで-->

<!--楽天キャンペーン-->

<h2 style=""margin:20px 0 10px 0;""><img src=""http://www.rakuten.ne.jp/gold/akibamac/frame/images/rakuten_title2.gif"" alt=""楽天市場のお得なキャンペーン"" width=""730"" height=""42"" border=""0""></h2>
<div class=""rakuten-camp"" style=""margin:0 0 0 0;"">


<!--楽天キャンペーン@ここまで-->",サンワサプライKB-T7ME-02BKW カテゴリー7・10ギガビットイーサネット対応 LANケーブル (2m/ブラック＆ホワイト) (KBT7ME02BKW)：ソフマップ　デジタルコレクション,ソフマップ デジタルコレクションSofmap Digital CollectionパソコンタブレットPCHDDアセンブリパーツパソコンパーツテレビゲームブルーレイソフトDVDソフト液晶テレビブルーレイディスクレコーダーデジタル一眼レフカメラデジタルカメラ家電時計中古　ソフトアウトレット中古ノートパソコン中古パソコンサンワサプライKB-T7ME-02BKW カテゴリー7・10ギガビットイーサネット対応 LANケーブル (2m/ブラック＆ホワイト) (KBT7ME02BKW),サンワサプライKB-T7ME-02BKW カテゴリー7・10ギガビットイーサネット対応 LANケーブル (2m/ブラック＆ホワイト) (KBT7ME02BKW)[rn]
8-97288,http://tshop.r10s.jp/akibamac/cabinet/03927892/4969887566602.jpg?fitin=700:700,904.0000,,パソコン・周辺機器 > PCアクセサリー > ケーブル > LANケーブル,サンワサプライKB-T7ME-02BKR カテゴリー7・10ギガビットイーサネット対応 LANケーブル (2m/ブラック＆レッド) (KBT7ME02BKR),,"<table border=""0"" cellpadding=""0"" cellspacing=""0"" width=""710"" style=""line-height:140%;""><tr><td><font size=""2"">■ギガビット以上での通信を行う際、複数本束ねると互いに干渉し、著しく性能が低下して通信エラーが発生します。これを「エイリアンクロストーク（ANEXT）」と言います。CAT7ケーブルは各4対のペアと外周をそれぞれシールドする「二重シールド」構造のため、複数本束ねた状態での使用が可能になります。<br>■エンハンスドカテゴリ5の6.0倍、カテゴリ6の2.4倍の伝送帯域である600MHzをクリアします。帯域が広いほど高速伝送が可能になり、データエラー防止に効果があります。<br>■ケーブル品質とプラグ内のより戻しを極限まで抑えることにより、実用化が急速にすすんでいる10GBASE（10Gbps）に完全対応しています。<br>※ギガビット接続については、接続する他の機器・ケーブルが全てギガビットに対応する必要があります。<br>■外部から侵入してくる様々な妨害電波を防ぎ、高速伝送を可能にします。<br>■メッシュ素材を採用、引張強度200％を実現しました。ケーブル径5.0mmで取り回しやすい、柔らかで細いケーブルです。<br>■曲げても折れないナイロン製のツメと弾力性に優れたPVC（ポリ塩化ビニル）製ツメ折れ防止カバー、性能が見える透明構造ポリカーボネートコネクタを採用しています。<br>■錆や酸化被膜の発生を抑え、高精度の接触を保証する金メッキシールドプラグを採用しています。<br>■RoHS指令に対応した製品です。 <br><br>【製品仕様】<br>色：ブラック＆レッド<br>本体サイズ：ケーブル直径：5.0mm<br>カテゴリー：カテゴリー7対応<br>ケーブル長さ：2.0m<br>コネクタ形状：RJ-45シールドコネクタ（ラッチカバー付き）<br>ケーブル構造：より線二重シールド、ストレート全結線<br>対応伝送帯域：カテゴリ7（10GBASE-T）、カテゴリ6a（10GBASE-T）、エンハンスドカテゴリ6（10GBASE-T）、カテゴリ6（1000BASE-TX）、エンハンスドカテゴリ5（1000BASE-T）、カテゴリ5（100BASE-TX）、カテゴリ3（10BASE-T）適合<br>対応環境（機器）：ADSLモデム、CATVモデム、FTTH（超高速光インターネット）、デジタルテレビ、ハードディスクレコーダー（RJ-45ポートを持つ機種）、INS64（30m以下）対応<br>特徴：10G BASE-T対応<br>単線・より線：より線二重シールド<br>ストレート・クロス：ストレート全結線<br><br></font></td></tr></table><style type=""text/css"">
<!--
.rakuten-camp {
	width: 725px;
	border: 2px solid #3399FF;
	padding-top: 5px;
	-moz-border-radius:4px; /*Firefox*/
	-webkit-border-radius: 4px; /*Safari,Chrome*/
	border-radius:4px; /*Opera,Chrome*/
	margin:0 10px 10px 0;
}

/* 価格に枠線がつく */
table#rakutenLimitedId_cart {
    background-color: #f8f8f8;
    border: 1px solid #ddd;
    padding: 8px;
    margin: 16px 0;
}

span.price1 {
    color: #333 !important;
    font-weight: bold;
    font-size: 80% !important;
    line-height: 30px;
    display: inline-block;
    margin-right: 16px;
}

-->
</style>

<!--バナーエリア-->

<!--【消すな！】★★★ height=""380"" で設定してください。★★★-->
<!--バナーエリアここまで-->

<!--楽天キャンペーン-->

<h2 style=""margin:20px 0 10px 0;""><img src=""http://www.rakuten.ne.jp/gold/akibamac/frame/images/rakuten_title2.gif"" alt=""楽天市場のお得なキャンペーン"" width=""730"" height=""42"" border=""0""></h2>
<div class=""rakuten-camp"" style=""margin:0 0 0 0;"">


<!--楽天キャンペーン@ここまで-->",サンワサプライKB-T7ME-02BKR カテゴリー7・10ギガビットイーサネット対応 LANケーブル (2m/ブラック＆レッド) (KBT7ME02BKR)：ソフマップ　デジタルコレクション,ソフマップ デジタルコレクションSofmap Digital CollectionパソコンタブレットPCHDDアセンブリパーツパソコンパーツテレビゲームブルーレイソフトDVDソフト液晶テレビブルーレイディスクレコーダーデジタル一眼レフカメラデジタルカメラ家電時計中古　ソフトアウトレット中古ノートパソコン中古パソコンサンワサプライKB-T7ME-02BKR カテゴリー7・10ギガビットイーサネット対応 LANケーブル (2m/ブラック＆レッド) (KBT7ME02BKR),サンワサプライKB-T7ME-02BKR カテゴリー7・10ギガビットイーサネット対応 LANケーブル (2m/ブラック＆レッド) (KBT7ME02BKR)[rn]
8-97289,http://tshop.r10s.jp/akibamac/cabinet/04613487/4953103482517.jpg?fitin=700:700,872.0000,,パソコン・周辺機器 > PCアクセサリー > ケーブル > LANケーブル,エレコム カテゴリー6対応LANケーブル ツメ折れ防止高耐久（2ｍ・ブラック） LDGPHDT/BK20 (LDGPHDTBK20),,"<table border=""0"" cellpadding=""0"" cellspacing=""0"" width=""710"" style=""line-height:140%;""><tr><td><font size=""2"">■ ツメ折れ防止プロテクタと屈曲に対する耐久性が高い新素材コネクタを採用したダブル構造で、<br>通常の使用環境では絶対にツメが折れないLANケーブルです。<br>※1000回の屈曲検査に合格(エレコム社検証)<br><br>■ ツメ折れによるケーブルの脱落が防げ、<br>長期にわたってしっかりとLANポートに固定することができます。<br><br>■ 1000BASE-TXや1000BASE-Tといったギガビットでも、<br>安定したネットワーク環境を実現するカテゴリー6に準拠しています。<br><br>■ 周波数帯域250MHzを保証し、ギガビット・イーサネットの高速通信に最適です。<br><br>■ ケーブル内部にフィラーを使用した高密度配線構造と、<br>柔らかロングブッシュ採用による耐久性の向上により、ケーブルの断線を防ぎます。<br><br>■ 十字介在をなくしたツイストペア(ヨリ対線)仕様です。<br><br>■ 隣接するポートに干渉することがないスリムコネクタを採用しています。<br><br>■ EUの「RoHS指令(電気・電子機器に対する特定有害物質の使用制限)」に準拠した環境にやさしい製品です。<br><br></font></td></tr></table><style type=""text/css"">
<!--
.rakuten-camp {
	width: 725px;
	border: 2px solid #3399FF;
	padding-top: 5px;
	-moz-border-radius:4px; /*Firefox*/
	-webkit-border-radius: 4px; /*Safari,Chrome*/
	border-radius:4px; /*Opera,Chrome*/
	margin:0 10px 10px 0;
}

/* 価格に枠線がつく */
table#rakutenLimitedId_cart {
    background-color: #f8f8f8;
    border: 1px solid #ddd;
    padding: 8px;
    margin: 16px 0;
}

span.price1 {
    color: #333 !important;
    font-weight: bold;
    font-size: 80% !important;
    line-height: 30px;
    display: inline-block;
    margin-right: 16px;
}

-->
</style>

<!--バナーエリア-->

<!--【消すな！】★★★ height=""380"" で設定してください。★★★-->
<!--バナーエリアここまで-->

<!--楽天キャンペーン-->

<h2 style=""margin:20px 0 10px 0;""><img src=""http://www.rakuten.ne.jp/gold/akibamac/frame/images/rakuten_title2.gif"" alt=""楽天市場のお得なキャンペーン"" width=""730"" height=""42"" border=""0""></h2>
<div class=""rakuten-camp"" style=""margin:0 0 0 0;"">


<!--楽天キャンペーン@ここまで-->",エレコム カテゴリー6対応LANケーブル ツメ折れ防止高耐久（2ｍ・ブラック） LDGPHDT/BK20 (LDGPHDTBK20)：ソフマップ　デジタルコレクション,ソフマップ デジタルコレクションSofmap Digital CollectionパソコンタブレットPCHDDアセンブリパーツパソコンパーツテレビゲームブルーレイソフトDVDソフト液晶テレビブルーレイディスクレコーダーデジタル一眼レフカメラデジタルカメラ家電時計中古　ソフトアウトレット中古ノートパソコン中古パソコンエレコム カテゴリー6対応LANケーブル ツメ折れ防止高耐久（2ｍ・ブラック） LDGPHDT/BK20 (LDGPHDTBK20),エレコム カテゴリー6対応LANケーブル ツメ折れ防止高耐久（2ｍ・ブラック） LDGPHDT/BK20 (LDGPHDTBK20)[rn]
8-97290,http://tshop.r10s.jp/akibamac/cabinet/04613487/4953103482395.jpg?fitin=700:700,511.2000,,パソコン・周辺機器 > PCアクセサリー > ケーブル > LANケーブル,エレコム カテゴリー6対応LANケーブル ツメ折れ防止スーパースリム（2m・ブラック） LDGPSST/BK20 (LDGPSSTBK20),,"<table border=""0"" cellpadding=""0"" cellspacing=""0"" width=""710"" style=""line-height:140%;""><tr><td><font size=""2"">■ 屈曲に対する耐久性が高い新素材コネクタを採用し、<br>通常の使用環境では絶対にツメが折れないLANケーブルです。<br>※1000回の屈曲検査に合格(エレコム社検証)<br><br>■ ツメ折れによるケーブルの脱落が防げ、<br>長期にわたってしっかりとLANポートに固定することができます。<br><br>■ 1000BASE-TXや1000BASE-Tといったギガビットでも、<br>安定したネットワーク環境を実現するカテゴリー6に準拠しています。<br><br>■ 周波数帯域250MHzを保証し、ギガビット・イーサネットの高速通信に最適です。<br><br>■ 狭い場所などでの配線に最適な、<br>直径3.0mmのスーパースリムケーブルを採用したLANケーブルです。<br><br>■ 新設計のショートコネクタは、隣接するポートに干渉することが無く出っ張りも気にならない、<br>スリムかつコンパクトなコネクタです。<br><br>■ 十字介在をなくしたツイストペア(ヨリ対線)仕様なので、<br>柔らかく取り回しが簡単で、狭い場所での敷設も容易です。<br><br>■ EUの「RoHS指令(電気・電子機器に対する特定有害物質の使用制限)」に準拠した環境にやさしい製品です。<br><br></font></td></tr></table><style type=""text/css"">
<!--
.rakuten-camp {
	width: 725px;
	border: 2px solid #3399FF;
	padding-top: 5px;
	-moz-border-radius:4px; /*Firefox*/
	-webkit-border-radius: 4px; /*Safari,Chrome*/
	border-radius:4px; /*Opera,Chrome*/
	margin:0 10px 10px 0;
}

/* 価格に枠線がつく */
table#rakutenLimitedId_cart {
    background-color: #f8f8f8;
    border: 1px solid #ddd;
    padding: 8px;
    margin: 16px 0;
}

span.price1 {
    color: #333 !important;
    font-weight: bold;
    font-size: 80% !important;
    line-height: 30px;
    display: inline-block;
    margin-right: 16px;
}

-->
</style>

<!--バナーエリア-->

<!--【消すな！】★★★ height=""380"" で設定してください。★★★-->
<!--バナーエリアここまで-->

<!--楽天キャンペーン-->

<h2 style=""margin:20px 0 10px 0;""><img src=""http://www.rakuten.ne.jp/gold/akibamac/frame/images/rakuten_title2.gif"" alt=""楽天市場のお得なキャンペーン"" width=""730"" height=""42"" border=""0""></h2>
<div class=""rakuten-camp"" style=""margin:0 0 0 0;"">


<!--楽天キャンペーン@ここまで-->",エレコム カテゴリー6対応LANケーブル ツメ折れ防止スーパースリム（2m・ブラック） LDGPSST/BK20 (LDGPSSTBK20)：ソフマップ　デジタルコレクション,ソフマップ デジタルコレクションSofmap Digital CollectionパソコンタブレットPCHDDアセンブリパーツパソコンパーツテレビゲームブルーレイソフトDVDソフト液晶テレビブルーレイディスクレコーダーデジタル一眼レフカメラデジタルカメラ家電時計中古　ソフトアウトレット中古ノートパソコン中古パソコンエレコム カテゴリー6対応LANケーブル ツメ折れ防止スーパースリム（2m・ブラック） LDGPSST/BK20 (LDGPSSTBK20),エレコム カテゴリー6対応LANケーブル ツメ折れ防止スーパースリム（2m・ブラック） LDGPSST/BK20 (LDGPSSTBK20)[rn]
8-97291,http://tshop.r10s.jp/akibamac/cabinet/04613487/4953103482456.jpg?fitin=700:700,511.2000,,パソコン・周辺機器 > PCアクセサリー > ケーブル > LANケーブル,エレコム カテゴリー6対応LANケーブル ツメ折れ防止スーパースリム（2m・ホワイト） LDGPSST/WH20 (LDGPSSTWH20),,"<table border=""0"" cellpadding=""0"" cellspacing=""0"" width=""710"" style=""line-height:140%;""><tr><td><font size=""2"">■ 屈曲に対する耐久性が高い新素材コネクタを採用し、<br>通常の使用環境では絶対にツメが折れないLANケーブルです。<br>※1000回の屈曲検査に合格(エレコム社検証)<br><br>■ ツメ折れによるケーブルの脱落が防げ、<br>長期にわたってしっかりとLANポートに固定することができます。<br><br>■ 1000BASE-TXや1000BASE-Tといったギガビットでも、<br>安定したネットワーク環境を実現するカテゴリー6に準拠しています。<br><br>■ 周波数帯域250MHzを保証し、ギガビット・イーサネットの高速通信に最適です。<br><br>■ 狭い場所などでの配線に最適な、<br>直径3.0mmのスーパースリムケーブルを採用したLANケーブルです。<br><br>■ 新設計のショートコネクタは、隣接するポートに干渉することが無く出っ張りも気にならない、<br>スリムかつコンパクトなコネクタです。<br><br>■ 十字介在をなくしたツイストペア(ヨリ対線)仕様なので、<br>柔らかく取り回しが簡単で、狭い場所での敷設も容易です。<br><br>■ EUの「RoHS指令(電気・電子機器に対する特定有害物質の使用制限)」に準拠した環境にやさしい製品です。<br><br></font></td></tr></table><style type=""text/css"">
<!--
.rakuten-camp {
	width: 725px;
	border: 2px solid #3399FF;
	padding-top: 5px;
	-moz-border-radius:4px; /*Firefox*/
	-webkit-border-radius: 4px; /*Safari,Chrome*/
	border-radius:4px; /*Opera,Chrome*/
	margin:0 10px 10px 0;
}

/* 価格に枠線がつく */
table#rakutenLimitedId_cart {
    background-color: #f8f8f8;
    border: 1px solid #ddd;
    padding: 8px;
    margin: 16px 0;
}

span.price1 {
    color: #333 !important;
    font-weight: bold;
    font-size: 80% !important;
    line-height: 30px;
    display: inline-block;
    margin-right: 16px;
}

-->
</style>

<!--バナーエリア-->

<!--【消すな！】★★★ height=""380"" で設定してください。★★★-->
<!--バナーエリアここまで-->

<!--楽天キャンペーン-->

<h2 style=""margin:20px 0 10px 0;""><img src=""http://www.rakuten.ne.jp/gold/akibamac/frame/images/rakuten_title2.gif"" alt=""楽天市場のお得なキャンペーン"" width=""730"" height=""42"" border=""0""></h2>
<div class=""rakuten-camp"" style=""margin:0 0 0 0;"">


<!--楽天キャンペーン@ここまで-->",エレコム カテゴリー6対応LANケーブル ツメ折れ防止スーパースリム（2m・ホワイト） LDGPSST/WH20 (LDGPSSTWH20)：ソフマップ　デジタルコレクション,ソフマップ デジタルコレクションSofmap Digital CollectionパソコンタブレットPCHDDアセンブリパーツパソコンパーツテレビゲームブルーレイソフトDVDソフト液晶テレビブルーレイディスクレコーダーデジタル一眼レフカメラデジタルカメラ家電時計中古　ソフトアウトレット中古ノートパソコン中古パソコンエレコム カテゴリー6対応LANケーブル ツメ折れ防止スーパースリム（2m・ホワイト） LDGPSST/WH20 (LDGPSSTWH20),エレコム カテゴリー6対応LANケーブル ツメ折れ防止スーパースリム（2m・ホワイト） LDGPSST/WH20 (LDGPSSTWH20)[rn]
8-97292,http://tshop.r10s.jp/akibamac/cabinet/04487524/4969887841266.jpg?fitin=700:700,192.8000,,パソコン・周辺機器 > PCアクセサリー > ケーブル > LANケーブル,サンワサプライカテゴリー6対応 LANケーブル （グリーン・1.0m） LA-Y6-01G (LAY601G),,"<table border=""0"" cellpadding=""0"" cellspacing=""0"" width=""710"" style=""line-height:140%;""><tr><td><font size=""2"">［CAT6、1.0m、グリーン］<br>やわらかいより線タイプ、爪折れ防止カバー付きギガビット対応カテゴリ6 LANケーブル。<br><br>◆伝送速度1000Mbps（1Gbps）、伝送帯域250MHzを実現した、ギガビット完全対応LANケーブルです。<br>◆単線に比べて柔らかく、取り回しが楽な「より線」仕様です。<br>◆コネクタ部の爪が折れにくいよう、ラッチカバー付きコネクタを採用しています。<br><br></font></td></tr></table><style type=""text/css"">
<!--
.rakuten-camp {
	width: 725px;
	border: 2px solid #3399FF;
	padding-top: 5px;
	-moz-border-radius:4px; /*Firefox*/
	-webkit-border-radius: 4px; /*Safari,Chrome*/
	border-radius:4px; /*Opera,Chrome*/
	margin:0 10px 10px 0;
}

/* 価格に枠線がつく */
table#rakutenLimitedId_cart {
    background-color: #f8f8f8;
    border: 1px solid #ddd;
    padding: 8px;
    margin: 16px 0;
}

span.price1 {
    color: #333 !important;
    font-weight: bold;
    font-size: 80% !important;
    line-height: 30px;
    display: inline-block;
    margin-right: 16px;
}

-->
</style>

<!--バナーエリア-->

<!--【消すな！】★★★ height=""380"" で設定してください。★★★-->
<!--バナーエリアここまで-->

<!--楽天キャンペーン-->

<h2 style=""margin:20px 0 10px 0;""><img src=""http://www.rakuten.ne.jp/gold/akibamac/frame/images/rakuten_title2.gif"" alt=""楽天市場のお得なキャンペーン"" width=""730"" height=""42"" border=""0""></h2>
<div class=""rakuten-camp"" style=""margin:0 0 0 0;"">


<!--楽天キャンペーン@ここまで-->",サンワサプライカテゴリー6対応 LANケーブル （グリーン・1.0m） LA-Y6-01G (LAY601G)：ソフマップ　デジタルコレクション,ソフマップ デジタルコレクションSofmap Digital CollectionパソコンタブレットPCHDDアセンブリパーツパソコンパーツテレビゲームブルーレイソフトDVDソフト液晶テレビブルーレイディスクレコーダーデジタル一眼レフカメラデジタルカメラ家電時計中古　ソフトアウトレット中古ノートパソコン中古パソコンサンワサプライカテゴリー6対応 LANケーブル （グリーン・1.0m） LA-Y6-01G (LAY601G),サンワサプライカテゴリー6対応 LANケーブル （グリーン・1.0m） LA-Y6-01G (LAY601G)[rn]
8-97293,http://tshop.r10s.jp/akibamac/cabinet/04659793/4969887841198.jpg?fitin=700:700,192.8000,,パソコン・周辺機器 > PCアクセサリー > ケーブル > LANケーブル,サンワサプライカテゴリー6対応 LANケーブル （レッド・1.0m） LA-Y6-01R (LAY601R),,"<table border=""0"" cellpadding=""0"" cellspacing=""0"" width=""710"" style=""line-height:140%;""><tr><td><font size=""2"">［CAT6、1.0m、レッド］<br>やわらかいより線タイプ、爪折れ防止カバー付きギガビット対応カテゴリ6 LANケーブル。<br><br>◆伝送速度1000Mbps（1Gbps）、伝送帯域250MHzを実現した、ギガビット完全対応LANケーブルです。<br>◆単線に比べて柔らかく、取り回しが楽な「より線」仕様です。<br>◆コネクタ部の爪が折れにくいよう、ラッチカバー付きコネクタを採用しています。<br><br></font></td></tr></table><style type=""text/css"">
<!--
.rakuten-camp {
	width: 725px;
	border: 2px solid #3399FF;
	padding-top: 5px;
	-moz-border-radius:4px; /*Firefox*/
	-webkit-border-radius: 4px; /*Safari,Chrome*/
	border-radius:4px; /*Opera,Chrome*/
	margin:0 10px 10px 0;
}

/* 価格に枠線がつく */
table#rakutenLimitedId_cart {
    background-color: #f8f8f8;
    border: 1px solid #ddd;
    padding: 8px;
    margin: 16px 0;
}

span.price1 {
    color: #333 !important;
    font-weight: bold;
    font-size: 80% !important;
    line-height: 30px;
    display: inline-block;
    margin-right: 16px;
}

-->
</style>

<!--バナーエリア-->

<!--【消すな！】★★★ height=""380"" で設定してください。★★★-->
<!--バナーエリアここまで-->

<!--楽天キャンペーン-->

<h2 style=""margin:20px 0 10px 0;""><img src=""http://www.rakuten.ne.jp/gold/akibamac/frame/images/rakuten_title2.gif"" alt=""楽天市場のお得なキャンペーン"" width=""730"" height=""42"" border=""0""></h2>
<div class=""rakuten-camp"" style=""margin:0 0 0 0;"">


<!--楽天キャンペーン@ここまで-->",サンワサプライカテゴリー6対応 LANケーブル （レッド・1.0m） LA-Y6-01R (LAY601R)：ソフマップ　デジタルコレクション,ソフマップ デジタルコレクションSofmap Digital CollectionパソコンタブレットPCHDDアセンブリパーツパソコンパーツテレビゲームブルーレイソフトDVDソフト液晶テレビブルーレイディスクレコーダーデジタル一眼レフカメラデジタルカメラ家電時計中古　ソフトアウトレット中古ノートパソコン中古パソコンサンワサプライカテゴリー6対応 LANケーブル （レッド・1.0m） LA-Y6-01R (LAY601R),サンワサプライカテゴリー6対応 LANケーブル （レッド・1.0m） LA-Y6-01R (LAY601R)[rn]
8-97294,http://tshop.r10s.jp/akibamac/cabinet/04487524/4969887841044.jpg?fitin=700:700,168.0000,,パソコン・周辺機器 > PCアクセサリー > ケーブル > LANケーブル,サンワサプライカテゴリー6対応 LANケーブル （ブラック・0.5m） LA-Y6-005BK (LAY6005BK),,"<table border=""0"" cellpadding=""0"" cellspacing=""0"" width=""710"" style=""line-height:140%;""><tr><td><font size=""2"">［CAT6、0.5m、ブラック］<br>やわらかいより線タイプ、爪折れ防止カバー付きギガビット対応カテゴリ6 LANケーブル。<br><br>◆伝送速度1000Mbps（1Gbps）、伝送帯域250MHzを実現した、ギガビット完全対応LANケーブルです。<br>◆単線に比べて柔らかく、取り回しが楽な「より線」仕様です。<br>◆コネクタ部の爪が折れにくいよう、ラッチカバー付きコネクタを採用しています。<br><br></font></td></tr></table><style type=""text/css"">
<!--
.rakuten-camp {
	width: 725px;
	border: 2px solid #3399FF;
	padding-top: 5px;
	-moz-border-radius:4px; /*Firefox*/
	-webkit-border-radius: 4px; /*Safari,Chrome*/
	border-radius:4px; /*Opera,Chrome*/
	margin:0 10px 10px 0;
}

/* 価格に枠線がつく */
table#rakutenLimitedId_cart {
    background-color: #f8f8f8;
    border: 1px solid #ddd;
    padding: 8px;
    margin: 16px 0;
}

span.price1 {
    color: #333 !important;
    font-weight: bold;
    font-size: 80% !important;
    line-height: 30px;
    display: inline-block;
    margin-right: 16px;
}

-->
</style>

<!--バナーエリア-->

<!--【消すな！】★★★ height=""380"" で設定してください。★★★-->
<!--バナーエリアここまで-->

<!--楽天キャンペーン-->

<h2 style=""margin:20px 0 10px 0;""><img src=""http://www.rakuten.ne.jp/gold/akibamac/frame/images/rakuten_title2.gif"" alt=""楽天市場のお得なキャンペーン"" width=""730"" height=""42"" border=""0""></h2>
<div class=""rakuten-camp"" style=""margin:0 0 0 0;"">


<!--楽天キャンペーン@ここまで-->",サンワサプライカテゴリー6対応 LANケーブル （ブラック・0.5m） LA-Y6-005BK (LAY6005BK)：ソフマップ　デジタルコレクション,ソフマップ デジタルコレクションSofmap Digital CollectionパソコンタブレットPCHDDアセンブリパーツパソコンパーツテレビゲームブルーレイソフトDVDソフト液晶テレビブルーレイディスクレコーダーデジタル一眼レフカメラデジタルカメラ家電時計中古　ソフトアウトレット中古ノートパソコン中古パソコンサンワサプライカテゴリー6対応 LANケーブル （ブラック・0.5m） LA-Y6-005BK (LAY6005BK),サンワサプライカテゴリー6対応 LANケーブル （ブラック・0.5m） LA-Y6-005BK (LAY6005BK)[rn]
8-97295,http://tshop.r10s.jp/akibamac/cabinet/04487524/4969887841464.jpg?fitin=700:700,231.2000,,パソコン・周辺機器 > PCアクセサリー > ケーブル > LANケーブル,サンワサプライカテゴリー6対応 LANケーブル （ブラック・0.5m） LA-FL6-005BK (LAFL6005BK),,"<table border=""0"" cellpadding=""0"" cellspacing=""0"" width=""710"" style=""line-height:140%;""><tr><td><font size=""2"">［CAT6、0.5m、ブラック］<br>厚さ1.5mmのフラットタイプ、爪折れ防止カバー付きギガビット完全対応LANケーブル。<br><br>◆伝送速度1000Mbps（1Gbps）、伝送帯域250MHzを実現した、ギガビット完全対応LANケーブルです。<br>◆薄さ1.5mmの超フラットで、カーペットの下や、細い隙間にスッキリ配線できます。<br>◆コネクタ部の爪が折れにくいよう、ラッチカバー付きコネクタを採用しています。<br><br></font></td></tr></table><style type=""text/css"">
<!--
.rakuten-camp {
	width: 725px;
	border: 2px solid #3399FF;
	padding-top: 5px;
	-moz-border-radius:4px; /*Firefox*/
	-webkit-border-radius: 4px; /*Safari,Chrome*/
	border-radius:4px; /*Opera,Chrome*/
	margin:0 10px 10px 0;
}

/* 価格に枠線がつく */
table#rakutenLimitedId_cart {
    background-color: #f8f8f8;
    border: 1px solid #ddd;
    padding: 8px;
    margin: 16px 0;
}

span.price1 {
    color: #333 !important;
    font-weight: bold;
    font-size: 80% !important;
    line-height: 30px;
    display: inline-block;
    margin-right: 16px;
}

-->
</style>

<!--バナーエリア-->

<!--【消すな！】★★★ height=""380"" で設定してください。★★★-->
<!--バナーエリアここまで-->

<!--楽天キャンペーン-->

<h2 style=""margin:20px 0 10px 0;""><img src=""http://www.rakuten.ne.jp/gold/akibamac/frame/images/rakuten_title2.gif"" alt=""楽天市場のお得なキャンペーン"" width=""730"" height=""42"" border=""0""></h2>
<div class=""rakuten-camp"" style=""margin:0 0 0 0;"">


<!--楽天キャンペーン@ここまで-->",サンワサプライカテゴリー6対応 LANケーブル （ブラック・0.5m） LA-FL6-005BK (LAFL6005BK)：ソフマップ　デジタルコレクション,ソフマップ デジタルコレクションSofmap Digital CollectionパソコンタブレットPCHDDアセンブリパーツパソコンパーツテレビゲームブルーレイソフトDVDソフト液晶テレビブルーレイディスクレコーダーデジタル一眼レフカメラデジタルカメラ家電時計中古　ソフトアウトレット中古ノートパソコン中古パソコンサンワサプライカテゴリー6対応 LANケーブル （ブラック・0.5m） LA-FL6-005BK (LAFL6005BK),サンワサプライカテゴリー6対応 LANケーブル （ブラック・0.5m） LA-FL6-005BK (LAFL6005BK)[rn]
8-97296,http://tshop.r10s.jp/akibamac/cabinet/04487524/4953103747678.jpg?fitin=700:700,360.8000,,パソコン・周辺機器 > PCアクセサリー > ケーブル > LANケーブル,エレコムカテゴリー6準拠やわらかLANケーブル[短尺・ツメ折れ防止タイプ]（2本入り/0.15m・ブラック） LD-GPYTB/BK015W (LDGPYTBBK015W),,"<table border=""0"" cellpadding=""0"" cellspacing=""0"" width=""710"" style=""line-height:140%;""><tr><td><font size=""2"">〔ツメ折れ防止短尺LANケーブル（0.15m・ブラック/2本入り/結束バンド2個 ）〕<br>短い長さで配線スッキリ＆ダブル構造採用で絶対にツメが折れない！<br>カテゴリー6に準拠した短尺タイプのやわらかLANケーブル。 <br><br>■ 短尺タイプのやわらかLANケーブル<br> 短い長さで配線スッキリ＆ダブル構造採用で絶対にツメが折れない！<br> カテゴリー6に準拠した短尺タイプのやわらかLANケーブル。<br><br>■ スッキリと配線可能<br> 短い長さでケーブルが余らず、スッキリと配線可能です。<br> モデムと無線LANルータなど、隣接する機器の接続に最適な短尺LANケーブルです。 <br><br>■ スッキリと配線可能<br> きれいな配線に役立つケーブル用結束バンドが付属しています。<br><br>■ カテゴリー6に準拠<br> 1000BASE-TXや1000BASE-Tといったギガビットでも、安定したネットワーク環境を実現するカテゴリー6に準拠しています。 <br><br>■ ギガビット・イーサネットの高速通信に最適<br> 周波数帯域250MHzを保証し、ギガビット・イーサネットの高速通信に最適です。 <br><br>■ 耐久性が高い新素材コネクタを採用したダブル構造<br> ツメ折れ防止プロテクタと屈曲に対する耐久性が高い新素材コネクタを採用したダブル構造で、<br> 通常の使用環境では絶対にツメが折れません。※1000回の屈曲検査に合格（エレコム検証）<br><br>■ 長期にわたってしっかりとLANポートに固定することが可能<br>ツメ折れによるケーブルの脱落が防げ、<br> 長期にわたってしっかりとLANポートに固定することができます。<br><br>■ ケーブル内に十字介在を入れることで安定したデータ転送を実現<br> ケーブル内に十字介在を入れることで信号の干渉を防止し、安定したデータ転送を実現します。<br><br>■ 取り回しがしやすいツイストペア（ヨリ対線）仕様<br> 単線に比べてやわらかく、取り回しがしやすいツイストペア（ヨリ対線）仕様です。<br><br>■ スリムコネクタを採用<br> 隣接するポートに干渉することがないスリムコネクタを採用しています。<br><br></font></td></tr></table><style type=""text/css"">
<!--
.rakuten-camp {
	width: 725px;
	border: 2px solid #3399FF;
	padding-top: 5px;
	-moz-border-radius:4px; /*Firefox*/
	-webkit-border-radius: 4px; /*Safari,Chrome*/
	border-radius:4px; /*Opera,Chrome*/
	margin:0 10px 10px 0;
}

/* 価格に枠線がつく */
table#rakutenLimitedId_cart {
    background-color: #f8f8f8;
    border: 1px solid #ddd;
    padding: 8px;
    margin: 16px 0;
}

span.price1 {
    color: #333 !important;
    font-weight: bold;
    font-size: 80% !important;
    line-height: 30px;
    display: inline-block;
    margin-right: 16px;
}

-->
</style>

<!--バナーエリア-->

<!--【消すな！】★★★ height=""380"" で設定してください。★★★-->
<!--バナーエリアここまで-->

<!--楽天キャンペーン-->

<h2 style=""margin:20px 0 10px 0;""><img src=""http://www.rakuten.ne.jp/gold/akibamac/frame/images/rakuten_title2.gif"" alt=""楽天市場のお得なキャンペーン"" width=""730"" height=""42"" border=""0""></h2>
<div class=""rakuten-camp"" style=""margin:0 0 0 0;"">


<!--楽天キャンペーン@ここまで-->",エレコムカテゴリー6準拠やわらかLANケーブル[短尺・ツメ折れ防止タイプ]（2本入り/0.15m・ブラック） LD-GPYTB/BK015W (LDGPYTBBK015W)：ソフマップ　デジタルコレクション,ソフマップ デジタルコレクションSofmap Digital CollectionパソコンタブレットPCHDDアセンブリパーツパソコンパーツテレビゲームブルーレイソフトDVDソフト液晶テレビブルーレイディスクレコーダーデジタル一眼レフカメラデジタルカメラ家電時計中古　ソフトアウトレット中古ノートパソコン中古パソコンエレコムカテゴリー6準拠やわらかLANケーブル[短尺・ツメ折れ防止タイプ]（2本入り/0.15m・ブラック） LD-GPYTB/BK015W (LDGPYTBBK015W),エレコムカテゴリー6準拠やわらかLANケーブル[短尺・ツメ折れ防止タイプ]（2本入り/0.15m・ブラック） LD-GPYTB/BK015W (LDGPYTBBK015W)[rn]
8-97297,http://tshop.r10s.jp/akibamac/cabinet/04487524/4969887840979.jpg?fitin=700:700,168.0000,,パソコン・周辺機器 > PCアクセサリー > ケーブル > LANケーブル,サンワサプライカテゴリー6対応 LANケーブル （ホワイト・0.5m） LA-Y6-005W (LAY6005W),,"<table border=""0"" cellpadding=""0"" cellspacing=""0"" width=""710"" style=""line-height:140%;""><tr><td><font size=""2"">［CAT6、0.5m、ホワイト］<br>やわらかいより線タイプ、爪折れ防止カバー付きギガビット対応カテゴリ6 LANケーブル。<br><br>◆伝送速度1000Mbps（1Gbps）、伝送帯域250MHzを実現した、ギガビット完全対応LANケーブルです。<br>◆単線に比べて柔らかく、取り回しが楽な「より線」仕様です。<br>◆コネクタ部の爪が折れにくいよう、ラッチカバー付きコネクタを採用しています。<br><br></font></td></tr></table><style type=""text/css"">
<!--
.rakuten-camp {
	width: 725px;
	border: 2px solid #3399FF;
	padding-top: 5px;
	-moz-border-radius:4px; /*Firefox*/
	-webkit-border-radius: 4px; /*Safari,Chrome*/
	border-radius:4px; /*Opera,Chrome*/
	margin:0 10px 10px 0;
}

/* 価格に枠線がつく */
table#rakutenLimitedId_cart {
    background-color: #f8f8f8;
    border: 1px solid #ddd;
    padding: 8px;
    margin: 16px 0;
}

span.price1 {
    color: #333 !important;
    font-weight: bold;
    font-size: 80% !important;
    line-height: 30px;
    display: inline-block;
    margin-right: 16px;
}

-->
</style>

<!--バナーエリア-->

<!--【消すな！】★★★ height=""380"" で設定してください。★★★-->
<!--バナーエリアここまで-->

<!--楽天キャンペーン-->

<h2 style=""margin:20px 0 10px 0;""><img src=""http://www.rakuten.ne.jp/gold/akibamac/frame/images/rakuten_title2.gif"" alt=""楽天市場のお得なキャンペーン"" width=""730"" height=""42"" border=""0""></h2>
<div class=""rakuten-camp"" style=""margin:0 0 0 0;"">


<!--楽天キャンペーン@ここまで-->",サンワサプライカテゴリー6対応 LANケーブル （ホワイト・0.5m） LA-Y6-005W (LAY6005W)：ソフマップ　デジタルコレクション,ソフマップ デジタルコレクションSofmap Digital CollectionパソコンタブレットPCHDDアセンブリパーツパソコンパーツテレビゲームブルーレイソフトDVDソフト液晶テレビブルーレイディスクレコーダーデジタル一眼レフカメラデジタルカメラ家電時計中古　ソフトアウトレット中古ノートパソコン中古パソコンサンワサプライカテゴリー6対応 LANケーブル （ホワイト・0.5m） LA-Y6-005W (LAY6005W),サンワサプライカテゴリー6対応 LANケーブル （ホワイト・0.5m） LA-Y6-005W (LAY6005W)[rn]
8-97298,http://tshop.r10s.jp/akibamac/cabinet/03145114/4953103190405.jpg?fitin=700:700,345.6000,,パソコン・周辺機器 > PCアクセサリー > ケーブル > LANケーブル,エレコム LD-CTS1/RS(エンハンスドカテゴリ5 ストレート LANケーブル/1m/ブルー) (LDCTS1RS),,"<br><table border=""0"" cellpadding=""0"" cellspacing=""0"" width=""710"" style=""line-height:140%;""><tr><td><font size=""2"">◆ノイズに強いSTPケーブル  STPケーブルとは、内部のケーブルをシールドで保護したケーブルのことです。周囲からのノイズに強く、オフィス、工場、市街地などノイズの影響を受けやすい場所での使用やADSL環境でのモデム～ルータ・パソコン間のノイズ対策に適しています。    ◆EU RoHS指令に準拠    ◆ADSL/FTTH/CATV環境にも対応<br><br></font></td></tr></table><table cellspacing=""0"" cellpadding=""4"" border=""1"" width=""710"" bordercolor=""#cccccc""><tr><td width=""180"" bgcolor=""#efefef""><font size=""2"">商品名</font></td><td width=""530""><font size=""2"">エンハンスド・カテゴリー5対応 STPケーブル（1m・ブルー）　LD-CTS1/RS</font></td></tr><tr><td width=""180"" bgcolor=""#efefef""><font size=""2"">商品名</font></td><td width=""530""><font size=""2"">エンハンスド・カテゴリー5対応 STPケーブル（1m・ブルー）　LD-CTS1/RS</font></td></tr><tr><td width=""180"" bgcolor=""#efefef""><font size=""2"">メーカー</font></td><td width=""530""><font size=""2"">エレコム</font></td></tr><tr><td width=""180"" bgcolor=""#efefef""><font size=""2"">メーカー</font></td><td width=""530""><font size=""2"">エレコム</font></td></tr><tr><td width=""180"" bgcolor=""#efefef""><font size=""2"">シリーズ名/愛称</font></td><td width=""530""><font size=""2"">LD-CTS/RSシリーズ</font></td></tr><tr><td width=""180"" bgcolor=""#efefef""><font size=""2"">シリーズ名/愛称</font></td><td width=""530""><font size=""2"">LD-CTS/RSシリーズ</font></td></tr><tr><td width=""180"" bgcolor=""#efefef""><font size=""2"">型番</font></td><td width=""530""><font size=""2"">LD-CTS1/RS</font></td></tr><tr><td width=""180"" bgcolor=""#efefef""><font size=""2"">型番</font></td><td width=""530""><font size=""2"">LD-CTS1/RS</font></td></tr><tr><td width=""180"" bgcolor=""#efefef""><font size=""2"">JANコード</font></td><td width=""530""><font size=""2"">4953103190405</font></td></tr><tr><td width=""180"" bgcolor=""#efefef""><font size=""2"">JANコード</font></td><td width=""530""><font size=""2"">4953103190405</font></td></tr><tr><td width=""180"" bgcolor=""#efefef""><font size=""2"">色</font></td><td width=""530""><font size=""2"">ブルー</font></td></tr><tr><td width=""180"" bgcolor=""#efefef""><font size=""2"">色</font></td><td width=""530""><font size=""2"">ブルー</font></td></tr><tr><td width=""180"" bgcolor=""#efefef""><font size=""2"">発売年月</font></td><td width=""530""><font size=""2"">39417</font></td></tr><tr><td width=""180"" bgcolor=""#efefef""><font size=""2"">発売年月</font></td><td width=""530""><font size=""2"">39417</font></td></tr><tr><td width=""180"" bgcolor=""#efefef""><font size=""2"">ケーブル長さ</font></td><td width=""530""><font size=""2"">1m</font></td></tr><tr><td width=""180"" bgcolor=""#efefef""><font size=""2"">ケーブル長さ</font></td><td width=""530""><font size=""2"">1m</font></td></tr><tr><td width=""180"" bgcolor=""#efefef""><font size=""2"">コネクタ形状</font></td><td width=""530""><font size=""2"">RJ-45</font></td></tr><tr><td width=""180"" bgcolor=""#efefef""><font size=""2"">コネクタ形状</font></td><td width=""530""><font size=""2"">RJ-45</font></td></tr><tr><td width=""180"" bgcolor=""#efefef""><font size=""2"">ケーブル構造</font></td><td width=""530""><font size=""2"">単線／8芯</font></td></tr><tr><td width=""180"" bgcolor=""#efefef""><font size=""2"">ケーブル構造</font></td><td width=""530""><font size=""2"">単線／8芯</font></td></tr><tr><td width=""180"" bgcolor=""#efefef""><font size=""2"">対応伝送帯域</font></td><td width=""530""><font size=""2"">1000BASE-T、100BASE-TX、10BASE-T</font></td></tr><tr><td width=""180"" bgcolor=""#efefef""><font size=""2"">対応伝送帯域</font></td><td width=""530""><font size=""2"">1000BASE-T、100BASE-TX、10BASE-T</font></td></tr><tr><td width=""180"" bgcolor=""#efefef""><font size=""2"">特徴</font></td><td width=""530""><font size=""2"">ストレート結線</font></td></tr><tr><td width=""180"" bgcolor=""#efefef""><font size=""2"">特徴</font></td><td width=""530""><font size=""2"">ストレート結線</font></td></tr><tr><td width=""180"" bgcolor=""#efefef""><font size=""2"">単線・より線</font></td><td width=""530""><font size=""2"">単線</font></td></tr><tr><td width=""180"" bgcolor=""#efefef""><font size=""2"">単線・より線</font></td><td width=""530""><font size=""2"">単線</font></td></tr><tr><td width=""180"" bgcolor=""#efefef""><font size=""2"">ストレート･クロス</font></td><td width=""530""><font size=""2"">ストレート</font></td></tr><tr><td width=""180"" bgcolor=""#efefef""><font size=""2"">ストレート･クロス</font></td><td width=""530""><font size=""2"">ストレート</font></td></tr></table><style type=""text/css"">
<!--
.rakuten-camp {
	width: 725px;
	border: 2px solid #3399FF;
	padding-top: 5px;
	-moz-border-radius:4px; /*Firefox*/
	-webkit-border-radius: 4px; /*Safari,Chrome*/
	border-radius:4px; /*Opera,Chrome*/
	margin:0 10px 10px 0;
}

/* 価格に枠線がつく */
table#rakutenLimitedId_cart {
    background-color: #f8f8f8;
    border: 1px solid #ddd;
    padding: 8px;
    margin: 16px 0;
}

span.price1 {
    color: #333 !important;
    font-weight: bold;
    font-size: 80% !important;
    line-height: 30px;
    display: inline-block;
    margin-right: 16px;
}

-->
</style>

<!--バナーエリア-->

<!--【消すな！】★★★ height=""380"" で設定してください。★★★-->
<!--バナーエリアここまで-->

<!--楽天キャンペーン-->

<h2 style=""margin:20px 0 10px 0;""><img src=""http://www.rakuten.ne.jp/gold/akibamac/frame/images/rakuten_title2.gif"" alt=""楽天市場のお得なキャンペーン"" width=""730"" height=""42"" border=""0""></h2>
<div class=""rakuten-camp"" style=""margin:0 0 0 0;"">


<!--楽天キャンペーン@ここまで-->",エレコム LD-CTS1/RS(エンハンスドカテゴリ5 ストレート LANケーブル/1m/ブルー) (LDCTS1RS)：ソフマップ　デジタルコレクション,ソフマップ デジタルコレクションSofmap Digital CollectionパソコンタブレットPCHDDアセンブリパーツパソコンパーツテレビゲームブルーレイソフトDVDソフト液晶テレビブルーレイディスクレコーダーデジタル一眼レフカメラデジタルカメラ家電時計中古　ソフトアウトレット中古ノートパソコン中古パソコンエレコム LD-CTS1/RS(エンハンスドカテゴリ5 ストレート LANケーブル/1m/ブルー) (LDCTS1RS),エレコム LD-CTS1/RS(エンハンスドカテゴリ5 ストレート LANケーブル/1m/ブルー) (LDCTS1RS)[rn]
8-97299,http://tshop.r10s.jp/akibamac/cabinet/04659793/4969887840986.jpg?fitin=700:700,192.8000,,パソコン・周辺機器 > PCアクセサリー > ケーブル > LANケーブル,サンワサプライカテゴリー6対応 LANケーブル （ホワイト・1.0m） LA-Y6-01W (LAY601W),,"<table border=""0"" cellpadding=""0"" cellspacing=""0"" width=""710"" style=""line-height:140%;""><tr><td><font size=""2"">［CAT6、1.0m、ホワイト］<br>やわらかいより線タイプ、爪折れ防止カバー付きギガビット対応カテゴリ6 LANケーブル。<br><br>◆伝送速度1000Mbps（1Gbps）、伝送帯域250MHzを実現した、ギガビット完全対応LANケーブルです。<br>◆単線に比べて柔らかく、取り回しが楽な「より線」仕様です。<br>◆コネクタ部の爪が折れにくいよう、ラッチカバー付きコネクタを採用しています。<br><br></font></td></tr></table><style type=""text/css"">
<!--
.rakuten-camp {
	width: 725px;
	border: 2px solid #3399FF;
	padding-top: 5px;
	-moz-border-radius:4px; /*Firefox*/
	-webkit-border-radius: 4px; /*Safari,Chrome*/
	border-radius:4px; /*Opera,Chrome*/
	margin:0 10px 10px 0;
}

/* 価格に枠線がつく */
table#rakutenLimitedId_cart {
    background-color: #f8f8f8;
    border: 1px solid #ddd;
    padding: 8px;
    margin: 16px 0;
}

span.price1 {
    color: #333 !important;
    font-weight: bold;
    font-size: 80% !important;
    line-height: 30px;
    display: inline-block;
    margin-right: 16px;
}

-->
</style>

<!--バナーエリア-->

<!--【消すな！】★★★ height=""380"" で設定してください。★★★-->
<!--バナーエリアここまで-->

<!--楽天キャンペーン-->

<h2 style=""margin:20px 0 10px 0;""><img src=""http://www.rakuten.ne.jp/gold/akibamac/frame/images/rakuten_title2.gif"" alt=""楽天市場のお得なキャンペーン"" width=""730"" height=""42"" border=""0""></h2>
<div class=""rakuten-camp"" style=""margin:0 0 0 0;"">


<!--楽天キャンペーン@ここまで-->",サンワサプライカテゴリー6対応 LANケーブル （ホワイト・1.0m） LA-Y6-01W (LAY601W)：ソフマップ　デジタルコレクション,ソフマップ デジタルコレクションSofmap Digital CollectionパソコンタブレットPCHDDアセンブリパーツパソコンパーツテレビゲームブルーレイソフトDVDソフト液晶テレビブルーレイディスクレコーダーデジタル一眼レフカメラデジタルカメラ家電時計中古　ソフトアウトレット中古ノートパソコン中古パソコンサンワサプライカテゴリー6対応 LANケーブル （ホワイト・1.0m） LA-Y6-01W (LAY601W),サンワサプライカテゴリー6対応 LANケーブル （ホワイト・1.0m） LA-Y6-01W (LAY601W)[rn]
8-97300,http://tshop.r10s.jp/akibamac/cabinet/04487524/4953103747661.jpg?fitin=700:700,208.0000,,パソコン・周辺機器 > PCアクセサリー > ケーブル > LANケーブル,エレコムカテゴリー6準拠やわらかLANケーブル[短尺・ツメ折れ防止タイプ]（0.3m・ブラック） LD-GPYTB/BK03 (LDGPYTBBK03),,"<table border=""0"" cellpadding=""0"" cellspacing=""0"" width=""710"" style=""line-height:140%;""><tr><td><font size=""2"">〔ツメ折れ防止短尺LANケーブル（0.3m・ブラック/結束バンド1個 ）〕<br>短い長さで配線スッキリ＆ダブル構造採用で絶対にツメが折れない！<br>カテゴリー6に準拠した短尺タイプのやわらかLANケーブル。 <br><br>■ 短尺タイプのやわらかLANケーブル<br> 短い長さで配線スッキリ＆ダブル構造採用で絶対にツメが折れない！<br> カテゴリー6に準拠した短尺タイプのやわらかLANケーブル。<br><br>■ スッキリと配線可能<br> 短い長さでケーブルが余らず、スッキリと配線可能です。<br> モデムと無線LANルータなど、隣接する機器の接続に最適な短尺LANケーブルです。 <br><br>■ スッキリと配線可能<br> きれいな配線に役立つケーブル用結束バンドが付属しています。<br><br>■ カテゴリー6に準拠<br> 1000BASE-TXや1000BASE-Tといったギガビットでも、安定したネットワーク環境を実現するカテゴリー6に準拠しています。 <br><br>■ ギガビット・イーサネットの高速通信に最適<br> 周波数帯域250MHzを保証し、ギガビット・イーサネットの高速通信に最適です。 <br><br>■ 耐久性が高い新素材コネクタを採用したダブル構造<br> ツメ折れ防止プロテクタと屈曲に対する耐久性が高い新素材コネクタを採用したダブル構造で、<br> 通常の使用環境では絶対にツメが折れません。※1000回の屈曲検査に合格（エレコム検証）<br><br>■ 長期にわたってしっかりとLANポートに固定することが可能<br>ツメ折れによるケーブルの脱落が防げ、<br> 長期にわたってしっかりとLANポートに固定することができます。<br><br>■ ケーブル内に十字介在を入れることで安定したデータ転送を実現<br> ケーブル内に十字介在を入れることで信号の干渉を防止し、安定したデータ転送を実現します。<br><br>■ 取り回しがしやすいツイストペア（ヨリ対線）仕様<br> 単線に比べてやわらかく、取り回しがしやすいツイストペア（ヨリ対線）仕様です。<br><br>■ スリムコネクタを採用<br> 隣接するポートに干渉することがないスリムコネクタを採用しています。<br><br></font></td></tr></table><style type=""text/css"">
<!--
.rakuten-camp {
	width: 725px;
	border: 2px solid #3399FF;
	padding-top: 5px;
	-moz-border-radius:4px; /*Firefox*/
	-webkit-border-radius: 4px; /*Safari,Chrome*/
	border-radius:4px; /*Opera,Chrome*/
	margin:0 10px 10px 0;
}

/* 価格に枠線がつく */
table#rakutenLimitedId_cart {
    background-color: #f8f8f8;
    border: 1px solid #ddd;
    padding: 8px;
    margin: 16px 0;
}

span.price1 {
    color: #333 !important;
    font-weight: bold;
    font-size: 80% !important;
    line-height: 30px;
    display: inline-block;
    margin-right: 16px;
}

-->
</style>

<!--バナーエリア-->

<!--【消すな！】★★★ height=""380"" で設定してください。★★★-->
<!--バナーエリアここまで-->

<!--楽天キャンペーン-->

<h2 style=""margin:20px 0 10px 0;""><img src=""http://www.rakuten.ne.jp/gold/akibamac/frame/images/rakuten_title2.gif"" alt=""楽天市場のお得なキャンペーン"" width=""730"" height=""42"" border=""0""></h2>
<div class=""rakuten-camp"" style=""margin:0 0 0 0;"">


<!--楽天キャンペーン@ここまで-->",エレコムカテゴリー6準拠やわらかLANケーブル[短尺・ツメ折れ防止タイプ]（0.3m・ブラック） LD-GPYTB/BK03 (LDGPYTBBK03)：ソフマップ　デジタルコレクション,ソフマップ デジタルコレクションSofmap Digital CollectionパソコンタブレットPCHDDアセンブリパーツパソコンパーツテレビゲームブルーレイソフトDVDソフト液晶テレビブルーレイディスクレコーダーデジタル一眼レフカメラデジタルカメラ家電時計中古　ソフトアウトレット中古ノートパソコン中古パソコンエレコムカテゴリー6準拠やわらかLANケーブル[短尺・ツメ折れ防止タイプ]（0.3m・ブラック） LD-GPYTB/BK03 (LDGPYTBBK03),エレコムカテゴリー6準拠やわらかLANケーブル[短尺・ツメ折れ防止タイプ]（0.3m・ブラック） LD-GPYTB/BK03 (LDGPYTBBK03)[rn]
8-97301,http://tshop.r10s.jp/akibamac/cabinet/03145114/4953103190429.jpg?fitin=700:700,460.0000,,パソコン・周辺機器 > PCアクセサリー > ケーブル > LANケーブル,エレコム LD-CTS3/RS(エンハンスドカテゴリ5 ストレート LANケーブル/3m/ブルー) (LDCTS3RS),,"<br><table border=""0"" cellpadding=""0"" cellspacing=""0"" width=""710"" style=""line-height:140%;""><tr><td><font size=""2"">◆ノイズに強いSTPケーブル  STPケーブルとは、内部のケーブルをシールドで保護したケーブルのことです。周囲からのノイズに強く、オフィス、工場、市街地などノイズの影響を受けやすい場所での使用やADSL環境でのモデム～ルータ・パソコン間のノイズ対策に適しています。    ◆EU RoHS指令に準拠    ◆ADSL/FTTH/CATV環境にも対応<br><br></font></td></tr></table><table cellspacing=""0"" cellpadding=""4"" border=""1"" width=""710"" bordercolor=""#cccccc""><tr><td width=""180"" bgcolor=""#efefef""><font size=""2"">商品名</font></td><td width=""530""><font size=""2"">エンハンスド・カテゴリー5対応 STPケーブル（3m・ブルー）　LD-CTS3/RS</font></td></tr><tr><td width=""180"" bgcolor=""#efefef""><font size=""2"">商品名</font></td><td width=""530""><font size=""2"">エンハンスド・カテゴリー5対応 STPケーブル（3m・ブルー）　LD-CTS3/RS</font></td></tr><tr><td width=""180"" bgcolor=""#efefef""><font size=""2"">メーカー</font></td><td width=""530""><font size=""2"">エレコム</font></td></tr><tr><td width=""180"" bgcolor=""#efefef""><font size=""2"">メーカー</font></td><td width=""530""><font size=""2"">エレコム</font></td></tr><tr><td width=""180"" bgcolor=""#efefef""><font size=""2"">シリーズ名/愛称</font></td><td width=""530""><font size=""2"">LD-CTS/RSシリーズ</font></td></tr><tr><td width=""180"" bgcolor=""#efefef""><font size=""2"">シリーズ名/愛称</font></td><td width=""530""><font size=""2"">LD-CTS/RSシリーズ</font></td></tr><tr><td width=""180"" bgcolor=""#efefef""><font size=""2"">型番</font></td><td width=""530""><font size=""2"">LD-CTS3/RS</font></td></tr><tr><td width=""180"" bgcolor=""#efefef""><font size=""2"">型番</font></td><td width=""530""><font size=""2"">LD-CTS3/RS</font></td></tr><tr><td width=""180"" bgcolor=""#efefef""><font size=""2"">JANコード</font></td><td width=""530""><font size=""2"">4953103190429</font></td></tr><tr><td width=""180"" bgcolor=""#efefef""><font size=""2"">JANコード</font></td><td width=""530""><font size=""2"">4953103190429</font></td></tr><tr><td width=""180"" bgcolor=""#efefef""><font size=""2"">色</font></td><td width=""530""><font size=""2"">ブルー</font></td></tr><tr><td width=""180"" bgcolor=""#efefef""><font size=""2"">色</font></td><td width=""530""><font size=""2"">ブルー</font></td></tr><tr><td width=""180"" bgcolor=""#efefef""><font size=""2"">発売年月</font></td><td width=""530""><font size=""2"">39417</font></td></tr><tr><td width=""180"" bgcolor=""#efefef""><font size=""2"">発売年月</font></td><td width=""530""><font size=""2"">39417</font></td></tr><tr><td width=""180"" bgcolor=""#efefef""><font size=""2"">ケーブル長さ</font></td><td width=""530""><font size=""2"">3m</font></td></tr><tr><td width=""180"" bgcolor=""#efefef""><font size=""2"">ケーブル長さ</font></td><td width=""530""><font size=""2"">3m</font></td></tr><tr><td width=""180"" bgcolor=""#efefef""><font size=""2"">コネクタ形状</font></td><td width=""530""><font size=""2"">RJ-45</font></td></tr><tr><td width=""180"" bgcolor=""#efefef""><font size=""2"">コネクタ形状</font></td><td width=""530""><font size=""2"">RJ-45</font></td></tr><tr><td width=""180"" bgcolor=""#efefef""><font size=""2"">ケーブル構造</font></td><td width=""530""><font size=""2"">単線／8芯</font></td></tr><tr><td width=""180"" bgcolor=""#efefef""><font size=""2"">ケーブル構造</font></td><td width=""530""><font size=""2"">単線／8芯</font></td></tr><tr><td width=""180"" bgcolor=""#efefef""><font size=""2"">対応伝送帯域</font></td><td width=""530""><font size=""2"">1000BASE-T、100BASE-TX、10BASE-T</font></td></tr><tr><td width=""180"" bgcolor=""#efefef""><font size=""2"">対応伝送帯域</font></td><td width=""530""><font size=""2"">1000BASE-T、100BASE-TX、10BASE-T</font></td></tr><tr><td width=""180"" bgcolor=""#efefef""><font size=""2"">特徴</font></td><td width=""530""><font size=""2"">ストレート結線</font></td></tr><tr><td width=""180"" bgcolor=""#efefef""><font size=""2"">特徴</font></td><td width=""530""><font size=""2"">ストレート結線</font></td></tr><tr><td width=""180"" bgcolor=""#efefef""><font size=""2"">単線・より線</font></td><td width=""530""><font size=""2"">単線</font></td></tr><tr><td width=""180"" bgcolor=""#efefef""><font size=""2"">単線・より線</font></td><td width=""530""><font size=""2"">単線</font></td></tr><tr><td width=""180"" bgcolor=""#efefef""><font size=""2"">ストレート・クロス</font></td><td width=""530""><font size=""2"">ストレート</font></td></tr><tr><td width=""180"" bgcolor=""#efefef""><font size=""2"">ストレート・クロス</font></td><td width=""530""><font size=""2"">ストレート</font></td></tr></table><style type=""text/css"">
<!--
.rakuten-camp {
	width: 725px;
	border: 2px solid #3399FF;
	padding-top: 5px;
	-moz-border-radius:4px; /*Firefox*/
	-webkit-border-radius: 4px; /*Safari,Chrome*/
	border-radius:4px; /*Opera,Chrome*/
	margin:0 10px 10px 0;
}

/* 価格に枠線がつく */
table#rakutenLimitedId_cart {
    background-color: #f8f8f8;
    border: 1px solid #ddd;
    padding: 8px;
    margin: 16px 0;
}

span.price1 {
    color: #333 !important;
    font-weight: bold;
    font-size: 80% !important;
    line-height: 30px;
    display: inline-block;
    margin-right: 16px;
}

-->
</style>

<!--バナーエリア-->

<!--【消すな！】★★★ height=""380"" で設定してください。★★★-->
<!--バナーエリアここまで-->

<!--楽天キャンペーン-->

<h2 style=""margin:20px 0 10px 0;""><img src=""http://www.rakuten.ne.jp/gold/akibamac/frame/images/rakuten_title2.gif"" alt=""楽天市場のお得なキャンペーン"" width=""730"" height=""42"" border=""0""></h2>
<div class=""rakuten-camp"" style=""margin:0 0 0 0;"">


<!--楽天キャンペーン@ここまで-->",エレコム LD-CTS3/RS(エンハンスドカテゴリ5 ストレート LANケーブル/3m/ブルー) (LDCTS3RS)：ソフマップ　デジタルコレクション,ソフマップ デジタルコレクションSofmap Digital CollectionパソコンタブレットPCHDDアセンブリパーツパソコンパーツテレビゲームブルーレイソフトDVDソフト液晶テレビブルーレイディスクレコーダーデジタル一眼レフカメラデジタルカメラ家電時計中古　ソフトアウトレット中古ノートパソコン中古パソコンエレコム LD-CTS3/RS(エンハンスドカテゴリ5 ストレート LANケーブル/3m/ブルー) (LDCTS3RS),エレコム LD-CTS3/RS(エンハンスドカテゴリ5 ストレート LANケーブル/3m/ブルー) (LDCTS3RS)[rn]
8-97302,http://tshop.r10s.jp/akibamac/cabinet/04544162/4953103202863.jpg?fitin=700:700,209.6000,,パソコン・周辺機器 > PCアクセサリー > ケーブル > LANケーブル,エレコムLD-CTY/BK3(エンハンスドカテゴリ5 ストレート やわらかLANケーブル/3m/ブラック) (LD-CTYBK3),,"<table border=""0"" cellpadding=""0"" cellspacing=""0"" width=""710"" style=""line-height:140%;""><tr><td><font size=""2"">「細く」「やわらかく」することで、ケーブルの取り回しが容易になったエンハンスド・カテゴリー5準拠の""やわらかLANケーブル""です。 やわらかく、せまい場所でも楽に取り回せるので、きれいに配線することができます。<br><br></font></td></tr></table><table cellspacing=""0"" cellpadding=""4"" border=""1"" width=""710"" bordercolor=""#cccccc""><tr><td width=""180"" bgcolor=""#efefef""><font size=""2"">商品名</font></td><td width=""530""><font size=""2"">CAT5E準拠 やわらかLANケーブル （ブラック・3m）　 LD-CTY/BK3</font></td></tr><tr><td width=""180"" bgcolor=""#efefef""><font size=""2"">メーカー</font></td><td width=""530""><font size=""2"">エレコム</font></td></tr><tr><td width=""180"" bgcolor=""#efefef""><font size=""2"">型番</font></td><td width=""530""><font size=""2"">LD-CTY/BK3</font></td></tr><tr><td width=""180"" bgcolor=""#efefef""><font size=""2"">JANコード</font></td><td width=""530""><font size=""2"">4953103202863</font></td></tr><tr><td width=""180"" bgcolor=""#efefef""><font size=""2"">色</font></td><td width=""530""><font size=""2"">ブラック</font></td></tr><tr><td width=""180"" bgcolor=""#efefef""><font size=""2"">発売年月</font></td><td width=""530""><font size=""2"">2008/06</font></td></tr><tr><td width=""180"" bgcolor=""#efefef""><font size=""2"">ケーブル長さ</font></td><td width=""530""><font size=""2"">3m</font></td></tr><tr><td width=""180"" bgcolor=""#efefef""><font size=""2"">ケーブル構造</font></td><td width=""530""><font size=""2"">ヨリ線・ストレート</font></td></tr><tr><td width=""180"" bgcolor=""#efefef""><font size=""2"">対応環境（機器）</font></td><td width=""530""><font size=""2"">1000BASE-T、100BASE-TX、10BASE-T</font></td></tr><tr><td width=""180"" bgcolor=""#efefef""><font size=""2"">単線・より線</font></td><td width=""530""><font size=""2"">より線</font></td></tr><tr><td width=""180"" bgcolor=""#efefef""><font size=""2"">ストレート･クロス</font></td><td width=""530""><font size=""2"">ストレート</font></td></tr><tr><td width=""180"" bgcolor=""#efefef""><font size=""2"">s001#長さで選ぶ</font></td><td width=""530""><font size=""2"">004#3m～</font></td></tr><tr><td width=""180"" bgcolor=""#efefef""><font size=""2"">s002#カテゴリーで選ぶ</font></td><td width=""530""><font size=""2"">002#カテゴリー5e</font></td></tr><tr><td width=""180"" bgcolor=""#efefef""><font size=""2"">s003#タイプで選ぶ</font></td><td width=""530""><font size=""2"">001#スタンダード</font></td></tr><tr><td width=""180"" bgcolor=""#efefef""><font size=""2"">s004#色で選ぶ</font></td><td width=""530""><font size=""2"">002#ブラック系</font></td></tr><tr><td width=""180"" bgcolor=""#efefef""><font size=""2"">商品名</font></td><td width=""530""><font size=""2"">CAT5E準拠 やわらかLANケーブル （ブラック・3m）　 LD-CTY/BK3</font></td></tr><tr><td width=""180"" bgcolor=""#efefef""><font size=""2"">メーカー</font></td><td width=""530""><font size=""2"">エレコム</font></td></tr><tr><td width=""180"" bgcolor=""#efefef""><font size=""2"">型番</font></td><td width=""530""><font size=""2"">LD-CTY/BK3</font></td></tr><tr><td width=""180"" bgcolor=""#efefef""><font size=""2"">JANコード</font></td><td width=""530""><font size=""2"">4953103202863</font></td></tr><tr><td width=""180"" bgcolor=""#efefef""><font size=""2"">色</font></td><td width=""530""><font size=""2"">ブラック</font></td></tr><tr><td width=""180"" bgcolor=""#efefef""><font size=""2"">発売年月</font></td><td width=""530""><font size=""2"">2008/06</font></td></tr><tr><td width=""180"" bgcolor=""#efefef""><font size=""2"">ケーブル長さ</font></td><td width=""530""><font size=""2"">3m</font></td></tr><tr><td width=""180"" bgcolor=""#efefef""><font size=""2"">ケーブル構造</font></td><td width=""530""><font size=""2"">ヨリ線・ストレート</font></td></tr><tr><td width=""180"" bgcolor=""#efefef""><font size=""2"">対応環境（機器）</font></td><td width=""530""><font size=""2"">1000BASE-T、100BASE-TX、10BASE-T</font></td></tr><tr><td width=""180"" bgcolor=""#efefef""><font size=""2"">単線・より線</font></td><td width=""530""><font size=""2"">より線</font></td></tr><tr><td width=""180"" bgcolor=""#efefef""><font size=""2"">ストレート･クロス</font></td><td width=""530""><font size=""2"">ストレート</font></td></tr><tr><td width=""180"" bgcolor=""#efefef""><font size=""2"">s001#長さで選ぶ</font></td><td width=""530""><font size=""2"">004#3m～</font></td></tr><tr><td width=""180"" bgcolor=""#efefef""><font size=""2"">s002#カテゴリーで選ぶ</font></td><td width=""530""><font size=""2"">002#カテゴリー5e</font></td></tr><tr><td width=""180"" bgcolor=""#efefef""><font size=""2"">s003#タイプで選ぶ</font></td><td width=""530""><font size=""2"">001#スタンダード</font></td></tr><tr><td width=""180"" bgcolor=""#efefef""><font size=""2"">s004#色で選ぶ</font></td><td width=""530""><font size=""2"">002#ブラック系</font></td></tr></table><style type=""text/css"">
<!--
.rakuten-camp {
	width: 725px;
	border: 2px solid #3399FF;
	padding-top: 5px;
	-moz-border-radius:4px; /*Firefox*/
	-webkit-border-radius: 4px; /*Safari,Chrome*/
	border-radius:4px; /*Opera,Chrome*/
	margin:0 10px 10px 0;
}

/* 価格に枠線がつく */
table#rakutenLimitedId_cart {
    background-color: #f8f8f8;
    border: 1px solid #ddd;
    padding: 8px;
    margin: 16px 0;
}

span.price1 {
    color: #333 !important;
    font-weight: bold;
    font-size: 80% !important;
    line-height: 30px;
    display: inline-block;
    margin-right: 16px;
}

-->
</style>

<!--バナーエリア-->

<!--【消すな！】★★★ height=""380"" で設定してください。★★★-->
<!--バナーエリアここまで-->

<!--楽天キャンペーン-->

<h2 style=""margin:20px 0 10px 0;""><img src=""http://www.rakuten.ne.jp/gold/akibamac/frame/images/rakuten_title2.gif"" alt=""楽天市場のお得なキャンペーン"" width=""730"" height=""42"" border=""0""></h2>
<div class=""rakuten-camp"" style=""margin:0 0 0 0;"">


<!--楽天キャンペーン@ここまで-->",エレコムLD-CTY/BK3(エンハンスドカテゴリ5 ストレート やわらかLANケーブル/3m/ブラック) (LD-CTYBK3)：ソフマップ　デジタルコレクション,ソフマップ デジタルコレクションSofmap Digital CollectionパソコンタブレットPCHDDアセンブリパーツパソコンパーツテレビゲームブルーレイソフトDVDソフト液晶テレビブルーレイディスクレコーダーデジタル一眼レフカメラデジタルカメラ家電時計中古　ソフトアウトレット中古ノートパソコン中古パソコンエレコムLD-CTY/BK3(エンハンスドカテゴリ5 ストレート やわらかLANケーブル/3m/ブラック) (LD-CTYBK3),エレコムLD-CTY/BK3(エンハンスドカテゴリ5 ストレート やわらかLANケーブル/3m/ブラック) (LD-CTYBK3)[rn]
8-97303,http://tshop.r10s.jp/akibamac/cabinet/03447152/4953103646483.jpg?fitin=700:700,3012.8000,,パソコン・周辺機器 > PCアクセサリー > ケーブル > LANケーブル,エレコム LD-TWSFT/BM100 カテゴリ7対応ツメ折れ防止フラットLANケーブル (10m) (LDTWSFTBM100),,"<table border=""0"" width="" 595"" id=""ItemInfo""><tr><td width=""100%""><font size=""2""><b>［CAT7、10m、ブルーメタリック］<br>プロテクタと新素材コネクタ採用のダブル構造で、通常の使用環境では絶対にツメが折れないLANケーブル。</b><br><br>◆ツメ折れ防止プロテクタと、屈曲に対する耐久性が高い新素材コネクタのダブル構造<br>ツメ折れ防止プロテクタと屈曲に対する耐久性が高い新素材コネクタを採用したダブル構造で、通常の使用環境では絶対にツメが折れないLANケーブルです。<br>※1000回の屈曲検査に合格（メーカー検証）<br><br>◆10G BASE-Tに完全対応し、高速で安定したネットワーク環境を実現します。<br>10G BASE-Tに完全対応し、高速で安定したネットワーク環境を実現します。ISO/IEC 11801対応 ClassFに準拠しています。<br><br>◆十字介在をなくしたツイストペア(ヨリ対線)仕様で、狭い場所での敷設も容易<br>カーペットの下やドアの隙間に配線できる薄さ約2.3mm、幅約7mmのフラットタイプです。 十字介在をなくしたツイストペア(ヨリ対線)仕様なので、柔らかく取り回しが簡単で、狭い場所での敷設も容易です。<br><br>◆金メッキシールドプラグを採用<br>サビなどに強く信号劣化を抑える金メッキシールドプラグを採用しています。ツメ折れによるケーブルの脱落が防げ、長期にわたってしっかりとLANポートに固定することができます。ケーブルの外皮には、「JIS C 3005」に相当した、火災の延焼原因になりにくい難燃性素材を使用しています。<br><br>◆EU RoHS指令に準拠した環境にやさしい製品<br>EU RoHS指令とは電気・電子機器に関する特定有害物質の使用制限についてEU（欧州連合）が決めた指令です。鉛（Pb）、水銀（Hg）、カドミウム（Cd）、六価クロム（Cr6+）、ポリ臭化ビフェニール（PBB）、ポリ臭化ジフェニルエーテル（PBDE）の6種類の使用を制限するもので、2006年7月にEUで施行されました。本製品ではすべての部分においてEU RoHS指令に準拠した素材を使用しています。<br><br><TABLE border=""1"" cellspacing=""1"" cellpadding=""4"" width=""100%"" bordercolor=""#111111"" style=""border-collapse: collapse""><tr><td width=180 bgcolor =""#F0F0F0""><font size=""2"">色</td><td width=400><font size=""2""> ブルーメタリック</td></tr><tr><td width=180 bgcolor =""#F0F0F0""><font size=""2"">本体サイズ</td><td width=400><font size=""2""> 【ケーブル太さ】2.3mm×7.0mm</td></tr><tr><td width=180 bgcolor =""#F0F0F0""><font size=""2"">カテゴリー</td><td width=400><font size=""2""> CAT7対応(10BASE-T/100BASE-TX/1000BASE-T/1000BASE-TX/10GBASE-T対応)</td></tr><tr><td width=180 bgcolor =""#F0F0F0""><font size=""2"">ケーブル長さ</td><td width=400><font size=""2""> 10m</td></tr><tr><td width=180 bgcolor =""#F0F0F0""><font size=""2"">コネクタ形状</td><td width=400><font size=""2""> ■コネクタ有無：両端コネクター付　■モールド加工コネクタ：○　■スリムコネクタ：○　■爪折れ防止カバー付コネクタ：○　■爪の折れないコネクタ：○</td></tr><tr><td width=180 bgcolor =""#F0F0F0""><font size=""2"">対応伝送帯域</td><td width=400><font size=""2""> 600MHz　【伝送速度】10Gbps</td></tr><tr><td width=180 bgcolor =""#F0F0F0""><font size=""2"">単線・より線</td><td width=400><font size=""2""> ヨリ線</td></tr><tr><td width=180 bgcolor =""#F0F0F0""><font size=""2"">ストレート・クロス</td><td width=400><font size=""2""> ストレート結線</td></tr></TABLE></font></TABLE></td></tr></table><style type=""text/css"">
<!--
.rakuten-camp {
	width: 725px;
	border: 2px solid #3399FF;
	padding-top: 5px;
	-moz-border-radius:4px; /*Firefox*/
	-webkit-border-radius: 4px; /*Safari,Chrome*/
	border-radius:4px; /*Opera,Chrome*/
	margin:0 10px 10px 0;
}

/* 価格に枠線がつく */
table#rakutenLimitedId_cart {
    background-color: #f8f8f8;
    border: 1px solid #ddd;
    padding: 8px;
    margin: 16px 0;
}

span.price1 {
    color: #333 !important;
    font-weight: bold;
    font-size: 80% !important;
    line-height: 30px;
    display: inline-block;
    margin-right: 16px;
}

-->
</style>

<!--バナーエリア-->

<!--【消すな！】★★★ height=""380"" で設定してください。★★★-->
<!--バナーエリアここまで-->

<!--楽天キャンペーン-->

<h2 style=""margin:20px 0 10px 0;""><img src=""http://www.rakuten.ne.jp/gold/akibamac/frame/images/rakuten_title2.gif"" alt=""楽天市場のお得なキャンペーン"" width=""730"" height=""42"" border=""0""></h2>
<div class=""rakuten-camp"" style=""margin:0 0 0 0;"">


<!--楽天キャンペーン@ここまで-->",エレコム LD-TWSFT/BM100 カテゴリ7対応ツメ折れ防止フラットLANケーブル (10m) (LDTWSFTBM100)：ソフマップ　デジタルコレクション,ソフマップ デジタルコレクションSofmap Digital CollectionパソコンタブレットPCHDDアセンブリパーツパソコンパーツテレビゲームブルーレイソフトDVDソフト液晶テレビブルーレイディスクレコーダーデジタル一眼レフカメラデジタルカメラ家電時計中古　ソフトアウトレット中古ノートパソコン中古パソコンエレコム LD-TWSFT/BM100 カテゴリ7対応ツメ折れ防止フラットLANケーブル (10m) (LDTWSFTBM100),エレコム LD-TWSFT/BM100 カテゴリ7対応ツメ折れ防止フラットLANケーブル (10m) (LDTWSFTBM100)[rn]
8-97304,http://tshop.r10s.jp/akibamac/cabinet/04720173/4953103418875.jpg?fitin=700:700,126.4000,,パソコン・周辺機器 > PCアクセサリー > ケーブル > LANケーブル,エレコムカテゴリー5e対応 LANケーブル （ホワイト・1.0m） LD-CTN/WH1 (LDCTNWH1),,"<table border=""0"" cellpadding=""0"" cellspacing=""0"" width=""710"" style=""line-height:140%;""><tr><td><font size=""2"">［CAT5e、1.0m、ホワイト］<br>安定したデータ転送が可能なカテゴリー5Eに対応した、スタンダードなLANケーブル。<br><br>◆安定したデータ転送が可能な、カテゴリー5E対応のスタンダードなLANケーブルです。<br>◆十字介在をなくしたヨリ線仕様なので、柔らかく取り回しが簡単で、狭い場所での敷設も容易です。<br>◆スリムコネクタを採用していますので、隣接するポートでも干渉することがありません。<br>◆コネクタの全長は約3cmとコンパクトなので、狭い場所でも取り回しが簡単です。<br>◆着脱やケーブルの振れによる結線部の断線に強い、モールド加工タイプです。<br>◆EUの「RoHS指令(電気・電子機器に対する特定有害物質の使用制限)」に準拠した環境にやさしい製品です。<br>◆PLC、ADSL回線、CATV回線、光通信回線、ISDN回線に対応しています。<br><br></font></td></tr></table><style type=""text/css"">
<!--
.rakuten-camp {
	width: 725px;
	border: 2px solid #3399FF;
	padding-top: 5px;
	-moz-border-radius:4px; /*Firefox*/
	-webkit-border-radius: 4px; /*Safari,Chrome*/
	border-radius:4px; /*Opera,Chrome*/
	margin:0 10px 10px 0;
}

/* 価格に枠線がつく */
table#rakutenLimitedId_cart {
    background-color: #f8f8f8;
    border: 1px solid #ddd;
    padding: 8px;
    margin: 16px 0;
}

span.price1 {
    color: #333 !important;
    font-weight: bold;
    font-size: 80% !important;
    line-height: 30px;
    display: inline-block;
    margin-right: 16px;
}

-->
</style>

<!--バナーエリア-->

<!--【消すな！】★★★ height=""380"" で設定してください。★★★-->
<!--バナーエリアここまで-->

<!--楽天キャンペーン-->

<h2 style=""margin:20px 0 10px 0;""><img src=""http://www.rakuten.ne.jp/gold/akibamac/frame/images/rakuten_title2.gif"" alt=""楽天市場のお得なキャンペーン"" width=""730"" height=""42"" border=""0""></h2>
<div class=""rakuten-camp"" style=""margin:0 0 0 0;"">


<!--楽天キャンペーン@ここまで-->",エレコムカテゴリー5e対応 LANケーブル （ホワイト・1.0m） LD-CTN/WH1 (LDCTNWH1)：ソフマップ　デジタルコレクション,ソフマップ デジタルコレクションSofmap Digital CollectionパソコンタブレットPCHDDアセンブリパーツパソコンパーツテレビゲームブルーレイソフトDVDソフト液晶テレビブルーレイディスクレコーダーデジタル一眼レフカメラデジタルカメラ家電時計中古　ソフトアウトレット中古ノートパソコン中古パソコンエレコムカテゴリー5e対応 LANケーブル （ホワイト・1.0m） LD-CTN/WH1 (LDCTNWH1),エレコムカテゴリー5e対応 LANケーブル （ホワイト・1.0m） LD-CTN/WH1 (LDCTNWH1)[rn]
8-97305,http://tshop.r10s.jp/akibamac/cabinet/04613487/4953103482593.jpg?fitin=700:700,1536.0000,,パソコン・周辺機器 > PCアクセサリー > ケーブル > LANケーブル,エレコム カテゴリー6対応LANケーブル ツメ折れ防止高耐久（5ｍ・ホワイト） LDGPHDT/WH50 (LDGPHDTWH50),,"<table border=""0"" cellpadding=""0"" cellspacing=""0"" width=""710"" style=""line-height:140%;""><tr><td><font size=""2"">■ ツメ折れ防止プロテクタと屈曲に対する耐久性が高い新素材コネクタを採用したダブル構造で、<br>通常の使用環境では絶対にツメが折れないLANケーブルです。<br>※1000回の屈曲検査に合格(エレコム社検証)<br><br>■ ツメ折れによるケーブルの脱落が防げ、<br>長期にわたってしっかりとLANポートに固定することができます。<br><br>■ 1000BASE-TXや1000BASE-Tといったギガビットでも、<br>安定したネットワーク環境を実現するカテゴリー6に準拠しています。<br><br>■ 周波数帯域250MHzを保証し、ギガビット・イーサネットの高速通信に最適です。<br><br>■ ケーブル内部にフィラーを使用した高密度配線構造と、<br>柔らかロングブッシュ採用による耐久性の向上により、ケーブルの断線を防ぎます。<br><br>■ 十字介在をなくしたツイストペア(ヨリ対線)仕様です。<br><br>■ 隣接するポートに干渉することがないスリムコネクタを採用しています。<br><br>■ EUの「RoHS指令(電気・電子機器に対する特定有害物質の使用制限)」に準拠した環境にやさしい製品です。<br><br></font></td></tr></table><style type=""text/css"">
<!--
.rakuten-camp {
	width: 725px;
	border: 2px solid #3399FF;
	padding-top: 5px;
	-moz-border-radius:4px; /*Firefox*/
	-webkit-border-radius: 4px; /*Safari,Chrome*/
	border-radius:4px; /*Opera,Chrome*/
	margin:0 10px 10px 0;
}

/* 価格に枠線がつく */
table#rakutenLimitedId_cart {
    background-color: #f8f8f8;
    border: 1px solid #ddd;
    padding: 8px;
    margin: 16px 0;
}

span.price1 {
    color: #333 !important;
    font-weight: bold;
    font-size: 80% !important;
    line-height: 30px;
    display: inline-block;
    margin-right: 16px;
}

-->
</style>

<!--バナーエリア-->

<!--【消すな！】★★★ height=""380"" で設定してください。★★★-->
<!--バナーエリアここまで-->

<!--楽天キャンペーン-->

<h2 style=""margin:20px 0 10px 0;""><img src=""http://www.rakuten.ne.jp/gold/akibamac/frame/images/rakuten_title2.gif"" alt=""楽天市場のお得なキャンペーン"" width=""730"" height=""42"" border=""0""></h2>
<div class=""rakuten-camp"" style=""margin:0 0 0 0;"">


<!--楽天キャンペーン@ここまで-->",エレコム カテゴリー6対応LANケーブル ツメ折れ防止高耐久（5ｍ・ホワイト） LDGPHDT/WH50 (LDGPHDTWH50)：ソフマップ　デジタルコレクション,ソフマップ デジタルコレクションSofmap Digital CollectionパソコンタブレットPCHDDアセンブリパーツパソコンパーツテレビゲームブルーレイソフトDVDソフト液晶テレビブルーレイディスクレコーダーデジタル一眼レフカメラデジタルカメラ家電時計中古　ソフトアウトレット中古ノートパソコン中古パソコンエレコム カテゴリー6対応LANケーブル ツメ折れ防止高耐久（5ｍ・ホワイト） LDGPHDT/WH50 (LDGPHDTWH50),エレコム カテゴリー6対応LANケーブル ツメ折れ防止高耐久（5ｍ・ホワイト） LDGPHDT/WH50 (LDGPHDTWH50)[rn]
